2 0.934967 0.279194 0.017423857336090975 0.02081260517284953
2 0.858895 0.184825 0.02285624466899989 0.01784672954602886
2 0.787247 0.202265 0.019767607336090887 0.020880801332783517
2 0.720187 0.211247 0.018250560669954296 0.024741587226160888
2 0.653998 0.228065 0.029160788669636162 0.02271608597251955
2 0.269052 0.301992 0.022947151336727156 0.02565922954602886
2 0.14745 0.321883 0.025972154002227167 0.017156407759274295
2 0.711014 0.563986 0.018968176002545432 0.019295569279472246
2 0.719036 0.582182 0.016660788669636162 0.022352373119538173
2 0.753584 0.66519 0.022093176002545435 0.0193864974927175
2 0.960179 0.633714 0.024382382001908808 0.0147671936526514
2 0.942955 0.562925 0.015961354670590566 0.029360891066226812
2 0.935496 0.526001 0.02760737933640911 0.023451871865896833
2 0.523905 0.592124 0.014271585335772486 0.018377926959604097
2 0.535815 0.608871 0.011918744668999892 0.01752848079967002
2 0.574242 0.68965 0.02282897266868176 0.015502979546028861
2 0.386978 0.704506 0.025990335335772663 0.018718907759274116
2 0.347234 0.644776 0.023728401336727066 0.02568196159934022
2 0.324986 0.612108 0.020667036004136108 0.031059783386094785
2 0.409872 0.792643 0.01745112933640893 0.02315635517284953
2 0.444819 0.842862 0.016633516669318026 0.02000862311953817
2 0.463006 0.862135 0.02442783533577266 0.0186734436526514
2 0.493257 0.911436 0.015071016669318028 0.019963159012915455
2 0.662543 0.895275 0.016660788669636162 0.022352373119537815
2 0.632247 0.842068 0.016742604670590744 0.029383623119538172
2 0.59302 0.759704 0.018250560669954296 0.024741587226160888
2 0.82021 0.887367 0.022883516669318028 0.020190479546028685
2 0.794447 0.821015 0.029260786004136462 0.03130983597251955
2 0.764604 0.739705 0.017387494668999894 0.01768760517284953
2 0.972316 0.725507 0.01376130623411811 0.01849158722616089
2 0.976792 0.788189 0.004808201225368691 0.014471676959604097
3 0.7492308703125 0.8674737453124999 0.7452740109375 0.8557126859374999 0.7353386265624999 0.8554235953125 0.7298011078125 0.83913734375 0.722745496875 0.8237027593749999 0.7156586015624999 0.8055797437500001 0.692563953125 0.7905743109375 0.6778553109375001 0.77402120625 0.672359503125 0.761319528125 0.661691140625 0.7636966328125 0.667228659375 0.7799828843750001 0.685758603125 0.796647178125 0.70440325 0.8231690546875001 0.7130916578125001 0.847609553125 0.72395814375 0.86225918125 0.7301660734375 0.8705023765625001 0.7492308703125 0.8674737453124999
1 0.9017598390625 0.3411535984375 0.6338395171875 0.39696145 0.6887096984375 0.5645477234375 0.9343299734375 0.525155371875 0.9017598390625 0.3411535984375
1 0.46796414531249997 0.5813942703125 0.3869860765625 0.4440744484375 0.15719304843749998 0.4792734109375 0.2502266390625 0.6293544578125 0.46796414531249997 0.5813942703125
1 0.5120172484375 0.61525350625 0.370841303125 0.6483770437499999 0.4275277578125 0.7446561015625 0.552948684375 0.7219332796875 0.5120172484375 0.61525350625
1 0.9214927156250001 0.558910571875 0.7511105515625001 0.583427765625 0.7867842953124999 0.69305716875 0.947974528125 0.6744777390625 0.9214927156250001 0.558910571875
1 0.96629894375 0.7711918828125001 0.8037310874999999 0.785077309375 0.8541072562500001 0.90754495625 0.987667521875 0.902123328125 0.96629894375 0.7711918828125001
1 0.5884237984375 0.814492540625 0.46425409531249995 0.8310465453125 0.539703615625 0.9480385281249999 0.6360988921875 0.9322276734375 0.5884237984375 0.814492540625
5 0.899193 0.225047 0.02053067600254508 0.019341033386094875
5 0.761248 0.249929 0.014335220003181704 0.023846676959604095
5 0.652927 0.270207 0.01989487667090888 0.031818301332783516
5 0.265636 0.344065 0.02374658267027261 0.02724446159934022
5 0.168162 0.356849 0.018277832670272564 0.0270853372261608