2 0.569854135264185 0.526128523290458 0.03851760733609062 0.021426370612255673
2 0.4215428099140949 0.645292397267926 0.03849942600254543 0.019863870612255675
2 0.3725962325748224 0.6876330099626229 0.039989200668363624 0.013659334718878391
2 0.2834150065643229 0.7624080379384413 0.035401698002863566 0.02211669239901042
2 0.28222467655955036 0.79754155588513 0.03690056333545444 0.016693406505632957
2 0.21677185188577797 0.8479985454602887 0.04239658533577264 0.01919628087881229
2 0.19231674454968722 0.8676063518076372 0.03383919800286348 0.022071228292387703
2 0.14422414254459653 0.9037196965556454 0.03312158267027256 0.027517246239076344
2 0.40646598663272887 0.26191159593514246 0.040788632001908985 0.015244566772189749
2 0.2897313779440026 0.42106998409837537 0.03547442333704529 0.028366692399010417
2 0.2714717266072754 0.4455471468722146 0.04722953600413611 0.03183267319868044
2 0.19052062392586705 0.5518222274344579 0.03303067600254535 0.019704746239076344
2 0.1579524772438223 0.6641941953020043 0.03389374200349984 0.0267587282923877
2 0.13660418857418608 0.6854554298625979 0.03380283533577262 0.0189462282923877
2 0.0914729545671864 0.7357222028238516 0.03154999200349984 0.026690532132453627
2 0.29339491665340967 0.1062262340983754 0.03545624200349984 0.02680419239901033
2 0.21572280796468343 0.2665212249271754 0.03705510467059074 0.029974656505632958
2 0.1974904286282745 0.2886546377010145 0.04559431066995438 0.02553720909205772
2 0.12734955661204797 0.40618546700961655 0.0471113573360908 0.02167642319868044
4 0 0.577445953125 0.02183859375 0.675121159375 0.0554623296875 0.8235106984374999 0.07169695781249999 0.8865532937499999 0.0953323453125 0.9211774015625 0.112529178125 0.901528046875 0.1269236109375 0.879676128125 0.1106643125 0.8187538390625001 0.09425698125000001 0.7705533875 0.07658414531249999 0.70958996875 0.08124418125 0.6736681484375 0.0632999515625 0.6360281 0.050775490624999996 0.61869548125 0.0454544109375 0.589906825 0.037417281250000003 0.5514945328125 0.0222261140625 0.5202976625 0 0.5551101265625 0 0.577445953125
3 0.132827453125 0.49382149374999995 0.11129131875 0.5218286828124999 0.1635798734375 0.5244106359375 0.1947147078125 0.52213503125 0.22195433750000002 0.490051746875 0.23225618906249998 0.4553546 0.206578128125 0.474757175 0.1785540953125 0.45273151718750004 0.1733440421875 0.4144014828125 0.1976949171875 0.3875367046875 0.22658247031249998 0.335351640625 0.2525689296875 0.28944523437499997 0.2798949125 0.24994087812500002 0.3030049546875 0.20819282656250002 0.32170167968749996 0.1811635296875 0.28793714375 0.1663944234375 0.247593259375 0.23097228906249997 0.17542372343749998 0.357194340625 0.146486828125 0.4136200171875 0.163140878125 0.4406174046875 0.1598573703125 0.4797608125 0.132827453125 0.49382149374999995
3 0.3296596890625 0.3478954890625 0.3798983375 0.2836055328125 0.3601828265625 0.276668796875 0.3171599 0.32844256562499996 0.266847234375 0.399093440625 0.209417540625 0.47377928125 0.2262689671875 0.4838142171875 0.2750323953125 0.4247838953125 0.3296596890625 0.3478954890625
1 0.26707865000000003 0.7437666203125 0.5840913546875 0.477257590625 0.43076102031249996 0.287206509375 0.1827525984375 0.5779941140625 0.26707865000000003 0.7437666203125
1 0.1311518890625 0.8808596703125 0.2622705796875 0.792410278125 0.1976106953125 0.6378151187500001 0.0915779375 0.757749290625 0.1311518890625 0.8808596703125
1 0.1200860453125 0.373612884375 0.2844737 0.09948138281249999 0.22010477812499998 0.041401296875 0.077314940625 0.2822248390625 0.1200860453125 0.373612884375
1 0.09612992031249999 0.366552759375 0.02259619375 0.48849306718749996 0.051342946874999996 0.569928434375 0.1404379234375 0.44738040156250003 0.09612992031249999 0.366552759375
1 0.6995512732734118 0.46191056208682924 0.04717499200349984 0.02714517319868044