2 0.932574 0.325004 0.0171875 0.0203125
2 0.857574 0.232816 0.02265625 0.0171875
2 0.785699 0.252347 0.01953125 0.0203125
2 0.718511 0.263285 0.01796875 0.02421875
2 0.652105 0.282035 0.02890625 0.021875
2 0.266167 0.367191 0.02265625 0.025
2 0.144292 0.390629 0.02578125 0.01640625
2 0.70523 0.61641 0.01875 0.01875
2 0.713042 0.634379 0.01640625 0.021875
2 0.746636 0.71641 0.021875 0.01875
2 0.953667 0.67891 0.02421875 0.0140625
2 0.937261 0.608597 0.015625 0.02890625
2 0.93023 0.571879 0.02734375 0.02265625
2 0.51773 0.650004 0.0140625 0.01796875
2 0.529449 0.66641 0.01171875 0.0171875
2 0.566949 0.746097 0.02265625 0.01484375
2 0.379449 0.76641 0.02578125 0.01796875
2 0.340386 0.707816 0.0234375 0.025
2 0.318511 0.675785 0.0203125 0.03046875
2 0.401324 0.85391 0.0171875 0.02265625
2 0.435699 0.903129 0.01640625 0.01953125
2 0.453667 0.921879 0.02421875 0.01796875
2 0.483355 0.970316 0.01484375 0.01953125
2 0.652886 0.949222 0.01640625 0.021875
2 0.623199 0.896879 0.01640625 0.02890625
2 0.584918 0.815629 0.01796875 0.02421875
2 0.810699 0.936722 0.02265625 0.01953125
2 0.785699 0.871097 0.02890625 0.03046875
2 0.756793 0.790629 0.0171875 0.0171875
2 0.966949 0.770316 0.01796875 0.01796875
2 0.973199 0.832816 0.0140625 0.0140625
3 0.296532996875 0.827140753125 0.304939859375 0.8029448703125001 0.32328210625 0.7769566984375 0.3416243546875 0.7608261093750001 0.34697417656249996 0.744695521875 0.33627453125 0.7420070890625 0.33092470937499996 0.754553103125 0.31640376406250004 0.7706836921875 0.29347595625 0.78502199375 0.2865976125 0.8029448703125001 0.2797192703125 0.818179315625 0.2743694484375 0.8343099031250001 0.2644340640625 0.8343099031250001 0.2606127625 0.8459597734375001 0.2797192703125 0.8495443484375 0.2858333515625 0.8414790546875001 0.296532996875 0.827140753125
1 0.3705664375 0.378646803125 0.1019057703125 0.315021725 0.071466384375 0.498137803125 0.317628375 0.5446927374999999 0.3705664375 0.378646803125
1 0.6180518796875 0.43296089374999996 0.5386447859375 0.5679702046874999 0.75701429375 0.6222842953125001 0.8483324515625 0.4748603359375 0.6180518796875 0.43296089374999996
1 0.6365802015625001 0.6378026078125 0.494970884375 0.6005586593750001 0.45526733750000004 0.706083178125 0.5809952359375 0.7324643078124999 0.6365802015625001 0.6378026078125
1 0.2554261515625 0.5617628796874999 0.0847009 0.5322780875 0.05955532031250001 0.64711359375 0.2210164109375 0.6703910609375 0.2554261515625 0.5617628796874999
1 0.2051349921875 0.7619491 0.04235045 0.7433271265625 0.0224986765625 0.8736809437499999 0.156167284375 0.88299193125 0.2051349921875 0.7619491
1 0.54526204375 0.817815021875 0.420857596875 0.7976412171875 0.37453679218749997 0.9140285531250001 0.47114875625 0.932650528125 0.54526204375 0.817815021875
5 0.897418 0.271879 0.0203125 0.01875
5 0.759136 0.300785 0.0140625 0.0234375
5 0.650542 0.324222 0.01953125 0.03125
5 0.262261 0.409379 0.0234375 0.0265625
5 0.164605 0.425004 0.01796875 0.0265625