2 0.49793 0.881321 0.02578125 0.0265625
2 0.610429 0.682103 0.01796875 0.02421875
2 0.257304 0.654759 0.015625 0.0265625
2 0.406523 0.494603 0.0140625 0.0234375
2 0.427617 0.47429 0.015625 0.02421875
2 0.529961 0.359446 0.015625 0.0296875
2 0.726836 0.488353 0.01796875 0.01796875
2 0.651054 0.615696 0.01953125 0.02578125
2 0.759648 0.488353 0.021875 0.02421875
2 0.806523 0.400071 0.0171875 0.0171875
2 0.82293 0.368821 0.021875 0.021875
2 0.860429 0.302415 0.0171875 0.021875
2 0.704961 0.228196 0.01484375 0.0171875
2 0.648711 0.291478 0.01875 0.02109375
2 0.634648 0.307103 0.01484375 0.0234375
1 0.16943279375 0.269354696875 0.26783414687499996 0.45355855468749995 0.43335695156250004 0.3466855625 0.3017207046875 0.20940155468750002 0.16943279375 0.269354696875
1 0.30693402187499996 0.4526896671875 0.562386540625 0.8862638421875 0.7585375828124999 0.647320159375 0.478321809375 0.336258928125 0.30693402187499996 0.4526896671875
1 0.6288563296875 0.241550340625 0.9162404125 0.46832961875 0.979451878125 0.3518988796875 0.733774328125 0.1755149953125 0.6288563296875 0.241550340625
1 0.44639024374999997 0.139021778125 0.5851948015625 0.27196135625 0.6712145265625 0.20679489687500002 0.5343649640625 0.10687299218749999 0.44639024374999997 0.139021778125
2 0.394023 0.275853 0.0203125 0.0140625
2 0.115898 0.502415 0.02109375 0.03046875
2 0.26043 0.387571 0.01875 0.03125
2 0.287773 0.364134 0.0125 0.0328125
2 0.13543 0.301634 0.0203125 0.02421875
2 0.272929 0.209446 0.02578125 0.02265625
2 0.476054 0.131321 0.0125 0.0203125
2 0.573711 0.171946 0.01640625 0.015625
2 0.518242 0.231321 0.01953125 0.0265625
2 0.44168 0.304759 0.0203125 0.02421875
4 0.291294071875 0.195499378125 0.30693402187499996 0.1859416296875 0.314753996875 0.1815971984375 0.336258928125 0.17812165468750002 0.35580886562499997 0.1737772234375 0.3727521453125 0.1755149953125 0.3812237859375 0.1755149953125 0.38774043125 0.18072831250000002 0.3923020828125 0.18072831250000002 0.39947039375000004 0.17725276875 0.4092453625 0.1685639078125 0.415762009375 0.1624817046875 0.4105486921875 0.15553061562499998 0.40533537500000005 0.1503172984375 0.4020770515625 0.14510398124999999 0.40794203281249997 0.13728400624999998 0.4235819828125 0.136415121875 0.4379186046875 0.1303329171875 0.4587718703125 0.1268573734375 0.5004784046874999 0.1103485375 0.5154666906250001 0.0938397 0.519376678125 0.06864200468750001 0.5180733484375 0.061690914062500005 0.511556703125 0.05734648437499999 0.470501834375 0.0781997515625 0.4372669390625 0.086019725 0.41185202031249996 0.09818413125 0.3779654625 0.112086309375 0.3232256359375 0.1346773484375 0.2730474625 0.144235096875 0.22026263125 0.1737772234375 0.1805110921875 0.18420385781249998 0.1563995015625 0.19897492187500002 0.1805110921875 0.25545251874999997 0.2196109671875 0.233730365625 0.24632921562500001 0.2198281890625 0.291294071875 0.195499378125
3 0.1146929671875 0.11990628437499999 0.0912330421875 0.1268573734375 0.1029630046875 0.1746461109375 0.12251294374999999 0.1937616046875 0.131636246875 0.1963682625 0.1146929671875 0.11990628437499999
5 0.888555 0.159446 0.0125 0.01796875
5 0.823711 0.13679 0.01171875 0.02265625
5 0.765898 0.117259 0.0171875 0.0171875
5 0.711211 0.097728 0.0140625 0.0125
5 0.661992 0.082103 0.01015625 0.01796875
5 0.616679 0.065696 0.0140625 0.02265625
5 0.570586 0.051634 0.0140625 0.01796875
5 0.52918 0.036009 0.01796875 0.021875
3 0.5304549765625 0.3388655875 0.5480499203125 0.3571121953125 0.5565215593749999 0.35016110624999996 0.548701584375 0.336258928125 0.59431810625 0.304979028125 0.5832398078125001 0.29281462187499996 0.5441399328125 0.3232256359375 0.5304549765625 0.3388655875