5 0.7628205125 0.41880341874999993 0.641025640625 0.47863247812500004 0.6634615390625 0.5256410265625 0.7756410265625 0.4658119671875 0.7628205125 0.41880341874999993
5 0.6266025640625 0.4116809109375 0.641025640625 0.46438746406250003 0.7540064109375 0.40313390312499997 0.7443910265625 0.353276353125 0.6266025640625 0.4116809109375
5 0.6001602562499999 0.33475783593749997 0.625 0.3931623921875 0.7315705125 0.33190883125 0.7203525640625 0.2663817671875 0.6001602562499999 0.33475783593749997
5 0.5761217953125 0.2635327625 0.5921474359375 0.3148148140625 0.7219551281250001 0.23931623906250002 0.6947115390625 0.1737891734375 0.5761217953125 0.2635327625
5 0.5400641015625001 0.14529914375 0.5665064109375 0.2122507125 0.6987179484375 0.128205128125 0.67548076875 0.05982905937500001 0.5400641015625001 0.14529914375
5 0.51923076875 0.11253561249999999 0.64423076875 0.022792021875 0.4887820515625 0.034188032812500005 0.51923076875 0.11253561249999999
5 0.20673076875000002 0.08974358906249999 0.2491987171875 0.1623931625 0.3982371796875 0.0512820515625 0.3645833328125 0.009971509375 0.20673076875000002 0.08974358906249999
5 0.27884615468749996 0.19515669375 0.3205128203125 0.26923076875 0.4375 0.1794871796875 0.41105769218750005 0.1111111109375 0.27884615468749996 0.19515669375
5 0.3493589734375 0.2849002859375 0.37740384531250004 0.340455840625 0.484775640625 0.27635327656249997 0.4583333328125 0.20940170937499997 0.3493589734375 0.2849002859375
5 0.3958333328125 0.3575498578125 0.4246794875 0.4145299140625 0.5280448718749999 0.35470085625 0.5016025640625 0.30626780625 0.3958333328125 0.3575498578125
5 0.4487179484375 0.4373219375 0.4631410265625 0.48148148125 0.5544871796875 0.427350428125 0.5392628203125 0.37179487187500004 0.4487179484375 0.4373219375
5 0.48076923125000004 0.5014245015625 0.4959935890625 0.5370370375 0.58173076875 0.48433048593750005 0.5673076921875 0.45868945937500005 0.48076923125000004 0.5014245015625
5 0.5176282046875 0.5512820515625 0.5280448718749999 0.5740740734374999 0.6081730765625 0.5427350421875 0.5993589734375 0.508547009375 0.5176282046875 0.5512820515625
0 0.41316181093750004 0.004291453125 0.6332739046875 0.539903240625 0.6408246859375 0.5331975765625 0.42248069218750006 0.0022069015625 0.41316181093750004 0.004291453125
0 0.4929548046875 0 0.24502002968749997 0.1974938171875 0.2500706734375 0.208965553125 0.5011348796874999 0.0044421234375 0.4929548046875 0
0 0.6936803125 0.00891260625 0.31006252968750003 0.2860623265625 0.3142525109375 0.299492296875 0.696826534375 0.018971101562500002 0.6936803125 0.00891260625
0 0.722761278125 0.129441603125 0.3617839546875 0.3660996640625 0.36550845781249997 0.37585625 0.7251194015625 0.14061053125 0.722761278125 0.129441603125
0 0.7471283640624999 0.2357705203125 0.40802770781250003 0.43909084218750005 0.40831505 0.44937642968749997 0.7474890703125 0.25042975156249997 0.7471283640624999 0.2357705203125
0 0.7604586453125 0.3244239484375 0.44519558281249993 0.49671545781250004 0.443686615625 0.5080133359375 0.7643888343749999 0.3390831796875 0.7604586453125 0.3244239484375
0 0.47674505937499995 0.5497301015625 0.48023724375 0.5610658140625 0.778930475 0.40679486875000004 0.7765723515625 0.397022053125 0.47674505937499995 0.5497301015625