1 0.72075735 0.1930483375 0.7014038765625 0.03435091875 0.56671488125 0.029754242187500002 0.5800558609375 0.1866727625 0.72075735 0.1930483375
1 0.75706780625 0.527926709375 0.725101040625 0.2508331046875 0.5811275874999999 0.24835613906249998 0.603736134375 0.52111008125 0.75706780625 0.527926709375
1 0.5428325234375 0.4853532734375 0.5232091921875 0.1955019921875 0.38246385 0.1990155734375 0.386889396875 0.47698323125000003 0.5428325234375 0.4853532734375
1 0.5105692109375 0.0260774625 0.37345360156249996 0.015459918750000001 0.380109771875 0.12974195156249999 0.5155031937500001 0.13154565625 0.5105692109375 0.0260774625
1 0.3122332109375 0.015932689062499998 0.176177925 0.018806139062499998 0.17410659687500002 0.1707999171875 0.321458890625 0.17594557187499998 0.3122332109375 0.015932689062499998
1 0.3237188171875 0.24486334531249998 0.17524996718750002 0.2337133453125 0.17226811875 0.514346671875 0.3302251765625 0.5140139734375 0.3237188171875 0.24486334531249998
3 0.774727075 0.2908631015625 0.7701888078125 0.2521868203125 0.7599800796875 0.26294999375 0.7531893734375 0.254493484375 0.7444939890625 0.23135806718750002 0.5616874453125 0.22862739062499998 0.5619931109375 0.215852325 0.5522067640625 0.21003091718750003 0.5502913421875 0.2492346625 0.5651165859375 0.2424461734375 0.736406184375 0.24568796874999999 0.7410078984374999 0.279639634375 0.7597348546875 0.285773196875 0.774727075 0.2908631015625
3 0.5586981468750001 0.176005765625 0.5543562953125 0.148467934375 0.5456088859375 0.142479203125 0.35690600156249996 0.1310182078125 0.34924841875 0.14374108125 0.3507647 0.1697746265625 0.3577777921875 0.1700195296875 0.357575690625 0.15052703125 0.3725369203125 0.1510494890625 0.5443135875 0.16029562656250002 0.5586981468750001 0.176005765625
3 0.5843880203125 0.5289900375000001 0.5803108953125 0.4899484921875 0.556981325 0.489945696875 0.3700127578125 0.4842285015625 0.36225409062499997 0.48720512656250003 0.3596509953125 0.5065996640625 0.3591960421875 0.5228216796875 0.3685941921875 0.5239617328125 0.3674569828125 0.50443658125 0.378630584375 0.5040148828125 0.574387628125 0.5084151953125 0.5752468515625 0.531178203125 0.5843880203125 0.5289900375000001
2 0.555767 0.316982 0.013774073663405773 0.022311509618646853
2 0.56078 0.389665 0.012810813140062294 0.019159227767481468
2 0.533015 0.006662 0.012856315770898163 0.019940477767481424
2 0.537345 0.067627 0.010376057878390198 0.017514882213985138
2 0.343907 0.0 0.012810813140062115 0.01915922776748142
2 0.345984 0.061724 0.011293815770898163 0.019885914065150567
2 0.354477 0.314631 0.012530092079257394 0.027725695916315997
2 0.356183 0.38408 0.013956084186749606 0.025436509618646852
2 0.766765 0.378926 0.012992823663405772 0.022284227767481467
2 0.730542 0.078272 0.014138094710093441 0.02856150961864685
5 0.830138 0.222089 0.015382076294241643 0.023147323320977707
5 0.836039 0.269854 0.01258329998588259 0.015252977767481468
5 0.844329 0.318482 0.012765310509226423 0.01837797776748138
5 0.795611 0.245052 0.012810813140062294 0.019159227767481468
5 0.804902 0.310868 0.013546560509226424 0.018405259618646853
5 0.814284 0.378247 0.01497255261671846 0.01611607332097762
2 0.780204 0.502582 0.01023954998588259 0.015171132213985139
3 0.8533250828125001 0.46867899375000005 0.8517242406250001 0.447465265625 0.8449891671875 0.44398250624999996 0.8438519546875 0.42445732812500003 0.8313231390625001 0.4256436203125 0.827039390625 0.4482270328125 0.7959574375 0.45932002031249997 0.78385510625 0.46782822656249995 0.7906501625 0.488362871875 0.80056956875 0.4984519859375 0.7980297265625 0.4788778515625 0.8252355046875 0.4733327421875 0.8334017093750001 0.453320584375 0.8404622187499999 0.45437903281249997 0.8403389484374999 0.476295840625 0.8533250828125001 0.46867899375000005
3 0.78505886875 0.1199890390625 0.77475534375 0.027055053125 0.7685434984375 0.044718103125000006 0.779353609375 0.1181660265625 0.7544381546875 0.122979196875 0.75135490625 0.126119115625 0.7582762421875 0.18887661718749998 0.7497246515625 0.1942612265625 0.7545610984375 0.22122260312500003 0.7652671484375 0.2207845765625 0.7606265171875 0.2051965375 0.7632833140625 0.1947347046875 0.7595936937500001 0.13939710624999999 0.780816221875 0.1352668671875 0.78505886875 0.1199890390625
0 0.37307781093750003 0.24562585937499998 0.3283790765625 0.244509471875 0.332283828125 0.462172071875 0.3814386453125 0.46516063281250003 0.37307781093750003 0.24562585937499998
0 0.36603925937500004 0.01435753125 0.32298747968749997 0.01387004375 0.32696175312500003 0.13231254374999998 0.3712759109375 0.1274996328125 0.36603925937500004 0.01435753125
0 0.5588108921875 0.025289675 0.5188000953125 0.0245242078125 0.5254075796875 0.13797034531250002 0.5670142359375 0.136879121875 0.5588108921875 0.025289675
0 0.75687764375 0.0328380578125 0.7071387375 0.0323732171875 0.7199679375 0.1396762265625 0.769687103125 0.11469870468750001 0.75687764375 0.0328380578125
0 0.78997901875 0.29518778437500004 0.736958740625 0.2933277296875 0.7591573796875 0.48618749531249994 0.8086439750000001 0.4446647828125 0.78997901875 0.29518778437500004
3 0.3608338390625 0.24945905625 0.35829796875 0.1989052296875 0.3465988203125 0.2184319703125 0.15598828125 0.20923154375 0.1434508203125 0.19480081093749999 0.152196790625 0.2319966125 0.349984240625 0.23890350312500003 0.3608338390625 0.24945905625