0 0.25788594374999996 0.27664246718749996 0.10472697500000001 0.2809489328125 0.079379184375 0.6517219640625 0.24188771875 0.6546522640625 0.25788594374999996 0.27664246718749996
0 0.1250973453125 0.003426871875 0.10379756874999999 0.2646861734375 0.25788594374999996 0.2646861734375 0.264622028125 0.008284159374999999 0.1250973453125 0.003426871875
0 0.3193528984375 0.017075109375 0.313458796875 0.273477121875 0.45575897187500003 0.26615132343750003 0.45407495156250005 0.011214509374999999 0.3193528984375 0.017075109375
0 0.3084306796875 0.28563941875 0.3050386375 0.664673315625 0.4599690515625 0.66027781875 0.45912701250000004 0.279337721875 0.3084306796875 0.28563941875
0 0.5038010484375001 0.0018142296874999997 0.5113318234374999 0.26615132343750003 0.6519479203125 0.2676164734375 0.6376337734375 0.0053538609375 0.5038010484375001 0.0018142296874999997
0 0.513986234375 0.28886470468750003 0.5205939671875 0.6500217203124999 0.6746823421875 0.6441611203125001 0.6561580578124999 0.27787257187500003 0.513986234375 0.28886470468750003
1 0.2907886375 0.30107992499999997 0.2739483734375 0.311336021875 0.08954756875 0.311336021875 0.0835892640625 0.2981496234375 0.0743913265625 0.29375412500000003 0.0701812453125 0.33331331875000003 0.29499871718750004 0.33477851875 0.2907886375 0.30107992499999997
1 0.481925525 0.2366131328125 0.4861356609375 0.21903133437500003 0.28256030781249997 0.22113369375 0.282368534375 0.2571253296875 0.2907886375 0.2585904296875 0.29415667968750003 0.23807833281250002 0.481925525 0.2366131328125
1 0.6966388718750001 0.3640816140625 0.6974808546875 0.32891791875 0.6823246109375 0.311336021875 0.489503703125 0.3084057234375 0.49202976249999997 0.289358725 0.48163438281250004 0.28886470468750003 0.481925525 0.33477851875 0.6680104640625 0.33038301875 0.6739045640625 0.3640816140625 0.6966388718750001 0.3640816140625
1 0.4878196265625 0.623649021875 0.49118766718750007 0.636835321875 0.4979238640625 0.6353702203125 0.4937137265625 0.5987413265625 0.2731063921875 0.6016716265625 0.2731063921875 0.6397657203125 0.282368534375 0.64562631875 0.2806845140625 0.626579321875 0.4878196265625 0.623649021875
1 0.7320033640625 0.5738337296875 0.7454756421875001 0.56943823125 0.760631884375 0.5489261328125 0.7639999265624999 0.5709034296875 0.7715779921875 0.56357763125 0.765683890625 0.5181578390625 0.7564217484375 0.5210881374999999 0.74126550625 0.5518564328125 0.7025329734375 0.5577170312499999 0.7103380859375 0.601717471875 0.7218992390625 0.5987413265625 0.717689215625 0.5752989281249999 0.7320033640625 0.5738337296875
1 0.717689215625 0.2058449359375 0.7235833171875 0.173611540625 0.7168471203125 0.0168400125 0.7050590328124999 0.002188465625 0.7168471203125 0.1824024390625 0.691586753125 0.1882630390625 0.69327083125 0.26005562968749996 0.6848506703125 0.2585904296875 0.6871899390625 0.296927921875 0.7000069140625 0.2849632265625 0.7025329734375 0.2102403375 0.717689215625 0.2058449359375
1 0.7488436843749999 0.15456454375 0.7623158484375 0.1692160421875 0.7623158484375 0.15602964375 0.7564217484375 0.12965689687499998 0.7404235234375001 0.136982646875 0.727793340625 0.1457735453125 0.7316343828125 0.1727544 0.7429495828125 0.1867979390625 0.743791565625 0.1648206421875 0.7488436843749999 0.15456454375
1 0.7682099499999999 0.2322177328125 0.7690519328125001 0.2029146375 0.7623158484375 0.1999843375 0.7547377843749999 0.21317063749999998 0.7488436843749999 0.22635703437500002 0.7429495828125 0.22049643593749998 0.743791565625 0.21317063749999998 0.733687440625 0.2102403375 0.7353714046875 0.25566013125 0.7505276484375 0.24979953125 0.760631884375 0.24100863125 0.7682099499999999 0.2322177328125
