1 0.5861876625 0.4616280171875 0.59690771875 0.48405362500000004 0.6061327796875 0.477511028125 0.60135748125 0.47145730468749997 0.789052125 0.3707071703125 0.7925251109375 0.37858364375 0.8010524203125 0.37028811093749997 0.785858340625 0.3406050234375 0.781362075 0.3505370609375 0.7848350609375 0.3584135328125 0.5951713562500001 0.46100966874999993 0.5861876625 0.4616280171875
1 0.30428462500000003 0.433426171875 0.315735615625 0.443993890625 0.31961305625 0.4427040046875 0.3331991703125 0.45146546093750006 0.48768258124999997 0.3398581515625 0.4870279421875 0.32718167343750004 0.493906659375 0.324055240625 0.47789340625000004 0.300370240625 0.46894001406249997 0.3087643109375 0.47693657187499994 0.3200298828125 0.4744489890625 0.3264664203125 0.3247292578125 0.437907396875 0.315060865625 0.43016363281250003 0.30428462500000003 0.433426171875
1 0.15789603125 0.6347726078125 0.17274974999999998 0.6433110906249999 0.183626703125 0.6458174624999999 0.18911556093749998 0.6375443984375 0.1956619359375 0.61538058125 0.191613325 0.6068632921875 0.19940855625 0.5817696609375 0.213367378125 0.5622332 0.21747647812499998 0.5493903703125 0.197767065625 0.5373793 0.19358745 0.5461838875 0.20235950625000002 0.552227228125 0.1885416578125 0.5798401765625 0.1803133640625 0.60494893125 0.18529860468749998 0.6174741796875 0.17991044218750002 0.6315161781249999 0.16284975625 0.622298815625 0.15789603125 0.6347726078125
1 0.293364528125 0.6154288859375 0.30903408906249996 0.6310477671875 0.31192456874999996 0.6228654375 0.32374821875 0.629956696875 0.4400915953125 0.567592415625 0.4479068984375 0.5684739796875 0.4552085953125 0.5647555140625 0.4545842234375 0.553809721875 0.4409880140625 0.5444713984375 0.43283028906250004 0.5487969781250001 0.43473372499999996 0.558543621875 0.32618548281250004 0.6206357125 0.31389857499999996 0.6118288890625 0.303575521875 0.6162300828125 0.293364528125 0.6154288859375
1 0.3239139625 0.6416242515625 0.352138478125 0.667306084375 0.33944813125 0.685749778125 0.33854079062500003 0.7054487203125 0.40540028906250003 0.7511153562499999 0.4001919640625 0.7824586171875 0.409712553125 0.7974599375 0.415185321875 0.7956021125 0.416552059375 0.7878874921875 0.40666506562500004 0.7805658609374999 0.4102535609375 0.7424394109375 0.34715115 0.6969749234375 0.348485096875 0.6873807765625 0.360233259375 0.67230341875 0.361757065625 0.659249815625 0.34094782343749996 0.64264265 0.3299906828125 0.631358271875 0.3239139625 0.6416242515625
1 0.2985986421875 0.7525075625000001 0.30238020625 0.7448964703125001 0.3011999609375 0.7381021703124999 0.29870782500000004 0.7372463671875 0.300743496875 0.7322254265625 0.302261 0.7279297015624999 0.3078086625 0.7315072890625001 0.3123899125 0.730404478125 0.315338521875 0.727001603125 0.3157867953125 0.72227180625 0.3080307875 0.713821471875 0.300550265625 0.7110185015625 0.296347353125 0.7135223453124999 0.294459715625 0.7270235875 0.28553982968749997 0.73299205625 0.2922718515625 0.7435995125 0.29129308125 0.7483478406249999 0.2985986421875 0.7525075625000001
1 0.3126818484375 0.7471295125 0.30035781093749997 0.752965 0.3100745171875 0.7599487640625 0.312319925 0.7568061578124999 0.3186983109375 0.757290540625 0.32564418906250003 0.7598764734375 0.3355181625 0.7578817140624999 0.3388204734375 0.7443310734375 0.34153057656249997 0.7374009187499999 0.329682684375 0.7276792359375001 0.321852596875 0.735259596875 0.3309821828125 0.7413048859375 0.32954281875 0.7500763265625 0.3251589546875 0.7523507828125 0.3126818484375 0.7471295125
1 0.4244958859375 0.7166511125 0.43104725468750005 0.7221133984375 0.43709232187499997 0.7166088734375 0.44874589531250003 0.7219765687499999 0.55450976875 0.675935803125 0.5614280609375 0.6790627453125 0.56568480625 0.6745831250000001 0.56366978125 0.6626229625 0.556365340625 0.6580658484375 0.54990045 0.660216484375 0.5500347640625 0.667911315625 0.447536890625 0.714800484375 0.43946840312499996 0.7078639296875 0.42869640000000003 0.711608646875 0.4244958859375 0.7166511125
1 0.697255465625 0.6170835296875 0.8749965078124999 0.5388389390625 0.868153859375 0.51934785625 0.85776805 0.5245227265625 0.8578771796875 0.53077478125 0.69662439375 0.6057016234375 0.6902770953124999 0.5938927656249999 0.6870698328125 0.5964108625 0.697255465625 0.6170835296875
1 0.6947900671875 0.1340388640625 0.6859238515625 0.1433184515625 0.694071803125 0.1659439328125 0.70694439375 0.14850746875 0.729528009375 0.200378409375 0.7245390031250001 0.20678118125 0.7453246328125 0.25305256875 0.7659819531250001 0.2432714765625 0.758088540625 0.22939130937500002 0.742034915625 0.2350480046875 0.7330449578125 0.20705035781249997 0.7351194249999999 0.20171083906249998 0.7141531890625 0.1475185 0.69921596875 0.119728534375 0.6947900671875 0.1340388640625
1 0.7970827218750001 0.39346018437499997 0.80455131875 0.40735516875 0.81323515 0.393462359375 0.812138578125 0.3793448609375 0.8209705749999999 0.37394035 0.8180464109375001 0.352525659375 0.8128796093749999 0.3487424578125 0.8165546015625 0.3644686265625 0.8080980625 0.36702885625000004 0.8083153703124999 0.3794783703125 0.8075941437499999 0.386864565625 0.7970827218750001 0.39346018437499997
1 0.6273245468749999 0.504104559375 0.6162812953125 0.491643775 0.6093474734375001 0.500754059375 0.6136924984375 0.5101501749999999 0.473762446875 0.5862476734375 0.4658358953125 0.5769766296875 0.4617615234375 0.5830863109375 0.479877415625 0.594388503125 0.6204321484374999 0.51986049375 0.6208277921875001 0.5083096874999999 0.6273245468749999 0.504104559375
