2 0.0631167978853843 0.6190153840280838 0.04068922970746054 0.04982887440943671
2 0.3258253035674271 0.5953968678708328 0.043691498782184014 0.0429067518140986
2 0.12597312824146795 0.7758035865678216 0.02348809293798535 0.048447423683797376
2 0.3614702974783472 0.8035466737686153 0.03465741801906326 0.06211061960011355
2 0.14874815502682917 0.8281299784004537 0.02553183400953163 0.031341769237293704
2 0.19272207182807644 0.9319469483633867 0.029519904626382674 0.03616567849312098
2 0.3881709395228281 0.9465799111547437 0.03100058400953163 0.03153274219545175
2 0.6004707475610728 0.5846875794810635 0.03018810633066593 0.0744469284931208
2 0.8608997329505762 0.609397435919151 0.032050615259119654 0.09168899219545175
2 0.5938015564068009 0.8288368835647475 0.03239548863591431 0.06671627404661713
2 0.8266316473161914 0.7932441570632104 0.025654564934808378 0.03837301923729371
2 0.8073146314878787 0.8495660789329094 0.02553183400953154 0.031341769237293704
2 0.7793453644417502 0.946966868588623 0.0201449046263825 0.03583829627913602
2 0.7357414147660618 0.9902815456151476 0.023269904626382676 0.019436908769704785
2 0.5803038924449274 0.9501662465414389 0.02553183400953163 0.031341769237293704
2 0.5671959663081894 0.9947365193009073 0.02550456047058134 0.010526961398185364
1 0.37080710156249996 0.9403186984374999 0.2948329 0.5886853703125 0.08847046562500001 0.58982119375 0.21649605312500003 0.9377107578125001 0.37080710156249996 0.9403186984374999
1 0.7924050703125001 0.729802975 0.8267465656249999 0.5474747437499999 0.6242646125 0.5320617609375 0.6089637031249999 0.730348859375 0.7924050703125001 0.729802975
1 0.723033390625 1 0.72643571875 0.9513471656249999 0.764055503125 0.9568319546874999 0.78049774375 0.8239316125 0.61881305 0.8168951 0.602337340625 1 0.723033390625 1
5 0.49201513960555365 0.7230010566155727 0.0217483149348082 0.03823660998146643
5 0.44598957345292956 0.7252976773968125 0.029025026785361164 0.05254464664195542
6 0.0632826189092724 0.44959326143274536 0.026217626623205436 0.025900301088459088
6 0.21347353368192482 0.4657688768565075 0.023065353084255058 0.024228673683797552
6 0.3706411513766765 0.47906502894075853 0.03244035308425506 0.024556055897782515
6 0.5408854675293007 0.4811062224948218 0.028588650162155817 0.027544646641955238
6 0.6953547792176978 0.4740080290255766 0.028588650162155817 0.02754464664195542
6 0.8552246570587194 0.46319455851448926 0.015307400162155815 0.027080855172143002
6 0.9129337913925625 0.5487526017984001 0.02262502232113448 0.043732641832631994
6 0.8626452394433979 0.7093974359191509 0.018432400162155815 0.027189982576804893