2 0.067891 0.661884 0.04181742688202613 0.04913297524323372
2 0.33251 0.633667 0.04465592539915138 0.0421562723211343
2 0.121745 0.817622 0.024598093383928932 0.04805171631477982
2 0.356105 0.841258 0.036076762851581276 0.06152388108743238
2 0.141519 0.869566 0.02624150642579064 0.030905126623205346
2 0.179536 0.972646 0.030338757414373772 0.03566081047058134
2 0.37453 0.983868 0.03171025642579064 0.03100058400953145
2 0.608337 0.618155 0.031898598821136305 0.07394206047058134
2 0.867857 0.638321 0.03416143577927464 0.09115683400953163
2 0.587436 0.862495 0.03392401384016441 0.06617047077900687
2 0.822812 0.822823 0.02652800790866543 0.03793637662320535
2 0.800176 0.8795 0.02624150642579064 0.030905126623205346
2 0.766478 0.977419 0.020963757414373774 0.03549716923687925
2 0.719782 1.0 0.024088757414373774 0.03179253024023367
2 0.566845 0.984098 0.02624150642579064 0.030905126623205346
2 0.550554 1.0 0.026177839429596263 0.019914777601083244
1 0.31679945625 0.9341251859374999 0.2611489703125 0.5837123453124999 0.054300710937499996 0.5884549781249999 0.162326465625 0.9342132453125 0.31679945625 0.9341251859374999
1 0.751514725 0.7161772484375 0.7965443890625 0.5331932328125 0.5945482625 0.5213141953125 0.5676685015625 0.7199291859375 0.751514725 0.7161772484375
1 0.5868707078125001 1 0.6648566359375 0.9986728234375001 0.67250904375 0.938941925 0.7098859156249999 0.9437709296874999 0.7341013703125 0.8105426953125001 0.5724976484375001 0.806329696875 0.543810828125 1 0.5868707078125001 1
5 0.491606 0.758406 0.02262175790866543 0.037868192775829715
5 0.445353 0.761508 0.030226010874414965 0.052053423701106105
6 0.077924 0.492408 0.02679992193911026 0.025450013392680583
6 0.227479 0.505963 0.023611254942915893 0.023832966314779824
6 0.384192 0.516517 0.03298625494291585 0.02399660754848192
6 0.554663 0.515584 0.029207338935304604 0.027053423701106284
6 0.70986 0.505784 0.029207338935304604 0.027053423701106284
6 0.870685 0.492173 0.01592608893530496 0.026821598620028198
6 0.923529 0.576748 0.02362584239534584 0.04335057954530477
6 0.863782 0.738321 0.019051088935304605 0.026876145697928778