2 0.91477 0.306512 0.0171875 0.0203125
2 0.83977 0.214325 0.02265625 0.0171875
2 0.767895 0.233856 0.01953125 0.0203125
2 0.700707 0.244793 0.01796875 0.02421875
2 0.634301 0.263543 0.02890625 0.021875
2 0.248363 0.3487 0.02265625 0.025
2 0.126488 0.372137 0.02578125 0.01640625
2 0.687426 0.597918 0.01875 0.01875
2 0.695238 0.615887 0.01640625 0.021875
2 0.728832 0.697918 0.021875 0.01875
2 0.935863 0.660418 0.02421875 0.0140625
2 0.919457 0.590106 0.015625 0.02890625
2 0.912426 0.553387 0.02734375 0.02265625
2 0.499926 0.631512 0.0140625 0.01796875
2 0.511645 0.647918 0.01171875 0.0171875
2 0.549145 0.727606 0.02265625 0.01484375
2 0.361645 0.747918 0.02578125 0.01796875
2 0.322582 0.689325 0.0234375 0.025
2 0.300707 0.657293 0.0203125 0.03046875
2 0.38352 0.835418 0.0171875 0.02265625
2 0.417895 0.884637 0.01640625 0.01953125
2 0.435863 0.903387 0.02421875 0.01796875
2 0.465551 0.951825 0.01484375 0.01953125
2 0.635082 0.930731 0.01640625 0.021875
2 0.605395 0.878387 0.01640625 0.02890625
2 0.567114 0.797137 0.01796875 0.02421875
2 0.792895 0.918231 0.02265625 0.01953125
2 0.767895 0.852606 0.02890625 0.03046875
2 0.738989 0.772137 0.0171875 0.0171875
2 0.949145 0.751825 0.01796875 0.01796875
2 0.955395 0.814325 0.0140625 0.0140625
3 0.296532996875 0.827140753125 0.304939859375 0.8029448703125001 0.32328210625 0.7769566984375 0.3416243546875 0.7608261093750001 0.34697417656249996 0.744695521875 0.33627453125 0.7420070890625 0.33092470937499996 0.754553103125 0.31640376406250004 0.7706836921875 0.29347595625 0.78502199375 0.2865976125 0.8029448703125001 0.2797192703125 0.818179315625 0.2743694484375 0.8343099031250001 0.2644340640625 0.8343099031250001 0.2606127625 0.8459597734375001 0.2797192703125 0.8495443484375 0.2858333515625 0.8414790546875001 0.296532996875 0.827140753125
1 0.3705664375 0.378646803125 0.1019057703125 0.315021725 0.071466384375 0.498137803125 0.317628375 0.5446927374999999 0.3705664375 0.378646803125
1 0.6180518796875 0.43296089374999996 0.5386447859375 0.5679702046874999 0.75701429375 0.6222842953125001 0.8483324515625 0.4748603359375 0.6180518796875 0.43296089374999996
1 0.6365802015625001 0.6378026078125 0.494970884375 0.6005586593750001 0.45526733750000004 0.706083178125 0.5809952359375 0.7324643078124999 0.6365802015625001 0.6378026078125
1 0.2554261515625 0.5617628796874999 0.0847009 0.5322780875 0.05955532031250001 0.64711359375 0.2210164109375 0.6703910609375 0.2554261515625 0.5617628796874999
1 0.2051349921875 0.7619491 0.04235045 0.7433271265625 0.0224986765625 0.8736809437499999 0.156167284375 0.88299193125 0.2051349921875 0.7619491
1 0.54526204375 0.817815021875 0.420857596875 0.7976412171875 0.37453679218749997 0.9140285531250001 0.47114875625 0.932650528125 0.54526204375 0.817815021875
5 0.879614 0.253387 0.0203125 0.01875
5 0.741332 0.282293 0.0140625 0.0234375
5 0.632738 0.305731 0.01953125 0.03125
5 0.244457 0.390887 0.0234375 0.0265625
5 0.146801 0.406512 0.01796875 0.0265625