2 0.067433 0.612536 0.020381866435252506 0.05352498933799978
2 0.116218 0.732921 0.04101686960011328 0.03405737400540883
2 0.139199 0.790442 0.03520337921876049 0.04648464867122719
2 0.18181 0.867259 0.032805065516429366 0.04489487667090906
2 0.339615 0.574916 0.028325896641955416 0.02844317333704538
2 0.922356 0.547831 0.04300844473518963 0.09108862400540882
2 0.64534 0.541683 0.056225207349061355 0.0670335060073178
2 0.619541 0.766111 0.04021826143274545 0.05591419267186346
2 0.606701 0.865439 0.0335317518140986 0.04334146733768165
2 0.81465 0.859114 0.03217758293962456 0.026926126670908702
2 0.369878 0.736998 0.03904514183263199 0.02232044267186346
2 0.371803 0.771336 0.03872768330244423 0.03559260200509069
2 0.391049 0.868729 0.032805065516429366 0.044894876670908704
2 0.246597 0.935227 0.028762406260602093 0.04094317333704538
2 0.274402 0.984513 0.040853178493120625 0.020819828234436243
2 0.413058 0.931728 0.027008933302444405 0.03545624200349984
2 0.589112 0.92187 0.036039192921091256 0.04805623933799978
2 0.760015 0.925348 0.03720238883740708 0.05900283000477273
1 0.9494303453124999 0.7130438390625 0.97661581875 0.6257497078125 0.7334321390625 0.5881539515624999 0.702197784375 0.7087763828125 0.9494303453124999 0.7130438390625
1 0.7147165156249999 0.7687196703125 0.6965549531249999 0.87558779375 0.8476884968749999 0.8745651109375 0.9037370640625 0.777872334375 0.7147165156249999 0.7687196703125
1 0.7645596593749999 1 0.78947956875 0.939247971875 0.6682520953125 0.930884153125 0.656928253125 0.99472193125 0.7616127578125 1 0.7645596593749999 1
1 0.2327928703125 0.790924825 0.266899740625 0.8719789468749999 0.43154331562500003 0.8697228234375001 0.4126437625 0.776329871875 0.2327928703125 0.790924825
1 0.459006790625 0.99937211875 0.452891628125 0.943675271875 0.3152195390625 0.9420733125 0.33996242187500003 0.993814984375 0.459006790625 0.99937211875
1 0.40880578125 0.666424475 0.376781765625 0.525596971875 0.16258418125000001 0.5119794203125 0.218476603125 0.6795068609375 0.40880578125 0.666424475
5 0.524405 0.672725 0.03554811960011328 0.03399373933799978
5 0.463976 0.681237 0.03872768330244423 0.03559260200509051
2 0.473859 0.934926 0.031396332939624474 0.026917036004136106
2 0.519816 0.938295 0.03261409255827132 0.0394261266709087