1 0.7323222234375 0.7198941343749999 0.736968625 0.7366658625 0.75549380625 0.73493165625 0.7556734953124999 0.722115121875 0.754352671875 0.7053046968750001 0.755598525 0.6909571109375 0.7542596296874999 0.6735237015625 0.7277278484374999 0.6763251515625 0.728090378125 0.6887844734375 0.7292480078125 0.6999882125 0.7323222234375 0.7198941343749999
1 0.64751878125 0.6922147328125 0.685617328125 0.6867859890625 0.68601375625 0.6718251109375 0.6678683421875 0.6770216796875 0.6724069609375001 0.4900154921875 0.6891433296875 0.49355984375000006 0.6896665328125 0.4829597 0.6573332984375 0.48645183281250004 0.6435588328125 0.670449590625 0.64751878125 0.6922147328125
1 0.44571899375 0.4922946453125 0.49054875156250005 0.3566020609375 0.4655347734375 0.3544003796875 0.46323999687499995 0.3612820375 0.47240333593750006 0.3617986109375 0.4301394296875 0.4813173609375 0.4152108890625 0.482737421875 0.41304299687499996 0.49397985625 0.44571899375 0.4922946453125
1 0.751253603125 0.49491261406250003 0.7441720796875 0.35542039999999997 0.7183810734375 0.3550973296875 0.7153637015625 0.3657264734375 0.7294791265625 0.36493905 0.736194303125 0.4813951515625 0.7195484546875 0.48096566875 0.7208149546875 0.49590720624999995 0.751253603125 0.49491261406250003
1 0.6628357640625 0.36115227499999997 0.6679509859375 0.3654550078125 0.6929287109375 0.3664107171875 0.679589903125 0.35787865625 0.679311075 0.2699766046875 0.670870328125 0.26571256875000004 0.660857509375 0.2645827265625 0.6559055359375 0.2658867 0.64677845 0.266616078125 0.6479179515625 0.27719685312500003 0.6645455609375001 0.27700337343750003 0.6628357640625 0.36115227499999997
1 0.8882057359375001 0.275024028125 0.9141490390625 0.3663292890625 0.9450577093750001 0.36645012499999996 0.94387945625 0.3591283875 0.93377595 0.35488369999999997 0.8996638546875 0.2686589203125 0.8820960203125001 0.2651242640625 0.863914353125 0.26907490312500004 0.8640593640625 0.27405864375 0.8882057359375001 0.275024028125
1 0.692724771875 0.273486596875 0.7133684687499999 0.2747904109375 0.7496847953125 0.271794465625 0.7549812328125001 0.241367109375 0.8669163265625001 0.2405793 0.87430255625 0.21115698749999998 0.8916238828124999 0.212112296875 0.8877805999999999 0.202250703125 0.874779571875 0.2039459984375 0.8618384734375001 0.2076993015625 0.860512125 0.232933725 0.74368076875 0.23069047031249998 0.741817521875 0.26107786875 0.697276671875 0.2646841875 0.692724771875 0.273486596875
1 0.5306043625 0.2255323125 0.5316972015625 0.2630907515625 0.5213828375 0.2626960984375 0.519562465625 0.27095204375000004 0.5406282765625 0.2717117859375 0.54254651875 0.2346574796875 0.5462021375 0.2186600671875 0.544589409375 0.21044406875 0.539573428125 0.20329699687499997 0.5190195515625 0.20508019375000003 0.5164675765625 0.21180063750000003 0.5323049703125 0.2131603703125 0.5306043625 0.2255323125
1 0.3389905578125 0.674726896875 0.33654346562500004 0.685048840625 0.3387829171875 0.691198859375 0.3390972953125 0.7020033406249999 0.4448827296875 0.70231643125 0.471616296875 0.7004613421875 0.4786023515625 0.7044974421875 0.49813097968750003 0.7061318875 0.501348821875 0.6836458265625 0.4828398734375 0.6848905421875 0.48022810937499993 0.6895529953125 0.442418725 0.6884489312500001 0.4288508125 0.694268215625 0.358038440625 0.69200414375 0.3623358421875 0.6744552500000001 0.3389905578125 0.674726896875
1 1 0.5117877 0.9939748578125001 0.493449065625 0.999406071875 0.4933858671875 0.9958157671875 0.4820287203125 0.9741620359375001 0.4847233046875 0.9679761890625 0.49619423593749995 0.9723448125 0.496957609375 1 0.57257515625 1 0.5117877
0 1 0.60516201875 0.9717870812499999 0.5125030265625 0.6775861812499999 0.51110608125 0.6775981609375 0.6522087734375 1 0.6536732749999999 1 0.60516201875
0 0.337734478125 0.64739929375 0.6345996546875 0.6494826437500001 0.6490046234375 0.511876878125 0.393299040625 0.5069645421875 0.337734478125 0.64739929375
0 0.45746743125 0.46123945781250003 0.7224689984375 0.46373186874999994 0.7211086234375 0.377103321875 0.48422537656250003 0.37591585156249996 0.45746743125 0.46123945781250003
0 0.7558371109375 0.465217146875 0.9874737296875 0.465471453125 0.9602538031250001 0.37563524843749996 0.7486236796875 0.3780977875 0.7558371109375 0.465217146875
0 0.688562571875 0.343897009375 0.90426395 0.3463421578125 0.88669049375 0.2793661203125 0.6843759234375 0.2804056453125 0.688562571875 0.343897009375
0 0.45927933750000005 0.3426210984375 0.6533884359375 0.3439558453125 0.6510019625 0.279041146875 0.48423409531250006 0.27572317812499997 0.45927933750000005 0.3426210984375