2 0.424491 0.693749 0.03638455732694616 0.024051154626382677
2 0.603161 0.468951 0.03457639586155707 0.019336381087432387
2 0.285049 0.550038 0.04279833163720568 0.027285248782184014
2 0.431763 0.355904 0.03716580732694617 0.02406479139585782
2 0.372848 0.318971 0.03474017017181659 0.022461381087432387
2 0.262028 0.527781 0.0325601944820761 0.025545470779006863
2 0.161352 0.423774 0.03848264586155707 0.0194045649348082
2 0.25625 0.253712 0.0452649123699004 0.029669909090609535
2 0.259836 0.21787 0.03391797659425162 0.02166649431795715
2 0.18024 0.173552 0.043252033016686654 0.02104888555165916
2 0.113551 0.330836 0.018047315128862353 0.016706258928453722
2 0.098094 0.318858 0.014059177973732772 0.015075575081077907
2 0.151995 0.155887 0.025201395861557074 0.019172739853730292
2 0.09304 0.118173 0.03457639586155707 0.019336381087432297
2 0.296831 0.819528 0.0317789444820761 0.02553183400953163
2 0.189543 0.67872 0.03371325870642714 0.01776024431795715
2 0.171455 0.661233 0.025982645861557074 0.019186376623205346
2 0.093353 0.556058 0.03247830732694652 0.023982970779006862
2 0.098407 0.756744 0.02626925090451131 0.024655126623205348
2 0.04086 0.671442 0.043252033016686654 0.02104888555165907
2 0.040417 0.260873 0.0315742265942518 0.02162558400953163
2 0.152208 0.859933 0.03457639586155707 0.019336381087432387
2 0.009476 0.5343 0.025941702283992285 0.01840512662320535
1 0.51579939375 0.6297349343749999 0.6719714421874999 0.48305123125 0.5556380921875 0.33025939531250004 0.35990369843750003 0.44866104062499995 0.51579939375 0.6297349343749999
1 0.6860701031249999 0.4674134328125 0.78989984375 0.3750616390625 0.7115671203125 0.2342820203125 0.590562775 0.3088257109375 0.6860701031249999 0.4674134328125
1 0.7967752406249999 0.3360096703125 0.9001090796875 0.2300856140625 0.861861128125 0.107619596875 0.7236556546874999 0.1878959 0.7967752406249999 0.3360096703125
1 0.667526803125 0.7982060640624999 0.7634251859375001 0.8571935765625 0.91714425625 0.6191078562500001 0.8730392328125 0.5392976109375 0.667526803125 0.7982060640624999
1 0.8626925328124999 0.48334376093750003 0.9085282796874999 0.5531644578125 0.9708749765625001 0.446145046875 0.9606022937500001 0.3657442546875 0.8626925328124999 0.48334376093750003
4 0.9139758296875 0.1728037203125 0.933398028125 0.2168290328125 0.9354291218749999 0.2702118484375 0.92801033125 0.29659778124999997 0.9436916796875 0.319864315625 0.9792072484375 0.31019044687499997 0.9807325859375 0.23501608593749998 0.9551319749999999 0.1476396890625 0.9273732015625 0.0784088515625 0.90171954375 0.0381138890625 0.8683356109375 0.053182918749999995 0.8903378515625 0.11708187031249999 0.9139758296875 0.1728037203125
5 0.417024 0.804455 0.043456750904511135 0.024955135551659246
6 0.362364 0.863602 0.029271420171816588 0.022365923701106283
6 0.509105 0.729569 0.030339275214770645 0.02784831047058134
6 0.614839 0.647117 0.046332767412854456 0.035152295860084594
6 0.756972 0.529396 0.033051517412854545 0.03492047077900686
6 0.737105 0.373722 0.04123583163720577 0.02725797524323372
6 0.556534 0.279248 0.02532422659425162 0.02151648985373029
6 0.416539 0.214361 0.05423047659425162 0.022021050324311543
6 0.311493 0.161012 0.030052670171816585 0.022379560470581296
6 0.22503 0.119696 0.026269250904511134 0.024655126623205438
3 0.791809428125 0.4537976203125 0.8186238921875001 0.49497771406249996 0.8267760484375 0.47763292343749997 0.8045098171875 0.44180580625 0.791809428125 0.4537976203125