2 0.878373 0.587763 0.04068922970746054 0.04982887440943671
2 0.615665 0.564145 0.043691498782184014 0.0429067518140986
2 0.815517 0.744551 0.02348809293798535 0.048447423683797376
2 0.58002 0.772295 0.03465741801906326 0.06211061960011355
2 0.792742 0.796878 0.02553183400953163 0.031341769237293704
2 0.748768 0.900695 0.029519904626382674 0.03616567849312098
2 0.553319 0.915328 0.03100058400953163 0.03153274219545175
2 0.341019 0.553435 0.03018810633066593 0.0744469284931208
2 0.08059 0.578145 0.032050615259119654 0.09168899219545175
2 0.347688 0.797585 0.03239548863591431 0.06671627404661713
2 0.114858 0.761992 0.025654564934808378 0.03837301923729371
2 0.134175 0.818314 0.02553183400953154 0.031341769237293704
2 0.162145 0.915715 0.0201449046263825 0.03583829627913602
2 0.205749 0.959029 0.023269904626382676 0.019436908769704785
2 0.361186 0.918914 0.02553183400953163 0.031341769237293704
2 0.374294 0.963484 0.02550456047058134 0.010526961398185364
1 0.37080710156249996 0.9403186984374999 0.2948329 0.5886853703125 0.08847046562500001 0.58982119375 0.21649605312500003 0.9377107578125001 0.37080710156249996 0.9403186984374999
1 0.7924050703125001 0.729802975 0.8267465656249999 0.5474747437499999 0.6242646125 0.5320617609375 0.6089637031249999 0.730348859375 0.7924050703125001 0.729802975
1 0.723033390625 1 0.72643571875 0.9513471656249999 0.764055503125 0.9568319546874999 0.78049774375 0.8239316125 0.61881305 0.8168951 0.602337340625 1 0.723033390625 1
5 0.449475 0.691749 0.0217483149348082 0.03823660998146643
5 0.4955 0.694046 0.029025026785361164 0.05254464664195542
6 0.878207 0.418341 0.026217626623205436 0.025900301088459088
6 0.728016 0.434517 0.023065353084255058 0.024228673683797552
6 0.570849 0.447813 0.03244035308425506 0.024556055897782515
6 0.400605 0.449854 0.028588650162155817 0.027544646641955238
6 0.246135 0.442756 0.028588650162155817 0.02754464664195542
6 0.086265 0.431942 0.015307400162155815 0.027080855172143002
6 0.028556 0.5175 0.02262502232113448 0.043732641832631994
6 0.078845 0.678145 0.018432400162155815 0.027189982576804893