1 0.199621 0.9634 0.2281803109449907 0.11256899472828934
1 0.525358 0.948602 0.2846317068065479 0.14216349614632867
1 0.323629 0.762543 0.17916960085908257 0.11240236282348767
1 0.576874 0.740951 0.21427826322898297 0.14189499391092006
1 0.333957 0.610158 0.1609994549975257 0.09335235389503396
1 0.545877 0.587726 0.15495417288535 0.09714950973923261
3 0.29828945625 1 0.31260740625 0.8040564265624999 0.2883378703125 0.792426478125 0.27866373125 0.8034639374999999 0.27917808593750004 0.8132784078125 0.2925976 0.8135126453125 0.26756385312500003 0.9979797890625 0.2773059 1 0.29828945625 1
3 0.3040648734375 0.626007128125 0.330477421875 0.631545834375 0.34130889375 0.5089910015625 0.3614109890625 0.5163458546874999 0.3595193296875 0.495300928125 0.339490821875 0.489348190625 0.3274483984375 0.500344359375 0.318970815625 0.6094578515625 0.3059921796875 0.6176360609375 0.3040648734375 0.626007128125
3 0.5327371671875001 0.835914540625 0.565111415625 0.8391587453125 0.5629165546875 0.8098263734375 0.5477165875 0.8207673312500001 0.5164288859374999 0.64512263125 0.526470421875 0.641095553125 0.5172728078125 0.6311294703125 0.5014851140625 0.6308538953125 0.5344985984374999 0.8093303359374999 0.5327371671875001 0.835914540625
3 0.8150438234375 0.8352390843749999 0.8152642609375 0.8394452843750001 0.8222407078125 0.852174165625 0.8491273328125001 0.8471998578125 0.8421580109375 0.8259068265625 0.82831643125 0.832669190625 0.8224044515625 0.81015335 0.7460124546875 0.661737134375 0.752180575 0.6590432296875 0.7308671078125 0.6586712015625 0.808783309375 0.8211219140624999 0.8150438234375 0.8352390843749999
3 0.56247656875 0.635896090625 0.5579607015625 0.6400196671875 0.5493509203125 0.641270165625 0.5556113828125 0.6553873359375 0.57455666875 0.6557180265625 0.5730870796875001 0.6276765921874999 0.546924021875 0.534767859375 0.5624913312500001 0.5308372343750001 0.5628398125 0.5224385640625 0.545968790625 0.516540940625 0.5377998328125 0.526203840625 0.5612462828125 0.6274699109374999 0.56247656875 0.635896090625
3 0.6680635234375 0.42341848750000005 0.6608666375000001 0.40648335781249995 0.644877371875 0.4174106328125 0.642234184375 0.42716994062499997 0.6410416750000001 0.4495617703125 0.642933228125 0.47060664843750005 0.6443839546875 0.483239078125 0.6453391875000001 0.501465996875 0.6491034734375 0.5281466531250001 0.6496178312499999 0.53796116875 0.67024290625 0.5449685734374999 0.658576090625 0.5283119984375 0.6566845421874999 0.5072671671875 0.6558027890625 0.4904423171875 0.656058928125 0.4652325734375 0.655250653125 0.4498097890625 0.6559476734375 0.43301254218749996 0.6651998484375 0.42897164062500004 0.6680635234375 0.42341848750000005
3 0.4357981421875 0.43984007812500003 0.3977231234375 0.4322862359375 0.3711016359375 0.43182155624999996 0.36472955156250003 0.4159635375 0.36380028750000004 0.3982321453125 0.36684328437499997 0.37171253437499996 0.3530812 0.3734406609375 0.3425435671875 0.37325672656250003 0.33766855156250003 0.38596590937499997 0.3510441359375 0.39800948593749996 0.3548880984375 0.40791834062500004 0.3541535078125 0.425620690625 0.3573012140625 0.44339077343750005 0.35892673125 0.45326090468749997 0.3773322078125 0.45555051874999997 0.3840907953125 0.45763686875 0.39916864375 0.45986839843749994 0.42190775937499997 0.4602653109375 0.44318952500000003 0.4645734765625 0.46069232031249996 0.47078405781250005 0.464807625 0.49644444375 0.4645760015625 0.513171365625 0.46609826718749997 0.5210713515625 0.48107278906250006 0.5213327328124999 0.50861025 0.5287026421875 0.5163084 0.5324165953125 0.5102475234375 0.5070793578125 0.4923966375 0.5047994250000001 0.4785313015625 0.5045574046875 0.47399115781249995 0.5025097765625001 0.47602822187499994 0.4779409546875 0.47473757968749997 0.453314046875 0.4613619953125 0.4412704703125 0.4357981421875 0.43984007812500003
3 0.6721168296875 1 0.6671786828124999 0.985138709375 0.6611929859375001 0.955508984375 0.6482256328125 0.9195364578125 0.641065834375 0.8780761359374999 0.6296756484375 0.8404786296875001 0.6250189671874999 0.8256347265624999 0.6047947953125 0.8203608171875001 0.5919487203125 0.8289941734375 0.6118115125 0.827372534375 0.6213180890625 0.8501745078124999 0.6276651656250001 0.8866997812499999 0.6403578234375 0.9174307796875001 0.645544015625 0.9529516171875001 0.65490900625 0.9836245312499999 0.656639271875 1 0.6721168296875 1
0 0.266618 0.852519 0.1684501068519765 0.05679724512873605
0 0.553746 0.839702 0.1980557196968466 0.05575294236879245
0 0.333066 0.671836 0.14263123530067895 0.0407358685055307
0 0.559789 0.649926 0.15138875961093845 0.044010872969757385
2 0.497284 0.442614 0.013724985300678939 0.03848580154212762
4 0.4095565921875 0.3392860734375 0.42591607343750004 0.33723177187500003 0.448684475 0.33177952187500004 0.4466137078125 0.3048350078125 0.43241613437500004 0.310436784375 0.382264371875 0.32126073437499997 0.3688330078125 0.3163465015625 0.342875209375 0.311213696875 0.334672596875 0.3180901625 0.32719070625 0.3261490171875 0.3212114625 0.33774400312499997 0.317210109375 0.3493734703125 0.31699622656250004 0.37042846875 0.3142678359375 0.39377946875 0.3132104875 0.41130996406250003 0.31336482656250003 0.43939103125 0.31235305 0.44522300625 0.32733193125 0.4380493125 0.3234365671875 0.392769584375 0.32233191250000004 0.37169153125 0.32495327343749997 0.35886804687499996 0.33128493593749997 0.3414295765625 0.35638365156249996 0.33016840468750003 0.37574859531250004 0.3351861296875 0.390375753125 0.3377813015625 0.4095565921875 0.3392860734375