2 0.713713 0.584734 0.015625 0.01484375
2 0.717619 0.554265 0.01328125 0.0109375
2 0.725431 0.491765 0.01328125 0.01875
2 0.566056 0.45739 0.01796875 0.015625
2 0.548087 0.530046 0.01796875 0.01171875
2 0.542619 0.544109 0.00859375 0.00625
2 0.433244 0.431609 0.0109375 0.0109375
2 0.406681 0.500359 0.015625 0.015625
2 0.397306 0.515984 0.0140625 0.01328125
2 0.298869 0.527702 0.0203125 0.01796875
2 0.244181 0.487859 0.01171875 0.01796875
2 0.261369 0.46364 0.01328125 0.01953125
2 0.290275 0.411296 0.01015625 0.01640625
2 0.307463 0.333171 0.01171875 0.0171875
2 0.331681 0.289421 0.0140625 0.01015625
2 0.342619 0.269109 0.01328125 0.015625
2 0.369181 0.230827 0.01484375 0.0109375
2 0.497306 0.246452 0.01640625 0.01953125
2 0.476994 0.292546 0.01640625 0.01484375
2 0.471525 0.30739 0.0171875 0.0125
2 0.446525 0.362077 0.01484375 0.0140625
2 0.577775 0.38864 0.01328125 0.01015625
2 0.598088 0.328484 0.0140625 0.015625
2 0.602775 0.31364 0.01796875 0.01171875
2 0.616837 0.262859 0.01796875 0.015625
2 0.758244 0.28239 0.015625 0.01328125
2 0.750431 0.329265 0.01484375 0.0109375
2 0.744963 0.351921 0.01796875 0.01640625
2 0.733244 0.408952 0.021875 0.01875
2 0.710587 0.805046 0.01328125 0.0203125
2 0.6559 0.885515 0.015625 0.0171875
2 0.600431 0.873796 0.0203125 0.01875
2 0.548087 0.859734 0.0140625 0.01640625
2 0.494181 0.847234 0.0140625 0.01875
2 0.203556 0.770671 0.01796875 0.0140625
2 0.248869 0.78239 0.015625 0.01328125
5 0.579337 0.829265 0.01875 0.0203125
5 0.498087 0.806609 0.01796875 0.01640625
5 0.19965 0.73239 0.0140625 0.01875
5 0.127775 0.717546 0.01875 0.0203125
1 0.670744 0.336296 0.11015625 0.11796875
1 0.410588 0.30114 0.090625 0.09453125
1 0.337931 0.479265 0.0875 0.0828125
1 0.638712 0.535515 0.13515625 0.08125
4 0.5349467625 0.4066897390625 0.548004196875 0.4239142453125 0.5545329140625 0.42247887031250003 0.5471881062499999 0.41051740781249996 0.5284180453125 0.3889867734375 0.5047514453125 0.372719184375 0.4774124421875 0.3483178 0.46761936718749997 0.3330071265625 0.4631308734375 0.31769645468749996 0.45415388749999996 0.32056720625 0.4639469640625 0.3420978390625 0.48108484531249995 0.3650638484375 0.5161767 0.389943690625 0.5349467625 0.4066897390625