2 0.972641 0.66888 0.020381866435252506 0.05352498933799978
2 0.923856 0.789265 0.04101686960011328 0.03405737400540883
2 0.900875 0.846786 0.03520337921876049 0.04648464867122719
2 0.858263 0.923603 0.032805065516429366 0.04489487667090906
2 0.700458 0.631259 0.028325896641955416 0.02844317333704538
2 0.117718 0.604174 0.04300844473518963 0.09108862400540882
2 0.394734 0.598027 0.056225207349061355 0.0670335060073178
2 0.420533 0.822454 0.04021826143274545 0.05591419267186346
2 0.433373 0.921782 0.0335317518140986 0.04334146733768165
2 0.225424 0.915458 0.03217758293962456 0.026926126670908702
2 0.670195 0.793341 0.03904514183263199 0.02232044267186346
2 0.668271 0.82768 0.03872768330244423 0.03559260200509069
2 0.649025 0.925073 0.032805065516429366 0.044894876670908704
2 0.793477 0.991571 0.028762406260602093 0.04094317333704538
2 0.765672 1.0 0.040853178493120625 0.020819828234436243
2 0.627016 0.988072 0.027008933302444405 0.03545624200349984
2 0.450962 0.978214 0.036039192921091256 0.04805623933799978
2 0.280059 0.981692 0.03720238883740708 0.05900283000477273
1 0.9494303453124999 0.7130438390625 0.97661581875 0.6257497078125 0.7334321390625 0.5881539515624999 0.702197784375 0.7087763828125 0.9494303453124999 0.7130438390625
1 0.7147165156249999 0.7687196703125 0.6965549531249999 0.87558779375 0.8476884968749999 0.8745651109375 0.9037370640625 0.777872334375 0.7147165156249999 0.7687196703125
1 0.7645596593749999 1 0.78947956875 0.939247971875 0.6682520953125 0.930884153125 0.656928253125 0.99472193125 0.7616127578125 1 0.7645596593749999 1
1 0.2327928703125 0.790924825 0.266899740625 0.8719789468749999 0.43154331562500003 0.8697228234375001 0.4126437625 0.776329871875 0.2327928703125 0.790924825
1 0.459006790625 0.99937211875 0.452891628125 0.943675271875 0.3152195390625 0.9420733125 0.33996242187500003 0.993814984375 0.459006790625 0.99937211875
1 0.40880578125 0.666424475 0.376781765625 0.525596971875 0.16258418125000001 0.5119794203125 0.218476603125 0.6795068609375 0.40880578125 0.666424475
5 0.515669 0.729069 0.03554811960011328 0.03399373933799978
5 0.576098 0.737581 0.03872768330244423 0.03559260200509051
2 0.566215 0.991269 0.031396332939624474 0.026917036004136106
2 0.520257 0.994639 0.03261409255827132 0.0394261266709087