2 0.519334 0.356733 0.03515625 0.0234375
2 0.328709 0.584858 0.03359375 0.01875
2 0.651365 0.498139 0.04140625 0.0265625
2 0.494334 0.695014 0.0359375 0.0234375
2 0.551365 0.730952 0.03359375 0.021875
2 0.67324 0.520014 0.03125 0.025
2 0.768552 0.622358 0.0375 0.01875
2 0.664646 0.794233 0.04375 0.02890625
2 0.659177 0.83017 0.0328125 0.02109375
2 0.736521 0.873139 0.0421875 0.0203125
2 0.811521 0.714545 0.0171875 0.01640625
2 0.826365 0.726264 0.01328125 0.01484375
2 0.763865 0.890327 0.02421875 0.01875
2 0.820896 0.927045 0.03359375 0.01875
2 0.653709 0.228608 0.03046875 0.025
2 0.753709 0.36767 0.0328125 0.0171875
2 0.770896 0.384858 0.025 0.01875
2 0.843553 0.488764 0.03125 0.0234375
2 0.849021 0.287983 0.025 0.02421875
2 0.902146 0.372358 0.0421875 0.0203125
2 0.881053 0.783295 0.03046875 0.02109375
2 0.800584 0.185639 0.03359375 0.01875
2 0.926365 0.509077 0.025 0.01796875
1 0.450695103125 0.3606769125 0.302074465625 0.5047664328125 0.4265291453125 0.659730634375 0.6162319093749999 0.5446402625 0.450695103125 0.3606769125
1 0.2887831890625 0.52017223125 0.1897027640625 0.6107945703125 0.2754919125 0.75307164375 0.39269680625 0.680573771875 0.2887831890625 0.52017223125
1 0.1848695734375 0.649762175 0.086997446875 0.7539778671875 0.1317044671875 0.8772242484375001 0.2658255296875 0.7992890375 0.1848695734375 0.649762175
1 0.2899914875 0.189400690625 0.1909110625 0.1286837234375 0.0495402125 0.36430180624999997 0.097872128125 0.4449556890625 0.2899914875 0.189400690625
1 0.11116340312499999 0.5011415390625 0.061623190625000004 0.4304561140625 0.0048331921875 0.5364842515625 0.019332765625 0.617138134375 0.11116340312499999 0.5011415390625
4 0.06766468125 0.9053171750000001 0.09545553125 0.946097228125 0.1280795734375 0.931597653125 0.10270531875 0.8672557921875 0.076122765625 0.8110699421875 0.054373403125 0.76666499375 0.0495402125 0.7131978140624999 0.055581701562499995 0.6869173359375 0.03866553125 0.663355528125 0.00362489375 0.6724177609375 0.0060414890625000005 0.747634303125 0.0362489359375 0.8355379734374999 0.06766468125 0.9053171750000001
5 0.532615 0.245795 0.0421875 0.02421875
6 0.590427 0.185639 0.028125 0.021875
6 0.436521 0.322358 0.02890625 0.02734375
6 0.326365 0.406733 0.04453125 0.034375
6 0.177927 0.527045 0.03125 0.034375
6 0.189646 0.682514 0.03984375 0.0265625
6 0.365427 0.77392 0.02421875 0.02109375
6 0.502146 0.83642 0.053125 0.02109375
6 0.60449 0.887983 0.02890625 0.021875
6 0.688865 0.927827 0.025 0.02421875
3 0.183661275 0.5319531343749999 0.1546621265625 0.49026685781249996 0.1474123390625 0.507485103125 0.17157829687499998 0.5437340390625 0.183661275 0.5319531343749999