1 0.7747711703125 0.622407334375 0.77943795625 0.632176403125 0.794104975 0.6019811328125 0.78543815 0.5939882515625 0.7821046796875 0.6019811328125 0.5927668453125 0.5078428203125 0.59743363125 0.5016261296875 0.5881000578125 0.49540946874999997 0.577777734375 0.5181955390625 0.5867667421875 0.518499984375 0.778104640625 0.6144144546875 0.7747711703125 0.622407334375
1 0.468464946875 0.6571744234375 0.47106329531249996 0.663520225 0.46326813125 0.675058009375 0.4723624984375 0.6831344968749999 0.487952825 0.658905071875 0.481023759375 0.65602060625 0.48145686562499995 0.6433290046875 0.32512063593749996 0.5371810765625 0.3116956375 0.54641134375 0.30779805625 0.5452575640624999 0.2965383890625 0.5562184796875 0.3073649796875 0.5591029453125 0.3168923953125 0.5510264765625 0.468464946875 0.6571744234375
1 0.1744142390625 0.376435140625 0.16965053125000001 0.3891267421875 0.17831182031249998 0.4139330375 0.19260294375 0.441046928125 0.18394165468749998 0.44739272812499997 0.1882723140625 0.45604608593749996 0.20776019375 0.443354484375 0.2034295625 0.4306628828125 0.18913844062500001 0.4116254796875 0.18091021406250002 0.386819184375 0.1848077796875 0.3781657890625 0.1778787578125 0.35624393906249996 0.1722489234375 0.34816747187499997 0.16142231875 0.3510519171875 0.1467265984375 0.3601035859375 0.151894903125 0.372396896875 0.1687844046875 0.362589740625 0.1744142390625 0.376435140625
1 0.3151601421875 0.368358653125 0.42472542031250005 0.4266246390625 0.42299316875 0.43643177499999997 0.43122138125 0.44047001874999997 0.44464640781250003 0.4306628828125 0.44507945624999995 0.41970196875 0.437717340625 0.41624059375 0.4299221765625 0.41739437187500006 0.31256176406249997 0.35912840625000003 0.30086901875 0.366627984375 0.2978375640625 0.358551515625 0.2824500109375 0.37470774218749997 0.2926408078125 0.373550675 0.3030343484375 0.37758891875 0.3151601421875 0.368358653125
1 0.3500364546875 0.3285266421875 0.3482858640625 0.3155341703125 0.3362818421875 0.300876003125 0.33478134375 0.2913342546875 0.3970522125 0.24369522031250002 0.3928008078125 0.2057172328125 0.4025540578125 0.1980550109375 0.401053575 0.1903927875 0.39555173125 0.1887270921875 0.38629863124999997 0.2040515375 0.39205055 0.2351939375 0.326028409375 0.2831661171875 0.3272788328125 0.30282139375 0.3402831890625 0.3208109640625 0.31252387187499997 0.347462175 0.318775975 0.35750982656249997 0.329529590625 0.3458499234375 0.3500364546875 0.3285266421875
1 0.27257925625 0.25748926562499996 0.281597825 0.2631428 0.283719834375 0.2765699390625 0.2879638640625 0.278925578125 0.2953909328125 0.27586325 0.3029948046875 0.26714738125 0.302464296875 0.2624361109375 0.299458121875 0.2591382140625 0.294860425 0.25819595781250004 0.28937855 0.2619649765625 0.2877870359375 0.257724828125 0.285665015625 0.252777990625 0.2881407046875 0.251835734375 0.289201709375 0.2450043828125 0.28528967656250004 0.237529903125 0.27806113125 0.24194205000000002 0.2791221359375 0.246653328125 0.27257925625 0.25748926562499996
1 0.317848915625 0.2475955859375 0.308830346875 0.253955809375 0.3167879 0.2612582875 0.3284589859375 0.251129040625 0.325629640625 0.2442976890625 0.32209295781249997 0.23087055156249997 0.3121902015625 0.22922160468750002 0.305293665625 0.23204837031249997 0.2989276140625 0.232755059375 0.296628753125 0.22969273124999998 0.28703979375 0.23701135 0.299458121875 0.24241317968749998 0.3118365453125 0.2367596453125 0.316257415625 0.238879721875 0.317848915625 0.2475955859375
1 0.434794975 0.270016140625 0.5380483640625 0.313299621875 0.5380483640625 0.320994453125 0.5445468328125 0.3229181578125 0.551767328125 0.3181088984375 0.5535724875 0.3060856984375 0.549240190625 0.30175736406250003 0.5423806609375 0.305123846875 0.4358780609375 0.262802234375 0.42432522187500005 0.2685733640625 0.4181878140625 0.26328316093750004 0.4117357234375 0.26897075937500003 0.416021640625 0.2738635578125 0.42685240625 0.27723005624999997 0.434794975 0.270016140625
1 0.6856339078125 0.3703555125 0.8480955203124999 0.4396090703125 0.8480955203124999 0.44586112499999997 0.8585652749999999 0.45067038437500007 0.8650637437500001 0.43095236875 0.6860660453125 0.35895851562500003 0.6762472390625 0.3799740640625 0.679496475 0.3823786953125 0.6856339078125 0.3703555125
1 0.7311528796875 0.7727567390625001 0.72898653125 0.767492871875 0.737482609375 0.739198534375 0.7536251328125 0.7442915203125 0.7612716046875 0.7301443328125 0.7404562421875001 0.7210901296875 0.720490453125 0.7680587375 0.7255881125 0.7742834953125 0.7039231140625 0.82691099375 0.6907541953125 0.8099343984375 0.683005896875 0.83283045625 0.6920285875000001 0.841794965625 0.6967014296875 0.855942115625 0.7111447703125 0.827647778125 0.7311528796875 0.7727567390625001
1 0.80120318125 0.6049925125 0.80969923125 0.607256053125 0.8063008109375 0.623100896875 0.81139846875 0.61913968125 0.813947284375 0.597635984375 0.8050263890625 0.5925429984374999 0.8058760218750001 0.5783958296875 0.796955128125 0.5648145453125 0.789733471875 0.578961715625 0.800353546875 0.585186471875 0.80120318125 0.5925429984374999 0.80120318125 0.6049925125
1 0.4692163171875 0.3892261015625 0.451308621875 0.40115364531250003 0.455487090625 0.4071174109375 0.4632470859375 0.39757538124999997 0.6044193734375 0.4687430359375 0.6002409046875 0.478285065625 0.6073294265625 0.4871478140625 0.6181485796875 0.4743092171875 0.6115824265625001 0.47033338281250003 0.6109855265624999 0.458803421875 0.4692163171875 0.3892261015625