2 0.537315 0.844948 0.02578125 0.0265625
2 0.649814 0.645729 0.01796875 0.02421875
2 0.296689 0.618385 0.015625 0.0265625
2 0.445908 0.458229 0.0140625 0.0234375
2 0.467002 0.437917 0.015625 0.02421875
2 0.569346 0.323073 0.015625 0.0296875
2 0.766221 0.451979 0.01796875 0.01796875
2 0.690439 0.579323 0.01953125 0.02578125
2 0.799033 0.451979 0.021875 0.02421875
2 0.845908 0.363698 0.0171875 0.0171875
2 0.862315 0.332448 0.021875 0.021875
2 0.899814 0.266042 0.0171875 0.021875
2 0.744346 0.191823 0.01484375 0.0171875
2 0.688096 0.255104 0.01875 0.02109375
2 0.674033 0.270729 0.01484375 0.0234375
1 0.16943279375 0.269354696875 0.26783414687499996 0.45355855468749995 0.43335695156250004 0.3466855625 0.3017207046875 0.20940155468750002 0.16943279375 0.269354696875
1 0.30693402187499996 0.4526896671875 0.562386540625 0.8862638421875 0.7585375828124999 0.647320159375 0.478321809375 0.336258928125 0.30693402187499996 0.4526896671875
1 0.6288563296875 0.241550340625 0.9162404125 0.46832961875 0.979451878125 0.3518988796875 0.733774328125 0.1755149953125 0.6288563296875 0.241550340625
1 0.44639024374999997 0.139021778125 0.5851948015625 0.27196135625 0.6712145265625 0.20679489687500002 0.5343649640625 0.10687299218749999 0.44639024374999997 0.139021778125
2 0.433408 0.239479 0.0203125 0.0140625
2 0.155283 0.466042 0.02109375 0.03046875
2 0.299815 0.351198 0.01875 0.03125
2 0.327158 0.32776 0.0125 0.0328125
2 0.174815 0.26526 0.0203125 0.02421875
2 0.312314 0.173073 0.02578125 0.02265625
2 0.515439 0.094948 0.0125 0.0203125
2 0.613096 0.135573 0.01640625 0.015625
2 0.557627 0.194948 0.01953125 0.0265625
2 0.481065 0.268385 0.0203125 0.02421875
4 0.291294071875 0.195499378125 0.30693402187499996 0.1859416296875 0.314753996875 0.1815971984375 0.336258928125 0.17812165468750002 0.35580886562499997 0.1737772234375 0.3727521453125 0.1755149953125 0.3812237859375 0.1755149953125 0.38774043125 0.18072831250000002 0.3923020828125 0.18072831250000002 0.39947039375000004 0.17725276875 0.4092453625 0.1685639078125 0.415762009375 0.1624817046875 0.4105486921875 0.15553061562499998 0.40533537500000005 0.1503172984375 0.4020770515625 0.14510398124999999 0.40794203281249997 0.13728400624999998 0.4235819828125 0.136415121875 0.4379186046875 0.1303329171875 0.4587718703125 0.1268573734375 0.5004784046874999 0.1103485375 0.5154666906250001 0.0938397 0.519376678125 0.06864200468750001 0.5180733484375 0.061690914062500005 0.511556703125 0.05734648437499999 0.470501834375 0.0781997515625 0.4372669390625 0.086019725 0.41185202031249996 0.09818413125 0.3779654625 0.112086309375 0.3232256359375 0.1346773484375 0.2730474625 0.144235096875 0.22026263125 0.1737772234375 0.1805110921875 0.18420385781249998 0.1563995015625 0.19897492187500002 0.1805110921875 0.25545251874999997 0.2196109671875 0.233730365625 0.24632921562500001 0.2198281890625 0.291294071875 0.195499378125
3 0.1146929671875 0.11990628437499999 0.0912330421875 0.1268573734375 0.1029630046875 0.1746461109375 0.12251294374999999 0.1937616046875 0.131636246875 0.1963682625 0.1146929671875 0.11990628437499999
5 0.92794 0.123073 0.0125 0.01796875
5 0.863096 0.100417 0.01171875 0.02265625
5 0.805283 0.080885 0.0171875 0.0171875
5 0.750596 0.061354 0.0140625 0.0125
5 0.701377 0.045729 0.01015625 0.01796875
5 0.656064 0.029323 0.0140625 0.02265625
5 0.609971 0.01526 0.0140625 0.01796875
5 0.568565 0.0 0.01796875 0.021875
3 0.5304549765625 0.3388655875 0.5480499203125 0.3571121953125 0.5565215593749999 0.35016110624999996 0.548701584375 0.336258928125 0.59431810625 0.304979028125 0.5832398078125001 0.29281462187499996 0.5441399328125 0.3232256359375 0.5304549765625 0.3388655875