6 0.5419341994589171 0.6919945574676036 0.04127677521477065 0.02827112357510426
6 0.32522805631089347 0.6431979540284718 0.0388101944820761 0.025872822188333443
5 0.4617907553155252 0.49410387775607595 0.04164526741285464 0.03530237357510409
5 0.30183922320334966 0.49392530585208305 0.03202460594746528 0.030396668028020813
5 0.20060427182386867 0.4900391992788192 0.038151775214770645 0.028198388392743114
6 0.6150706428093393 0.26425011075423555 0.03223264586155707 0.019477351823611145
6 0.5787303510862253 0.30255019776020786 0.03847932383528967 0.03444838839274311
6 0.3427585515611951 0.3384740864372914 0.03453545228399211 0.01875065321038196
6 0.20164555065668394 0.36594773584795115 0.03716580732694626 0.02427395459715278
5 0.7736533474681806 0.39477014608909655 0.022448210085908294 0.011446646276527783
5 0.7649168345778818 0.30836052061413133 0.027790807326946165 0.02405574905006951