5 0.011639 0.466824 0.04074405108845912 0.026708623575104083
5 0.374915 0.832801 0.03829117368379738 0.023529072188333444
5 0.421361 0.776897 0.04473214664195542 0.029143292553055745
5 0.462611 0.728679 0.03424851442797028 0.01953190321038196
5 0.503489 0.692161 0.029861114790789855 0.02801655043684015
5 0.541051 0.650101 0.024228673683797376 0.023201763867708357
5 0.573253 0.611039 0.028861609981466606 0.021748366641250173
5 0.595463 0.576429 0.031259923683797555 0.023365418028020814
5 0.615957 0.559732 0.031795637023308565 0.016352351823611146
2 0.004454 0.238717 0.04325149219545169 0.03145067496187508
2 0.206703 0.151312 0.027271828130301136 0.020930749050069464
2 0.272026 0.323007 0.028779764427970277 0.019404616641249994
2 0.067105 0.400982 0.040662205534962845 0.024364873575104085
2 0.201733 0.120753 0.03263145072563942 0.017933035619201388
2 0.240724 0.38785 0.031205359981466518 0.021802918028020812
2 0.062757 0.500019 0.028861609981466564 0.021748366641249996
2 0.293236 0.528022 0.020131450725639422 0.017642094889756876
2 0.119657 0.631706 0.03519345553496285 0.024237587005972294
2 0.14495 0.685377 0.03624752404661713 0.03206827080156245
2 0.303375 0.550115 0.03416666887447395 0.017188153210381963
2 0.198234 0.802929 0.026009428493120802 0.029488131458889198
2 0.347502 0.673698 0.02409226442797028 0.019295513867708357
2 0.344173 0.086598 0.026436014427970278 0.019350065254479177
2 0.355312 0.11496 0.028725200725639423 0.017842116641250037
2 0.399531 0.263525 0.024419646641955416 0.028670513867708358
2 0.477393 0.280169 0.02384672776748147 0.012264263867708357
2 0.364186 0.324371 0.03979910998146661 0.02200293977951393
2 0.504469 0.407259 0.020158732576804894 0.018423344889756877
2 0.533333 0.49614 0.022447918874474126 0.016915396276527873
2 0.447435 0.584692 0.026463296279135663 0.020131315254479178
1 0.058358287499999995 0.2573401921875 0.103082240625 0.4008616390625 0.28762505156249996 0.3375390640625 0.24346375937500003 0.210130203125 0.058358287499999995 0.2573401921875
1 0.5191833578125 0.23747698593750002 0.4852522828125 0.126405725 0.400218753125 0.15018573125 0.43785060937500003 0.27502769531250004 0.5191833578125 0.23747698593750002
2 0.474052 0.095086 0.029451887023308386 0.016297800436840326
2 0.505942 0.203553 0.02115823738612832 0.024691528685347207
2 0.499471 0.375918 0.028916173683797553 0.023310866641249994
4 0.44817807031249995 0.7244438359375 0.479137246875 0.6889405671875 0.5102652265625001 0.6582710734375 0.5372934468749999 0.6331409781249999 0.5776951109375 0.5914176890625 0.60082050625 0.5774663984374999 0.61863130625 0.5650013578124999 0.5936721406250001 0.55717565625 0.544822875 0.572138165625 0.5007485625 0.60089638125 0.477955653125 0.6551041359374999 0.4544696390625 0.6279933343749999 0.44625221093749995 0.5770886796875 0.41167665312499996 0.6012381328124999 0.43094526718750004 0.6612547281250001 0.40883266718750005 0.7042086750000001 0.3370779609375 0.770156421875 0.2540418859375 0.8511361078125 0.2962389640625 0.89156200625 0.2886967359375 0.8599924546875 0.344080546875 0.8170079296875 0.37744126875 0.7888053265625 0.4149580140625 0.756674584375 0.44817807031249995 0.7244438359375
3 0.28954833125 0.33114403281250004 0.31450749375 0.338969734375 0.33890399375 0.33068285 0.35999357656250003 0.31990407187500003 0.40242594218749994 0.30559718125 0.4156024546875 0.2833645828125 0.3922340828125 0.22888738593750002 0.36971481562499997 0.16799015781249999 0.34960220625 0.08380468437500001 0.3225330515625 0.015556785937500001 0.2774459453125 0.0153123453125 0.3227990515625 0.1153798140625 0.344863075 0.19397588593749998 0.3499142484375 0.2464167953125 0.3457531140625 0.280933846875 0.2950087015625 0.3030970171875 0.28954833125 0.33114403281250004
3 0.3891088109375 0.661890921875 0.34994753749999996 0.5547228 0.3161238859375 0.4774629703125 0.2995995234375 0.40382568125 0.2916480984375 0.4527440546875 0.34496543125 0.5964655140625 0.359712290625 0.64993706875 0.37327755625000003 0.6695721906250001 0.3891088109375 0.661890921875
1 0.16073719687500002 0.6380611 0.30590647031249996 0.5536977328125 0.2535737984375 0.43817329843749997 0.111683309375 0.5242229296875001 0.16073719687500002 0.6380611
1 0.2341210984375 0.803178953125 0.36092201875 0.684579128125 0.3238477140625 0.6064386625 0.1892232328125 0.6854126421875 0.2341210984375 0.803178953125
1 0.43451302812500003 0.456069271875 0.51677928125 0.4145154171875 0.498449284375 0.3199067671875 0.40767404999999995 0.36367749531250004 0.43451302812500003 0.456069271875
1 0.4908559453125 0.5942263328124999 0.5544111375 0.53935738125 0.5243215109375 0.44608497187499996 0.45714993593750003 0.4896001046875 0.4908559453125 0.5942263328124999
1 0.0298492296875 0.1785941109375 0.209100465625 0.1481523265625 0.1690670640625 0.016009696875 0.0021151 0.0298332859375 0.0298492296875 0.1785941109375
1 0.392113859375 0.1025035921875 0.477062990625 0.0763066984375 0.4715514640625 0.07215354375000001 0.46206293125000003 0.0155844796875 0.35577613124999996 0.0147205765625 0.392113859375 0.1025035921875
2 0.460505 0.042469 0.023983137023308565 0.016170513867708357
1 0.517647440625 1 0.70388736875 0.732005484375 0.6698718921875 0.6185173374999999 0.3772136703125 0.9666993937499999 0.484479134375 1 0.517647440625 1