1 0.8219033984375 0.2232810625 0.7785140859374999 0.329120125 0.7766841796875 0.352927921875 0.75039034375 0.37696161093749997 0.77641815 0.38022185 0.7857072656249999 0.33628173125 0.8279350296875 0.2303885703125 0.8219033984375 0.2232810625
1 0.6790393140625001 0.3053725921875 0.72787948125 0.20661398593750002 0.7149953625000001 0.20806187187499997 0.6716676859375 0.3016159625 0.6582417656249999 0.3467287203125 0.6688125281249999 0.3560956140625 0.6858334515625 0.3534750875 0.6839029359375 0.3458759359375 0.67304665625 0.3419570046875 0.6790393140625001 0.3053725921875
1 0.765393059375 0.26843510625 0.771985978125 0.25372370312500003 0.761058321875 0.2511667640625 0.756671690625 0.257106375 0.7506498046875001 0.2609218484375 0.7452086921875 0.2647643734375 0.7427785234375001 0.266699159375 0.73955344375 0.2726928703125 0.733469921875 0.288793315625 0.7256440734375 0.3048126109375 0.735088975 0.313444409375 0.745452059375 0.293447340625 0.754724971875 0.2720341796875 0.765393059375 0.26843510625
1 0.7210499859375 0.5257798046875 0.7703800609375 0.40656427968750003 0.762320590625 0.40482358906250004 0.7524214687499999 0.4159677125 0.74403105 0.4094330015625 0.7392161453125 0.4235445609375 0.7501438015625 0.42610149843749995 0.710703103125 0.5232499171875 0.7210499859375 0.5257798046875
1 0.64498455 0.377513521875 0.5810280296875 0.4980957828125 0.591919996875 0.5013337156250001 0.6491310984374999 0.3872638609375 0.6526773828125 0.3751411890625 0.64498455 0.377513521875
1 0.709304534375 0.3388671390625 0.7174970203125 0.3269608671875 0.71259125 0.32058845625 0.707185828125 0.323749984375 0.704174884375 0.3256577203125 0.6992788578125 0.3302082890625 0.695365934375 0.3382179375 0.691998096875 0.34693563125 0.70241635625 0.3481035265625 0.709304534375 0.3388671390625
1 0.7328405390625 0.3563471359375 0.7138177203125 0.3527305015625 0.7033735140624999 0.36316658125 0.7155697890625 0.3637346328125 0.7242814156249999 0.3641403828125 0.737639240625 0.364762534375 0.7408643203125 0.3587688234375 0.7328405390625 0.3563471359375
0 0.9474288609375 0.43870348750000004 0.7884554671874999 0.4060408390625 0.7483366671875 0.516128175 0.9177380656249999 0.5608817 0.9474288609375 0.43870348750000004
0 0.8614577359375 0.21283549375000002 0.8075268921875001 0.342076603125 0.9621752906250001 0.3683938890625 0.9878720390625 0.24466433593749998 0.8614577359375 0.21283549375000002
0 0.5860532953125 0.1601421078125 0.5060888890624999 0.2739059953125 0.6327693421875 0.305914740625 0.6963101734375 0.18063535 0.5860532953125 0.1601421078125
0 0.5597649375 0.4868098640625 0.6196779921875 0.36827258125 0.488183615625 0.3406470078125 0.415354325 0.44322475937499994 0.5597649375 0.4868098640625
0 0.9101270953125 0.58682905 0.715000509375 0.5362744296875 0.6456421078125001 0.6850876796875001 0.8780173484375 0.7496635421875 0.9101270953125 0.58682905
0 0.44562130624999996 0.6404482828125 0.5126986625 0.4976719703125 0.334064984375 0.444813928125 0.2341514390625 0.5768461031250001 0.44562130624999996 0.6404482828125