0 0.705713 0.949792 0.22257495764913057 0.13064649420903188
0 0.380795 0.920592 0.278152791958086 0.15197999276128976
0 0.593623 0.739828 0.1740738251355733 0.11745298138875011
0 0.341379 0.710887 0.20783574677854624 0.14792388544152607
0 0.592165 0.587375 0.1567772408266178 0.0979024607105858
0 0.381337 0.558801 0.15054996672431678 0.10151761228216234
1 0.7339341312500001 0.76536411875 0.76024936875 0.9648617859374999 0.7903251499999999 0.9576783546875 0.7545153906250001 0.7742226609375 0.7679349046875 0.7735976375 0.76787780625 0.7637831671875001 0.757550575 0.75304454375 0.7339341312500001 0.76536411875
1 0.6880073515625 0.47158599375000004 0.70599220625 0.593637909375 0.7321088328124999 0.5873378078125 0.729691709375 0.5790357046875 0.716223253125 0.5712482796875 0.7013780296875 0.4625485625 0.6886825109375 0.451920196875 0.6689805484375 0.45844761875 0.668313440625 0.47951553437500005 0.6880073515625 0.47158599375000004
1 0.48370662031249995 0.7784211 0.483218984375 0.8077726406249999 0.5154370984375001 0.80358976875 0.5121245765625 0.7770975124999999 0.5347702296875 0.5979314484375 0.5189825359375 0.598666771875 0.5103563765625 0.6088857171875001 0.5206428203125 0.612613959375 0.499559675 0.7889023078124999 0.48370662031249995 0.7784211
1 0.2051182515625 0.8026161374999999 0.19938277499999998 0.8240797796875 0.22658665 0.828262815625 0.2328283671875 0.815350034375 0.232803896875 0.811143834375 0.2382480453125 0.7968657515625 0.30677605625000004 0.6323921390625 0.2854625890625 0.6333848296875 0.29179398125 0.6358948343749999 0.22397381093750002 0.7863109625 0.21936801562500002 0.8089647265625001 0.2051182515625 0.8026161374999999
1 0.4629102546875 0.5968460062500001 0.46307339531249997 0.624887440625 0.48201868125 0.62400505 0.487462778125 0.60972696875 0.4787713625 0.6087293328125 0.4740105828125 0.60474368125 0.47475105156249997 0.5962945125 0.49231967499999996 0.4944997296875 0.483579265625 0.4850896921875 0.4670347875 0.49147005312500003 0.4678730890625 0.49984573593750004 0.48368530625000006 0.5033166109375 0.4629102546875 0.5968460062500001
1 0.3715434171875 0.5001249750000001 0.3608354609375 0.5170961609375 0.381073134375 0.5094982953125 0.381016034375 0.4996837796875 0.38322923124999997 0.472934159375 0.383123190625 0.454707240625 0.3838391875 0.4420518234375 0.38450619218750004 0.420983959375 0.38200749843750004 0.39866109375000003 0.37879286093750003 0.388993734375 0.3621505 0.37854919531250003 0.355933253125 0.3956682265625 0.3591234734375 0.40112942812499996 0.368620559375 0.40489447968750003 0.3702972140625 0.42164575312499997 0.370386940625 0.43706853749999997 0.37211253593750004 0.46223230624999995 0.37221042031249996 0.47905715625 0.3715434171875 0.5001249750000001
1 0.518785459375 0.47460138281250003 0.51419504375 0.500076575 0.5216845796875 0.4961439140625 0.54882054375 0.48798261875 0.563795065625 0.48728517031249996 0.5648584765625 0.47935288125 0.563651790625 0.46265826250000003 0.5662758218749999 0.4369171234375 0.5834344765624999 0.43020586875 0.604486815625 0.42528397812499996 0.62722593125 0.42422488593749996 0.6421890671875 0.4215572859375 0.6488329390625001 0.41927712812499995 0.6671237031249999 0.41645454062500004 0.6681756531249999 0.40655210625000004 0.6702909390625 0.38871742187499997 0.668523928125 0.37106352343750004 0.6717943234375 0.3610577640625 0.684481628125 0.348642721875 0.6788609765625 0.336095046875 0.66832334375 0.33658584375 0.6544465453125 0.3352614859375 0.659038171875 0.361651890625 0.6591413296875 0.3793832828125 0.65368695 0.3954028078125 0.6270654625 0.3966427234375 0.5893919421875 0.40529481250000005 0.5638854453125 0.4074681375 0.551198140625 0.4198831796875 0.5513414171875 0.4445100875 0.554812396875 0.46898200624999997 0.5503869671875 0.4711588390625 0.5365216312500001 0.47180462656250005 0.518785459375 0.47460138281250003
1 0.4004763140625 0.9814829140624999 0.40174935625 0.954635109375 0.40933629062500004 0.9237360859375 0.412457640625 0.8881183437500001 0.423372240625 0.8570643312499999 0.427597121875 0.8204098500000001 0.43578449375000006 0.7973656171875 0.4557619984375 0.79840583125 0.4423997125 0.7901600921874999 0.42246232656249993 0.7960154265625 0.41866599375 0.8109723843750001 0.4094553625 0.848844453125 0.40470454531250005 0.89045013125 0.3938204390625 0.9267456718749999 0.38955544375 0.9565046031250001 0.3835807828125 0.9784604375000001 0.4004763140625 0.9814829140624999