2 0.883794 0.8402 0.026798857336090796 0.021704581637205768
2 0.973702 0.762877 0.019713063335454438 0.016648589439121862
2 0.560007 0.283301 0.012718176002545434 0.01940509724103805
2 0.533226 0.303443 0.021321016669318026 0.02063672659425162
2 0.478103 0.343809 0.0158159040022273 0.017225121551297563
2 0.586713 0.470848 0.011955107336090797 0.020926653663473082
2 0.568645 0.480384 0.011164766669318028 0.020104460085908115
2 0.49716 0.517703 0.013472154002227298 0.017102290818602837
2 0.399723 0.369778 0.018186926002545435 0.019691702283992106
2 0.352494 0.402704 0.018141472668681758 0.015785452283992106
2 0.330419 0.421038 0.012781810669954296 0.024873847241038048
2 0.284788 0.450756 0.016633516669318026 0.02039106512886235
2 0.300902 0.609189 0.019694882001909164 0.015086089439121864
2 0.354373 0.576718 0.014289766669318027 0.020268234396167806
2 0.367708 0.571334 0.01039260733609062 0.020844766508343326
2 0.427447 0.536972 0.017432948002863567 0.02199450870642732
2 0.654879 0.852978 0.018196016669318027 0.02047295228399193
2 0.619677 0.858727 0.018232379336408932 0.02359795228399193
2 0.551508 0.879476 0.0197221540022273 0.017429839439121863
2 0.468587 0.893191 0.016578972668681757 0.01570356512886235
2 0.410674 0.904815 0.015052835335772664 0.01874667797373277
2 0.387146 0.913856 0.015906810669954297 0.025037621551297563
2 0.340961 0.924084 0.018959085335772664 0.018951395861557075
2 0.312456 0.756931 0.011882382001908987 0.01467665366347326
2 0.368179 0.732149 0.015098288669636162 0.02265292797373277
2 0.385394 0.728904 0.02222953600413611 0.03161517017181659
2 0.448194 0.699848 0.01899544800286357 0.022076395861557074
2 0.520987 0.684321 0.015824994668999892 0.018006371551297563
2 0.597868 0.652965 0.016642607336090798 0.021172315128862352
2 0.613538 0.64824 0.011173857336090798 0.020885710085908293
5 0.914591 0.676185 0.030696016669318073 0.021128049525030335
5 0.891509 0.579798 0.025972154002227167 0.01775738805964089
5 0.818438 0.216664 0.024418744668999893 0.018456750904511134
5 0.602221 0.345893 0.01832328600413611 0.031410452283992106
5 0.80305 0.130024 0.026826129336408933 0.024048331637205787
5 0.669287 0.755407 0.015906810669954384 0.025037621551297563
5 0.938064 0.806125 0.022084085335772618 0.019115170171816586
5 0.983468 0.795938 0.018205107336090792 0.021254202283992284
1 0.6903147515625 0.8717572890625 0.708535465625 0.7295776265625 0.581466215625 0.690273484375 0.56336245 0.8425038046875001 0.6903147515625 0.8717572890625
1 0.47922593437499994 0.8236553843750001 0.503010246875 0.65351705625 0.38927225781249997 0.62118940625 0.3573345671875 0.7865059515625 0.47922593437499994 0.8236553843750001
1 0.5279753140625 0.45832928281249996 0.549908090625 0.3188552953125 0.453584521875 0.26484010156250004 0.4182985546875 0.39545309687499997 0.5279753140625 0.45832928281249996
1 0.7247275390625 0.539580128125 0.7374212015625 0.4284999671875 0.63656129375 0.36420250468750004 0.6122214703125 0.486600196875 0.7247275390625 0.539580128125
4 0.6190220328125 0.6282078171875 0.6279192874999999 0.6336963671875 0.637458084375 0.6310573578125 0.6166953890625 0.6180413515625001 0.5973327296875001 0.598820884375 0.5808432359375 0.5734731625 0.5621367375 0.54738146875 0.544247209375 0.52823820625 0.527881975 0.513569309375 0.5198016890625 0.515029190625 0.5428983390625 0.5388398296875 0.5609048171875 0.5680337515625 0.5751553796875 0.5907530046875 0.588603590625 0.6077801578125 0.60492496875 0.61868005625 0.6190220328125 0.6282078171875
3 0.6088911765625 0.5799653578124999 0.5903454859374999 0.567693321875 0.582067846875 0.5521927125 0.5643318140625 0.5462409421875 0.5608463421875001 0.563008421875 0.582330984375 0.5748066984375 0.6016790249999999 0.5927708328125 0.615090690625 0.6066571546875 0.63357790625 0.6139038609374999 0.6461799125 0.6214699203125 0.6470407375 0.6321873484375 0.6544575515625 0.6369705296875 0.672295915625 0.6517166265625 0.691548934375 0.6615146000000001 0.694129725 0.6302606953125001 0.6741766890625 0.6235649515625 0.659328440625 0.61274225625 0.6444875015625 0.6025477265625 0.6325855140625001 0.591879440625 0.6088911765625 0.5799653578124999
3 0.5136456765624999 0.4991049921875 0.48700543593749995 0.48003790156250004 0.44535041093750005 0.46302816562500004 0.5136456765624999 0.4991049921875