0 0.885462071875 0.265321884375 0.7324534890625001 0.26368881875 0.7352513203125 0.641419365625 0.8978621828125 0.6356524671875 0.885462071875 0.265321884375
0 0.73504929375 0 0.7328710109375 0.251732525 0.8869593859375 0.24904290156250003 0.875335809375 0 0.73504929375 0
0 0.676991171875 0.2614935 0.680050825 0.0051943703125 0.5455334296875 0.0016853515625 0.53494681875 0.2566515609375 0.676991171875 0.2614935
0 0.671750459375 0.6525427203125 0.681594571875 0.27356803125 0.5311182999999999 0.2698967484375 0.5169735390625 0.65085154375 0.671750459375 0.6525427203125
0 0.3620924203125 0 0.33870670625 0.2615412015625 0.47937396718749997 0.2576215890625 0.495701646875 0 0.3620924203125 0
0 0.4567067734375 0.64165365625 0.47592638750000005 0.280381303125 0.33413841875 0.2718707890625 0.30282305625 0.6384826796875 0.4567067734375 0.64165365625
1 0.9153505531249999 0.277597565625 0.905999121875 0.2821536140625 0.8995803375 0.295444015625 0.7151795328125 0.29866274375 0.6986974203125 0.28870059531250003 0.693310559375 0.322472675 0.9181791968749999 0.31708327187499996 0.9153505531249999 0.277597565625
1 0.7086524515625 0.2445990265625 0.7097175328125 0.2086107375 0.506215596875 0.2100617984375 0.5098117625 0.227570109375 0.6975294421875 0.22575779218749997 0.7001811859375 0.24621110000000002 0.7086524515625 0.2445990265625
1 0.5063837515625 0.3257354953125 0.5082782390625 0.2798165984375 0.4978656078125 0.280492071875 0.49972653125 0.299494978125 0.3068032953125 0.3057909765625 0.291033078125 0.32363742812499996 0.29064711875000004 0.3587864265625 0.3133814265625 0.358389596875 0.32045230625 0.3245881203125 0.5063837515625 0.3257354953125
1 0.704552496875 0.6270777453124999 0.705882771875 0.5889836515625 0.485377765625 0.5899040671875 0.47988851875 0.6266064484375 0.48657355312500006 0.6279539703125 0.4904020703125 0.6147088796875 0.6974348531250001 0.6140236234375 0.6950856984375 0.633100015625 0.704552496875 0.6270777453124999
1 0.2686494765625 0.5966614046875 0.27799111875000004 0.5525247249999999 0.23946324218749998 0.5473402046875 0.22538145312500002 0.5168364640625 0.21622163906249997 0.5140678359375 0.20874144375 0.5595905109375 0.21606368593749997 0.5667840328125 0.2201991921875 0.544747946875 0.23463913593750002 0.5649954921875 0.24795792031250002 0.56915583125 0.262220903125 0.570371175 0.257192253125 0.593887059375 0.2686494765625 0.5966614046875
1 0.2924142953125 0 0.2825648140625 0.0118975609375 0.270354034375 0.16878666874999998 0.2751225203125 0.20091718281249998 0.290125271875 0.20504803124999998 0.2900419515625 0.279726828125 0.302441109375 0.29146780156249996 0.306119153125 0.253089478125 0.2976478265625 0.2547016515625 0.30183895625 0.182879665625 0.276783246875 0.1774599875 0.2945679234375 0 0.2924142953125 0
1 0.2623329 0.16807006093750002 0.26711613437500004 0.1410221609375 0.2547929375 0.132451721875 0.23905053281250002 0.1254052234375 0.23223547656250002 0.1518808515625 0.23177499687499997 0.16506725 0.24575880312499998 0.15018059374999998 0.2504527703125 0.1603485078125 0.2505272890625 0.18231110781249998 0.2623329 0.16807006093750002
1 0.255700746875 0.251041021875 0.2589708046875 0.205591834375 0.24876435156249999 0.208698503125 0.2493505125 0.21600960468750002 0.24325175312499997 0.221973084375 0.23781813281250003 0.2088895703125 0.2307005453125 0.1958355453125 0.22386213124999998 0.1988834234375 0.223680828125 0.228171821875 0.23095190937500001 0.2368304453125 0.24074915937500002 0.245444975 0.255700746875 0.251041021875