1 0.712195946875 0.01263975 0.227008990625 0.0188959921875 0.2695721671875 0.223862934375 0.6567346093750001 0.21912697187500002 0.712195946875 0.01263975
1 0.99714663125 0.0208658203125 0.7518613609375 0.0168109171875 0.6974423265625 0.2046205078125 0.99767989375 0.20556769375 0.99714663125 0.0208658203125
1 0.618349475 0.4287650625 0.5970182734375 0.49317394999999997 0.7985986609375 0.48559642812500003 0.8396613468749999 0.41834598281249996 0.618349475 0.4287650625
1 0.5941921812500001 0.4240291328125 0.3158191859375 0.44107854843750005 0.326484821875 0.519695228125 0.5749940296875 0.50359303125 0.5941921812500001 0.4240291328125
1 0.5386923578125 0.27779414999999996 0.2416545078125 0.29105482031249996 0.2560530859375 0.40661186093749996 0.5237604453125 0.3924040359375 0.5386923578125 0.27779414999999996
3 0.727864725 0.5800796265625 0.7251983421875 0.592393078125 0.7401301828125 0.61038968125 0.7545288328125 0.6047065328125 0.7555953578125 0.5971290421875 0.74492975625 0.5933402640625001 0.7395969203125 0.5649246140625 0.7411967781250001 0.548822384375 0.7411967781250001 0.5279842234375 0.7470628765625 0.5090404359375 0.7524477890625 0.49533553750000003 0.7262648671874999 0.49767416875 0.7267982 0.539350490625 0.7246650796874999 0.55639990625 0.727864725 0.5800796265625
3 0.3651596265625 0.5961818562500001 0.4984800265625 0.5819739984375001 0.5011464078125 0.524195478125 0.5299436375 0.5232482921875 0.5560744125 0.5185123296875 0.5571410078125 0.5061988765625001 0.4894142125 0.519459515625 0.48888095 0.5649246140625 0.35076101249999997 0.57629088125 0.3502277140625 0.6283862828125 0.3304962984375 0.6283862828125 0.33476253906250003 0.6454356671875 0.3630264703125 0.6435412953124999 0.3651596265625 0.5961818562500001
3 0.35302964062500003 0.5381308 0.35302964062500003 0.5248701609374999 0.32636553125 0.525817346875 0.30130128125 0.4159434234375 0.2715774609375 0.41506016562500003 0.2927688 0.4415175171875 0.3141000734375 0.530553309375 0.35302964062500003 0.5381308
3 0.21011012812500002 0.0050757921875 0.1818462328125 0.002234203125 0.2410404765625 0.2664999921875 0.26717128749999997 0.2551336921875 0.21011012812500002 0.0050757921875
3 0.7313364078125 0.0011728578125 0.6551477484375 0.252292165625 0.6786121406250001 0.2494505765625 0.7554046796875 0.0012870171875 0.7313364078125 0.0011728578125
3 0.9389913078125 0.25223360625 0.9549897453125 0.244656084375 0.9592560562499999 0.23234263125000001 0.925443821875 0.2315736015625 0.9229928718749999 0.2531807921875 0.8280687765625 0.3905232109375 0.8488667156249999 0.40662540937499997 0.9389913078125 0.25223360625
3 0.5723755140625 0.25953669687500003 0.5979730625 0.24154009375 0.5542439578125 0.2434344828125 0.55477721875 0.26332544062499996 0.5286464078125 0.40824538125 0.5441115828124999 0.41487571718750005 0.5723755140625 0.25953669687500003
1 0.905440253125 0.2735384359375 0.6277114359375 0.2768052921875 0.5973635796875 0.3944104921875 0.8235930390625 0.391143690625 0.905440253125 0.2735384359375
3 0.6083991921874999 0.4044730453125 0.6028813546875 0.41427345156250006 0.5752924171875 0.5122778390625 0.59644398125 0.51881144375 0.6203544015625 0.4208071109375 0.6083991921874999 0.4044730453125
0 0.5475191546875 0.2271254515625 0.287009421875 0.22848734999999998 0.292407571875 0.2778365984375 0.5426070453125 0.27016709843750003 0.5475191546875 0.2271254515625
0 0.9202432625 0.21929375 0.6948948421875001 0.22169533437500002 0.6766571 0.2628439265625 0.8941160187499999 0.2635578609375 0.9202432625 0.21929375
0 0.8135670421875 0.3905840625 0.6289976375 0.3947869390625 0.623791834375 0.42336640000000003 0.8003158828125001 0.41412010312499997 0.8135670421875 0.3905840625
0 0.52251010625 0.3973086484375 0.317509884375 0.407198421875 0.322796559375 0.43765614375000006 0.517777540625 0.4258881109375 0.52251010625 0.3973086484375
0 0.7243038953125 0.494193121875 0.614668740625 0.502492796875 0.61024945625 0.5320188921875 0.7190980921875 0.5278160296875 0.7243038953125 0.494193121875
0 0.47888421406250004 0.5135262984375 0.3596637671875 0.5200713718750001 0.359624034375 0.5547143359375 0.479357515625 0.5547143359375 0.47888421406250004 0.5135262984375
0 0.7200931765624999 0.545338746875 0.6136279046875 0.550602578125 0.6155038703125 0.61594684375 0.71630715 0.606700546875 0.7200931765624999 0.545338746875
0 0.4697413734375 0.5924108015625 0.374143896875 0.60249766875 0.3722508515625 0.641163996875 0.47589365156249996 0.63528000625 0.4697413734375 0.5924108015625