2 0.9400297471639215 0.74982487303102 0.0175420560063543 0.02111302067816432
2 0.8634206083658513 0.838519191889939 0.02295625892845372 0.01824273180303493
2 0.7918865276027307 0.8156403099630694 0.01988580600635448 0.02122218258882356
2 0.7248899423753831 0.8015735018575176 0.018391489853730292 0.025055657981717515
2 0.6588109748427872 0.7797305810555187 0.029288079545304768 0.023221330231458382
2 0.2743598827155807 0.6765990031003719 0.023092626623205437 0.02605523180303493
2 0.15289398579983576 0.647485083746115 0.026067622158978575 0.017607031017246654
2 0.7177725121781598 0.4478299176971179 0.01907728246740419 0.01962329528527036
2 0.7258986578760889 0.4302250407326471 0.016788079545304768 0.022639133374611476
2 0.7609242686709816 0.34975844478542306 0.02220228246740419 0.019768844499481998
2 0.9673009537361736 0.39690108022694914 0.02446421185055314 0.015190506410140792
2 0.9496673944834082 0.4664494468523376 0.01612956047058134 0.029633996071058634
2 0.9419952163180753 0.5028407111203613 0.027739216314780178 0.02392980562435252
2 0.5308588932655922 0.4055032148444149 0.014376145697928777 0.018623721463952768
2 0.5428640154245707 0.3896427743977089 0.012018758928453721 0.017733309553293886
2 0.5817549659110381 0.3117018649682494 0.022915348620028198 0.01589898180303493
2 0.3946095219173925 0.28265641211554654 0.026094895697928867 0.019169531017246656
2 0.3545242642067548 0.3394307969379001 0.023873876623205437 0.02609161910658786
2 0.33209015665827285 0.37044320243841816 0.020844334009531628 0.031414819892376225
2 0.4180118400986116 0.19617525661502858 0.017582966314779826 0.02345677067816445
2 0.4532459565755473 0.14855754797135742 0.016747169236879245 0.02029538337461152
2 0.4715419890429514 0.13064445595307478 0.024532395697928956 0.019096756410140792
2 0.5020749687504119 0.08358967348808607 0.015184669236879245 0.020222608767505656
2 0.6712380259745824 0.1125794683590716 0.016788079545304768 0.022639133374611476
2 0.6406368624197458 0.16354050082406033 0.01691081047058134 0.029670383374611475
2 0.6009373883943282 0.2430075229499668 0.018391489853730292 0.025055657981717338
2 0.8288323376629796 0.1324297036767632 0.022997169236879243 0.020586481803034927
2 0.8026868490270653 0.1968903099630695 0.029438084009531806 0.03181508023145838
2 0.7723760117711228 0.2760127297316111 0.017487508928453722 0.017988020678164497
2 0.9821777057647683 0.3061134143873489 0.01828239569792913 0.01880565798171734
2 0.989518647322782 0.24390451281577236 0.014307961850553141 0.01471747146395277
3 0.6485694671875 0.2857196453125 0.6592221859375 0.28890642187500004 0.6647909984375 0.2766095796875 0.6795935046875 0.2611553140625 0.7027715890625 0.2478848921875 0.709962778125 0.23028237968749998 0.7171070375 0.2153682984375 0.7227384203125 0.1994868828125 0.7326738046875 0.19994963125 0.7366984546875 0.188477740625 0.7176545171875001 0.184003265625 0.7113996546875 0.1917837921875 0.700449734375 0.2056237484375 0.69162053125 0.2294280765625 0.6728246578125 0.25456194375 0.65420085 0.26983822968750004 0.6485694671875 0.2857196453125
1 0.6185878015624999 0.6506695359375 0.8861378890625 0.7268076859375 0.9197735781249999 0.5451093453125 0.6744242078125 0.48708923125 0.6185878015624999 0.6506695359375
1 0.372050415625 0.5848286265625 0.45381410625 0.45351775937500005 0.2363926546875 0.3890329453125 0.14250120156249999 0.53220369375 0.372050415625 0.5848286265625
1 0.35709761875 0.379123940625 0.498056840625 0.42296345 0.5396023249999999 0.319288153125 0.4143349109375 0.287051153125 0.35709761875 0.379123940625
1 0.736924390625 0.47291620468750006 0.907134984375 0.510352653125 0.934285025 0.396688321875 0.7732302437499999 0.36589068281250003 0.736924390625 0.47291620468750006
1 0.7907098140625 0.2750723328125 0.9531693078125001 0.30127611875000004 0.975296415625 0.1718469125 0.8417903328125 0.156310209375 0.7907098140625 0.2750723328125
1 0.45155790625 0.20336473906250002 0.5756102171874999 0.2293327734375 0.6239625703125 0.1151028640625 0.5276756546875 0.09198111406250001 0.45155790625 0.20336473906250002
5 0.9039461968396101 0.8013124443711384 0.020639782467404187 0.019696069892376045
5 0.7661695073101912 0.7659656416422699 0.014471603084255236 0.02409247146395277
5 0.6579848603944463 0.7374703064484128 0.020076720779006862 0.0321596825888232
5 0.2711900182672399 0.6342295665826073 0.023901150162155816 0.02765411910658777
5 0.17380650365674327 0.6140561536384912 0.01843240016215577 0.02739940798171734