2 0.990696 0.272789 0.0171875 0.0203125
2 0.915696 0.180601 0.02265625 0.0171875
2 0.843821 0.200133 0.01953125 0.0203125
2 0.776633 0.21107 0.01796875 0.02421875
2 0.710227 0.22982 0.02890625 0.021875
2 0.324289 0.314976 0.02265625 0.025
2 0.202414 0.338414 0.02578125 0.01640625
2 0.763352 0.564195 0.01875 0.01875
2 0.771164 0.582164 0.01640625 0.021875
2 0.804758 0.664195 0.021875 0.01875
2 1.0 0.626695 0.02421875 0.0140625
2 0.995383 0.556383 0.015625 0.02890625
2 0.988352 0.519664 0.02734375 0.02265625
2 0.575852 0.597789 0.0140625 0.01796875
2 0.587571 0.614195 0.01171875 0.0171875
2 0.625071 0.693883 0.02265625 0.01484375
2 0.437571 0.714195 0.02578125 0.01796875
2 0.398508 0.655601 0.0234375 0.025
2 0.376633 0.62357 0.0203125 0.03046875
2 0.459446 0.801695 0.0171875 0.02265625
2 0.493821 0.850914 0.01640625 0.01953125
2 0.511789 0.869664 0.02421875 0.01796875
2 0.541477 0.918101 0.01484375 0.01953125
2 0.711008 0.897008 0.01640625 0.021875
2 0.681321 0.844664 0.01640625 0.02890625
2 0.64304 0.763414 0.01796875 0.02421875
2 0.868821 0.884508 0.02265625 0.01953125
2 0.843821 0.818883 0.02890625 0.03046875
2 0.814915 0.738414 0.0171875 0.0171875
2 1.0 0.718101 0.01796875 0.01796875
2 1.0 0.780601 0.0140625 0.0140625
3 0.296532996875 0.827140753125 0.304939859375 0.8029448703125001 0.32328210625 0.7769566984375 0.3416243546875 0.7608261093750001 0.34697417656249996 0.744695521875 0.33627453125 0.7420070890625 0.33092470937499996 0.754553103125 0.31640376406250004 0.7706836921875 0.29347595625 0.78502199375 0.2865976125 0.8029448703125001 0.2797192703125 0.818179315625 0.2743694484375 0.8343099031250001 0.2644340640625 0.8343099031250001 0.2606127625 0.8459597734375001 0.2797192703125 0.8495443484375 0.2858333515625 0.8414790546875001 0.296532996875 0.827140753125
1 0.3705664375 0.378646803125 0.1019057703125 0.315021725 0.071466384375 0.498137803125 0.317628375 0.5446927374999999 0.3705664375 0.378646803125
1 0.6180518796875 0.43296089374999996 0.5386447859375 0.5679702046874999 0.75701429375 0.6222842953125001 0.8483324515625 0.4748603359375 0.6180518796875 0.43296089374999996
1 0.6365802015625001 0.6378026078125 0.494970884375 0.6005586593750001 0.45526733750000004 0.706083178125 0.5809952359375 0.7324643078124999 0.6365802015625001 0.6378026078125
1 0.2554261515625 0.5617628796874999 0.0847009 0.5322780875 0.05955532031250001 0.64711359375 0.2210164109375 0.6703910609375 0.2554261515625 0.5617628796874999
1 0.2051349921875 0.7619491 0.04235045 0.7433271265625 0.0224986765625 0.8736809437499999 0.156167284375 0.88299193125 0.2051349921875 0.7619491
1 0.54526204375 0.817815021875 0.420857596875 0.7976412171875 0.37453679218749997 0.9140285531250001 0.47114875625 0.932650528125 0.54526204375 0.817815021875
5 0.95554 0.219664 0.0203125 0.01875
5 0.817258 0.24857 0.0140625 0.0234375
5 0.708664 0.272008 0.01953125 0.03125
5 0.320383 0.357164 0.0234375 0.0265625
5 0.222727 0.372789 0.01796875 0.0265625