2 0.511549 0.281924 0.03515625 0.0234375
2 0.320924 0.510049 0.03359375 0.01875
2 0.64358 0.423331 0.04140625 0.0265625
2 0.486549 0.620206 0.0359375 0.0234375
2 0.54358 0.656143 0.03359375 0.021875
2 0.665455 0.445206 0.03125 0.025
2 0.760767 0.547549 0.0375 0.01875
2 0.656861 0.719424 0.04375 0.02890625
2 0.651392 0.755362 0.0328125 0.02109375
2 0.728736 0.798331 0.0421875 0.0203125
2 0.803736 0.639737 0.0171875 0.01640625
2 0.81858 0.651456 0.01328125 0.01484375
2 0.75608 0.815518 0.02421875 0.01875
2 0.813111 0.852237 0.03359375 0.01875
2 0.645924 0.153799 0.03046875 0.025
2 0.745924 0.292862 0.0328125 0.0171875
2 0.763111 0.310049 0.025 0.01875
2 0.835768 0.413956 0.03125 0.0234375
2 0.841236 0.213174 0.025 0.02421875
2 0.894361 0.297549 0.0421875 0.0203125
2 0.873268 0.708487 0.03046875 0.02109375
2 0.792799 0.110831 0.03359375 0.01875
2 0.91858 0.434268 0.025 0.01796875
1 0.450695103125 0.3606769125 0.302074465625 0.5047664328125 0.4265291453125 0.659730634375 0.6162319093749999 0.5446402625 0.450695103125 0.3606769125
1 0.2887831890625 0.52017223125 0.1897027640625 0.6107945703125 0.2754919125 0.75307164375 0.39269680625 0.680573771875 0.2887831890625 0.52017223125
1 0.1848695734375 0.649762175 0.086997446875 0.7539778671875 0.1317044671875 0.8772242484375001 0.2658255296875 0.7992890375 0.1848695734375 0.649762175
1 0.2899914875 0.189400690625 0.1909110625 0.1286837234375 0.0495402125 0.36430180624999997 0.097872128125 0.4449556890625 0.2899914875 0.189400690625
1 0.11116340312499999 0.5011415390625 0.061623190625000004 0.4304561140625 0.0048331921875 0.5364842515625 0.019332765625 0.617138134375 0.11116340312499999 0.5011415390625
4 0.06766468125 0.9053171750000001 0.09545553125 0.946097228125 0.1280795734375 0.931597653125 0.10270531875 0.8672557921875 0.076122765625 0.8110699421875 0.054373403125 0.76666499375 0.0495402125 0.7131978140624999 0.055581701562499995 0.6869173359375 0.03866553125 0.663355528125 0.00362489375 0.6724177609375 0.0060414890625000005 0.747634303125 0.0362489359375 0.8355379734374999 0.06766468125 0.9053171750000001
5 0.52483 0.170987 0.0421875 0.02421875
6 0.582642 0.110831 0.028125 0.021875
6 0.428736 0.247549 0.02890625 0.02734375
6 0.31858 0.331924 0.04453125 0.034375
6 0.170142 0.452237 0.03125 0.034375
6 0.181861 0.607706 0.03984375 0.0265625
6 0.357642 0.699112 0.02421875 0.02109375
6 0.494361 0.761612 0.053125 0.02109375
6 0.596705 0.813174 0.02890625 0.021875
6 0.68108 0.853018 0.025 0.02421875
3 0.183661275 0.5319531343749999 0.1546621265625 0.49026685781249996 0.1474123390625 0.507485103125 0.17157829687499998 0.5437340390625 0.183661275 0.5319531343749999