2 0.504214 0.702281 0.03638455732694616 0.024051154626382677
2 0.325544 0.477483 0.03457639586155707 0.019336381087432387
2 0.643656 0.55857 0.04279833163720568 0.027285248782184014
2 0.496942 0.364436 0.03716580732694617 0.02406479139585782
2 0.555857 0.327503 0.03474017017181659 0.022461381087432387
2 0.666677 0.536313 0.0325601944820761 0.025545470779006863
2 0.767353 0.432306 0.03848264586155707 0.0194045649348082
2 0.672454 0.262244 0.0452649123699004 0.029669909090609535
2 0.668869 0.226402 0.03391797659425162 0.02166649431795715
2 0.748465 0.182083 0.043252033016686654 0.02104888555165916
2 0.815153 0.339368 0.018047315128862353 0.016706258928453722
2 0.830611 0.32739 0.014059177973732772 0.015075575081077907
2 0.776709 0.164419 0.025201395861557074 0.019172739853730292
2 0.835665 0.126704 0.03457639586155707 0.019336381087432297
2 0.631874 0.82806 0.0317789444820761 0.02553183400953163
2 0.739162 0.687252 0.03371325870642714 0.01776024431795715
2 0.75725 0.669765 0.025982645861557074 0.019186376623205346
2 0.835352 0.56459 0.03247830732694652 0.023982970779006862
2 0.830298 0.765276 0.02626925090451131 0.024655126623205348
2 0.887845 0.679974 0.043252033016686654 0.02104888555165907
2 0.888287 0.269404 0.0315742265942518 0.02162558400953163
2 0.776497 0.868465 0.03457639586155707 0.019336381087432387
2 0.919229 0.542832 0.025941702283992285 0.01840512662320535
1 0.51579939375 0.6297349343749999 0.6719714421874999 0.48305123125 0.5556380921875 0.33025939531250004 0.35990369843750003 0.44866104062499995 0.51579939375 0.6297349343749999
1 0.6860701031249999 0.4674134328125 0.78989984375 0.3750616390625 0.7115671203125 0.2342820203125 0.590562775 0.3088257109375 0.6860701031249999 0.4674134328125
1 0.7967752406249999 0.3360096703125 0.9001090796875 0.2300856140625 0.861861128125 0.107619596875 0.7236556546874999 0.1878959 0.7967752406249999 0.3360096703125
1 0.667526803125 0.7982060640624999 0.7634251859375001 0.8571935765625 0.91714425625 0.6191078562500001 0.8730392328125 0.5392976109375 0.667526803125 0.7982060640624999
1 0.8626925328124999 0.48334376093750003 0.9085282796874999 0.5531644578125 0.9708749765625001 0.446145046875 0.9606022937500001 0.3657442546875 0.8626925328124999 0.48334376093750003
4 0.9139758296875 0.1728037203125 0.933398028125 0.2168290328125 0.9354291218749999 0.2702118484375 0.92801033125 0.29659778124999997 0.9436916796875 0.319864315625 0.9792072484375 0.31019044687499997 0.9807325859375 0.23501608593749998 0.9551319749999999 0.1476396890625 0.9273732015625 0.0784088515625 0.90171954375 0.0381138890625 0.8683356109375 0.053182918749999995 0.8903378515625 0.11708187031249999 0.9139758296875 0.1728037203125
5 0.511681 0.812986 0.043456750904511135 0.024955135551659246
6 0.566341 0.872133 0.029271420171816588 0.022365923701106283
6 0.4196 0.738101 0.030339275214770645 0.02784831047058134
6 0.313865 0.655649 0.046332767412854456 0.035152295860084594
6 0.171733 0.537927 0.033051517412854545 0.03492047077900686
6 0.191599 0.382254 0.04123583163720577 0.02725797524323372
6 0.372171 0.28778 0.02532422659425162 0.02151648985373029
6 0.512165 0.222893 0.05423047659425162 0.022021050324311543
6 0.617211 0.169544 0.030052670171816585 0.022379560470581296
6 0.703675 0.128228 0.026269250904511134 0.024655126623205438
3 0.791809428125 0.4537976203125 0.8186238921875001 0.49497771406249996 0.8267760484375 0.47763292343749997 0.8045098171875 0.44180580625 0.791809428125 0.4537976203125