1 0.24414237499999997 0.4992518796875 0.2544383328125 0.4959849375 0.255065103125 0.484025428125 0.2557310484375 0.471318453125 0.2465964921875 0.47389017187500004 0.2456955078125 0.4910819796875 0.2223636859375 0.48549950468749997 0.204890746875 0.4861843 0.1971135 0.4843234578125 0.18966230625 0.48697360625 0.18476895468750001 0.4837485015625 0.18191152187499998 0.4738745921875 0.1823032546875 0.466399890625 0.1717203796875 0.46440840000000005 0.1719416234375 0.481652475 0.1746296921875 0.48402554999999997 0.17504680156250002 0.4975322875 0.1980133578125 0.4993512640625 0.20397709531250002 0.492885375 0.24414237499999997 0.4992518796875
1 0.511459134375 0.40005748125 0.5239995453125 0.3968950859375 0.5330165421874999 0.3965657671875 0.5365928890625 0.371256328125 0.537102140625 0.3615392234375 0.527563146875 0.3610949375 0.5201903359375 0.3622501265625 0.519732928125 0.381710484375 0.42678252031249997 0.40585442812499994 0.37882615625 0.4193560234375 0.370853003125 0.4212325453125 0.3680738796875 0.409863696875 0.358883253125 0.41186005625 0.3589647796875 0.4334168359375 0.3658548390625 0.430740575 0.366350259375 0.44275235156250003 0.40637264218749997 0.4303798453125 0.4812890546875 0.40689452656249997 0.511459134375 0.40005748125
1 0.3563865953125 0.665069209375 0.3621544671875 0.6623406828125 0.365273403125 0.6564915874999999 0.364177640625 0.64520114375 0.3654439296875 0.6317728109375 0.3486104734375 0.63098878125 0.2564826265625 0.639435875 0.2542254640625 0.6288406046875 0.2565747703125 0.6162120343749999 0.2428729578125 0.6200696140625 0.2408105703125 0.6379566453125001 0.24742641875000002 0.640512659375 0.2502055421875 0.6518815078125 0.3532814171875 0.649189396875 0.35608704375 0.649320071875 0.3563865953125 0.665069209375
1 0.52663234375 0.7008426734375 0.510999425 0.69861595 0.5099025734375 0.7195451203125 0.3698978765625 0.707779225 0.3633602984375 0.7037282734375 0.366270775 0.6911258124999999 0.3547563265625 0.691248503125 0.35306441875 0.7069951953125 0.35747498437499997 0.7086992046875 0.35696573125 0.7184163359375 0.503586278125 0.7327382203125 0.5233820546875 0.730663053125 0.52663234375 0.7008426734375
1 0.3452011875 0.94289719375 0.3541790109375 0.9433153437499999 0.3569073796875 0.9127213375000001 0.24348475781249998 0.8767175125 0.247152121875 0.86040384375 0.233215575 0.8505319968749999 0.230618253125 0.8753689546875 0.23735165781249998 0.8756825671874999 0.2373251546875 0.886920740625 0.3396948609375 0.9299027140625 0.344340465625 0.9271219187499999 0.3452011875 0.94289719375
1 0.58459159375 1 0.519341790625 0.9794811015624999 0.5185721609375 0.9727016 0.5084328984375001 0.97297865 0.5008768156250001 0.9883619046875 0.5005545203125 1 0.5152063765625 1 0.51635304375 0.9935784999999999 0.533503109375 1 0.58459159375 1
1 0.16212085781250002 0.7227083453125001 0.15506139375 0.7178837921875 0.1525956953125 0.700535178125 0.140290325 0.6992127296875 0.1300727140625 0.7009847390624999 0.1310283578125 0.7113429109375 0.14074660781249998 0.711972 0.15247705 0.7349971953125001 0.1711113890625 0.7336172015625 0.17325212031249998 0.7142352609375 0.1634654546875 0.7077850765625 0.16212085781250002 0.7227083453125001
1 0.13213 0.6898331890625 0.1511293453125 0.6889133953125001 0.155591828125 0.67344601875 0.1621813 0.6715908265625 0.1624680640625 0.6816039 0.1731767046875 0.6813602000000001 0.1746996890625 0.6584980890625001 0.15882219687500002 0.6577585828125 0.15072143124999998 0.657381284375 0.14486563125000002 0.676147296875 0.131746084375 0.6785651406250001 0.13213 0.6898331890625
1 0.1599854046875 0.8495112499999999 0.15523040625 0.8784218984375001 0.16542737968750001 0.8796161390625 0.1669249875 0.861343440625 0.20033480625000002 0.8575046953125 0.20710383906250002 0.7283438828125 0.247810459375 0.729520515625 0.25157715 0.66279996875 0.23964742968750002 0.6624014828125 0.2394378859375 0.6780594296875 0.23487807656249998 0.6774873984374999 0.233022675 0.7180420843750001 0.1971639890625 0.7170912484375 0.19025725468750002 0.8437280656249999 0.1599854046875 0.8495112499999999
1 0.7562601250000001 0.6674933828125 0.7746819203124999 0.6634015359375 0.7722516015625 0.645963853125 0.775372253125 0.6431392875 0.77428681875 0.6213093734374999 0.7645199046875 0.6233294 0.752710075 0.6217893796875 0.5244775828125 0.6304637140625 0.5246328499999999 0.6275010328125 0.5167969734375 0.6281260390625001 0.5167102015625 0.6439615328125 0.50993455 0.6456258874999999 0.5111752515625 0.66449313125 0.5258385859375 0.6612161999999999 0.52656316875 0.647390346875 0.7569679171875 0.639807165625 0.7553642046875 0.6491371984375001 0.7562601250000001 0.6674933828125
1 0.7768885796875 0.4387372375 0.7756329890625 0.44392139531249997 0.7740879046875 0.4608879578125 0.798108034375 0.459385409375 0.8002087203125001 0.43807585312499997 0.7865819453125 0.4352567703125 0.791703690625 0.40010756875000003 0.7965581 0.39509105624999996 0.8006780375 0.285187796875 0.7866327921875 0.28409674687500003 0.7816265203125 0.27949471875 0.7650111453124999 0.28141272812499996 0.763205203125 0.31184003125 0.7801418921875001 0.3078231296875 0.78885375625 0.30429691875 0.7876332421875001 0.39642291093750004 0.778754109375 0.396883128125 0.7768885796875 0.4387372375
1 0.811410653125 0.7437376953125 0.8198410453125 0.7393246062500001 0.8346017734375 0.7330219359375 0.83335425 0.7255367703125 0.81965895625 0.7240251328125 0.8110082265624999 0.7201271328125001 0.7990401484375 0.7169484046875 0.78599920625 0.7154672453125 0.7804830578125 0.7143365578124999 0.773642840625 0.719697478125 0.77116256875 0.7169606390625 0.7721138 0.7113254343750001 0.7509925046875 0.7138367828125001 0.7497436671875 0.7439237125 0.7666118359375 0.7412142703125 0.7741749234374999 0.7345763671875 0.787405978125 0.7386876859375 0.798643796875 0.737026675 0.811410653125 0.7437376953125
0 0.542015353125 0.6254967625 0.723105678125 0.621945034375 0.7313680984375 0.2835630859375 0.5539056625 0.342511146875 0.542015353125 0.6254967625
0 0.7117267953125 1 0.7191564296874999 0.6521196406249999 0.545024696875 0.6510853859375 0.5385274109375 0.9812118 0.6006178890625 1 0.7117267953125 1
0 0.481091334375 1 0.49078121562500004 0.7360092703125 0.3761941734375 0.72625633125 0.368164359375 0.9611896203124999 0.46269255 1 0.481091334375 1
0 0.49069460625000005 0.674407803125 0.495636646875 0.40841905 0.3832497515625 0.43871593750000004 0.379851990625 0.6749228859375 0.49069460625000005 0.674407803125
0 0.34095170937499997 0.6227442562500001 0.34690268125 0.40979393281250004 0.2678952796875 0.434037571875 0.26409019843750003 0.6254728828125 0.34095170937499997 0.6227442562500001
0 0.33185166875 0.895782421875 0.34032964374999997 0.6797955203125 0.2591644140625 0.6801268703125001 0.2532333328125 0.8687792265625 0.33185166875 0.895782421875