5 0.5018689083914929 0.8333328083104397 0.020622869106587772 0.0243471825888232
6 0.30193522084027097 0.7250172324222075 0.020040672249741043 0.011847182588823202
6 0.6420422981762453 0.880398361039308 0.010321069892376222 0.02074914764263518
6 0.6274361426757272 0.9015456149682495 0.012446496071058633 0.016170809553294065
6 0.587936995033092 0.890351249790603 0.009957196856846906 0.01293664764263518
6 0.5565949497478218 0.8701821449520388 0.009285108767505611 0.015244010339082337
6 0.5541249212117745 0.8840990957378271 0.012863873035529317 0.008394696856846906
6 0.5181510339082216 0.8816440297743924 0.012628432588823202 0.020077059553294065
6 0.49576661165848057 0.8696876852749102 0.00981164764263518 0.00981164764263518
6 0.48250463233664503 0.8862202138109577 0.012863873035529138 0.008394696856846906
6 0.5309035909803161 0.854174001238345 0.011665246071058632 0.01613442224974122
6 0.5218539226595166 0.8272476282028158 0.009175946856846907 0.012900260339082337
6 0.4999960392849051 0.8098589210068867 0.013045809553294064 0.012300946856846906
6 0.4513102903183624 0.9026970843652876 0.007686221463952592 0.014389985731976297
6 0.43007314515692663 0.9321106025622526 0.010374573821317411 0.0051605349461880225
6 0.3958800816746912 0.9344158112059237 0.014045383374611475 0.017024834160400105
6 0.3489494236929739 0.9143002102963009 0.010920383374611476 0.01687928494618802
6 0.3188060053721743 0.8863913800648426 0.016243584160399747 0.014008996071058632
6 0.28742757278335107 0.8654410252262785 0.017988020678164407 0.017988020678164674
6 0.2607730274980808 0.8454902442090317 0.010702059553293886 0.012191784946188023
6 0.23568098221281053 0.8256122377988909 0.009920809553293886 0.01215539764263518
6 0.20980768692754018 0.8056978440851973 0.011483309553293885 0.012228172249740866
6 0.18876744085648162 0.7891267741928211 0.012337334160399793 0.013827059553294063
6 0.16758164557121133 0.769430704300445 0.012973034946188067 0.010738446856846906
6 0.14739542410725864 0.7544585217116218 0.009066784946188112 0.010556510339082337
6 0.13309532960777665 0.7319649375512219 0.013227746071058543 0.016207196856846906
5 0.5007237853559636 0.8254839210068867 0.01962329528527036 0.01962329528527036