1 0.7413204390625 0.3295210125 0.59848444375 0.3129193140625 0.5890296312500001 0.6416939734375 0.7334433515625001 0.7168953140625 0.7413204390625 0.3295210125
1 0.600649975 0.004932603125 0.5988760125 0.27387040156250003 0.738038340625 0.285238040625 0.743946134375 0.005419146875 0.600649975 0.004932603125
1 0.4627778 0.24554722031249998 0.461682978125 0.530640853125 0.5509569062499999 0.57173925 0.5568647 0.2525708078125 0.4627778 0.24554722031249998
1 0.465665175 0.004932603125 0.4649650765625 0.1846781265625 0.5575211906249999 0.17855710625000001 0.55883399375 0.004544715625 0.465665175 0.004932603125
1 0.37110363125 0.0097448953125 0.37240905 0.230148709375 0.43673877812499995 0.23539529843749998 0.438708071875 0.0115401953125 0.37110363125 0.0097448953125
1 0.37182547499999996 0.2830831015625 0.3665012125 0.5111226828125 0.43083094062500005 0.5487233234375 0.4360823765625 0.2960118953125 0.37182547499999996 0.2830831015625
0 0.594281021875 0.3142347046875 0.561459690625 0.3116114109375 0.5555518968750001 0.557327359375 0.5916553265625 0.5721927828125 0.594281021875 0.3142347046875
0 0.5631140953125 0.0039701453125 0.561459690625 0.181914553125 0.5962503171875 0.17317017968749998 0.59690671875 0.0009066796874999999 0.5631140953125 0.0039701453125
0 0.441122484375 0.00108276875 0.438708071875 0.183663415625 0.4603701296875 0.181914553125 0.465621521875 0.0026555421875 0.441122484375 0.00108276875
0 0.43679142187500003 0.2955950609375 0.43345663593749995 0.50237836875 0.4584008359375 0.5093738203125 0.461682978125 0.2977607578125 0.43679142187500003 0.2955950609375
0 0.2909789625 0.318694065625 0.292981503125 0.44116792968749996 0.338931315625 0.44466571562499996 0.3422134578125 0.3143750140625 0.2909789625 0.318694065625
0 0.369783309375 0.316998309375 0.350170159375 0.31484423125 0.3422134578125 0.442042390625 0.363875515625 0.4499123046875 0.369783309375 0.316998309375
0 0.29314449374999996 0.0299565234375 0.292981503125 0.152183765625 0.3205514 0.1530582265625 0.319894953125 0.0332607328125 0.29314449374999996 0.0299565234375
0 0.34728278281249997 0.030918981249999998 0.34418270781250004 0.16456614375 0.3671576140625 0.1654405765625 0.36847046250000004 0.0272799921875 0.34728278281249997 0.030918981249999998
0 0.774141771875 0.547255109375 0.774141771875 0.5166499203125 0.7734852812499999 0.47555149375 0.78661385 0.47030490468749997 0.787926653125 0.3714938546875 0.7728288796875 0.3522563046875 0.7459154296875 0.3478841171875 0.745018746875 0.34468044375 0.7459154296875 0.6495638859375 0.7636389 0.6574337984375 0.7780802718750001 0.6294519328125 0.774141771875 0.547255109375
6 0.786668 0.245228 0.0125 0.01640625
6 0.782762 0.310072 0.01171875 0.0171875
2 0.827293 0.274916 0.01171875 0.0171875
2 0.811668 0.277259 0.01328125 0.01640625
2 0.785887 0.371791 0.0109375 0.01640625
2 0.846043 0.442884 0.0109375 0.01796875
2 0.851512 0.408509 0.01171875 0.01875
5 0.85073 0.477259 0.0140625 0.01328125
2 0.799949 0.503041 0.0109375 0.015625
2 0.799949 0.526478 0.01328125 0.01796875
2 0.782762 0.588197 0.0125 0.01640625
0 0.78762715625 0.1238064484375 0.7958376421875 0.1267230546875 0.80021663125 0.157347528125 0.8149954906250001 0.1084942109375 0.813353378125 0.0064126703125 0.7554670390625 0.0057181984375000005 0.753143103125 0.1442227703125 0.7679220359375 0.1456810734375 0.7783219781249999 0.1456810734375 0.78762715625 0.1238064484375
5 0.276512 0.028041 0.009375 0.01484375
5 0.276512 0.063978 0.0140625 0.0171875
5 0.277293 0.103822 0.01328125 0.0171875
5 0.227293 0.071791 0.01328125 0.0140625
5 0.228855 0.103041 0.01328125 0.0171875
5 0.22573 0.299916 0.01640625 0.01484375
5 0.224168 0.332728 0.01796875 0.01328125
5 0.222605 0.367884 0.01484375 0.0234375
6 0.296043 0.188978 0.0171875 0.0125
3 0.7926073125 0.2173614203125 0.804972896875 0.21684664374999998 0.8157927375 0.215817125 0.82197555625 0.21066953281249998 0.8297040125 0.20809571875000002 0.8300904750000001 0.2008890546875 0.8269990406250001 0.1957414625 0.82197555625 0.1885347984375 0.816565609375 0.1849314828125 0.8069049984375001 0.1895643171875 0.800335821875 0.1941971671875 0.792220903125 0.1916233890625 0.7871973671875 0.1885347984375 0.7767639359375 0.189049575 0.7763775265625 0.1849314828125 0.7670508328125 0.18534211875 0.7663305046875 0.220964753125 0.781787471875 0.220964753125 0.7871973671875 0.215817125 0.7926073125 0.2173614203125
3 0.5820062078125 0.28238647031249997 0.5820062078125 0.27569458281250003 0.5808469515625 0.26282554999999996 0.570027059375 0.26436984531249996 0.5680949578125001 0.272606009375 0.5723456234375 0.2890783578125 0.5738913140624999 0.30760974375 0.6233535984375 0.3127573703125 0.6747479843749999 0.3173901859375 0.750100665625 0.32768540625 0.7810146 0.32356733125 0.7798553187499999 0.2746650640625 0.76875056875 0.272595265625 0.7609205593749999 0.3004031140625 0.693296334375 0.2942259671875 0.5820062078125 0.28238647031249997
6 0.880418 0.313978 0.0140625 0.021875
6 0.861668 0.170228 0.01328125 0.0171875
6 0.88198 0.165541 0.0109375 0.0171875
3 0.3523626828125 0.1850318421875 0.35201764999999996 0.2369710578125 0.35788340625 0.2369710578125 0.35443296874999997 0.248921665625 0.363059075 0.249840940625 0.3609888125 0.174000509375 0.333040184375 0.16986375625 0.33096990000000004 0.019561821875 0.305781646875 0.011288321875 0.300260921875 0.0053130187500000006 0.2985356921875 0.0227792921875 0.322688825 0.0310527984375 0.322688825 0.1831932921875 0.3523626828125 0.1850318421875
3 0.5645652390625 0.20065958125 0.5725012578124999 0.20387705937499997 0.5728463359375 0.22318186875 0.5856129906249999 0.22318186875 0.5831976734375 0.1877896671875 0.5818174968750001 0.1818143640625 0.5735364 0.18043546562499999 0.450355415625 0.1877896671875 0.449320271875 0.20525595624999998 0.44655992187500004 0.20755415937500002 0.44625094687500005 0.22316876875 0.457256290625 0.225480071875 0.4541509078125 0.20617523124999998 0.5645652390625 0.20065958125
3 0.44069414374999993 0.291429703125 0.4551860515625 0.291889340625 0.45622119375 0.2583357046875 0.447595065625 0.2555778640625 0.44655992187500004 0.274423065625 0.3609888125 0.2652302828125 0.3554680875 0.27764054374999997 0.35512305624999996 0.29326826875 0.354808034375 0.308667259375 0.3654743921875 0.3079767015625 0.3668545671875 0.28223692031250003 0.44069414374999993 0.291429703125
3 0.45129144062500004 0.5455362328125 0.5570850046875 0.6001462703125 0.56810518125 0.6066055218749999 0.5694276125 0.62657045625 0.5791253578125 0.62657045625 0.577802928125 0.5842917359375 0.571631625 0.5825301078125 0.44379770625 0.52380966875 0.4389488328125 0.5578675109375 0.4486465796875 0.5596291390625 0.45129144062500004 0.5455362328125
3 0.303180390625 0.46332758281249997 0.3058252515625 0.46450200781250006 0.31993105 0.46039156875 0.333596059375 0.45921716406249996 0.35078750937500003 0.46039156875 0.3499058984375 0.4721356640625 0.35431398125 0.47624608437499993 0.36048525625 0.468612428125 0.36048525625 0.4562811296875 0.3596036453125 0.44512425625 0.336240890625 0.44512425625 0.31993105 0.44923467656250005 0.294805075 0.44629866093750004 0.29216024375 0.4803565234375 0.30009476875 0.4803565234375 0.3018579890625 0.47331007031250005 0.303180390625 0.46332758281249997
4 0.2621853953125 0.0717782421875 0.26835666874999997 0.05416209843749999 0.26835666874999997 0.03537155 0.2687974890625 0.014232179687499999 0.2608629640625 0.0019008906249999998 0.25998135312500004 0.00894734375 0.26042217343749996 0.025389071875000002 0.261303784375 0.0365459546875 0.261303784375 0.0441796109375 0.25909974375 0.0535748953125 0.257336521875 0.05944694375 0.25425087031250004 0.07119102031249999 0.253369259375 0.0770630671875 0.249401996875 0.08469674375 0.246757165625 0.092917603125 0.24719795625000002 0.10466169843749999 0.24763877656250002 0.11464416562499999 0.24763877656250002 0.118167403125 0.248235984375 0.13709960625 0.253369259375 0.13930676250000001 0.2555733015625 0.1029000703125 0.2555733015625 0.08763275781249999 0.2621853953125 0.0717782421875
2 0.781199 0.723353 0.00859375 0.01640625
6 0.833543 0.181947 0.0125 0.01796875
6 0.818699 0.572572 0.01328125 0.01796875