2 0.615787 0.819794 0.021484648671227013 0.03457620719592906
2 0.475806 0.680141 0.02454601400381797 0.02925300641014079
2 0.422117 0.634178 0.02226589867122719 0.034612594499482084
2 0.342865 0.540942 0.018268742003499837 0.02661815798171734
2 0.299088 0.540636 0.01670624200349984 0.026545383374611476
2 0.239694 0.474615 0.016088624005409002 0.04057149607105863
2 0.177175 0.408739 0.015861357336090974 0.021040246071058633
2 0.896589 0.432294 0.02135737933640893 0.023638707195929066
2 0.866729 0.418833 0.017405676002545344 0.019550520678164495
2 0.904494 0.641415 0.032340332670272566 0.02805437944567011
2 0.723407 0.529471 0.018296014003817973 0.028961907981717338
2 0.697407 0.511922 0.017523854670590745 0.029706770678164497
2 0.570635 0.432624 0.015171014003817974 0.02881635876750561
2 0.731599 0.360248 0.018232379336408932 0.02349315798171734
2 1.0 0.518786 0.019500146602502953 0.021258569892376046
1 0 0.46403984062500003 0.28590256406250003 0.308809540625 0.172947671875 0.26616623125 0.0058127125 0.34097071093750003 0 0.46034855781250006 0 0.46403984062500003
2 0.888848 0.30446 0.01503465400222721 0.01709760876750561
2 0.997224 0.347876 0.026017607336090785 0.021513281017246654
1 0.252319315625 0.28116466562500003 0.347608490625 0.32907068125 0.49909338906249995 0.25440664375 0.404465990625 0.2056620921875 0.252319315625 0.28116466562500003
3 0.3458198625 0.3707165109375 0.3963463875 0.3991505328125 0.40761678281249997 0.3831576765625 0.3577217015625 0.356491778125 0.3458198625 0.3707165109375
3 0.0579394546875 0.5120538156250001 0.3314225796875 0.37526208906249997 0.3193442640625 0.3486188234375 0.0414713640625 0.47042702031249994 0.0579394546875 0.5120538156250001
3 0.17265996249999999 0.5721838875 0.44066230156249997 0.40210132343750005 0.424532453125 0.3874403515625 0.40290619687499996 0.3968653765625 0.41254973125000005 0.408616171875 0.1643602015625 0.5570182515625001 0.17265996249999999 0.5721838875
1 0.3823022390625 0.822742640625 0.8545963546875001 0.354422734375 0.696696828125 0.30794737968749997 0.56301368125 0.42169225624999995 0.498089871875 0.39780381249999996 0.3607899375 0.48616888124999996 0.15507993125 0.626117190625 0.3823022390625 0.822742640625
1 0.437277 0.391935 0.03084146733768165 0.03345035483856425
5 0.521796 0.198833 0.0213301073360908 0.021294957195929064
5 0.466554 0.220948 0.02222953600413611 0.031487594499482
5 0.411903 0.22662 0.018296014003817973 0.028961907981717383
5 0.352719 0.245792 0.0189409040022273 0.01727954528527027
5 0.288012 0.260531 0.022129538669636163 0.022893844499481997
5 0.213166 0.277305 0.022156810669954296 0.025237594499482086
5 0.13764 0.30271 0.022065904002226945 0.017425094499481996
4 0.4744396734375 0.188925959375 0.46095141249999994 0.2274187984375 0.49217065312499997 0.234089 0.5240011124999999 0.24426509843750002 0.546819484375 0.2444585234375 0.57792750625 0.2606864734375 0.6076108765625 0.2872803515625 0.6350616734375001 0.2816040359375 0.678642315625 0.29058869375 0.8728429640625001 0.355272584375 0.887381790625 0.3385626 0.885679559375 0.3167493921875 0.8148806578125001 0.29345666875 0.7537556203125 0.27930808281249997 0.6458826125 0.24820310625 0.5543113265625 0.2169880375 0.4744396734375 0.188925959375
1 0.45694123593749997 0.12377853593749999 0.9309026875 0.24061356093750003 0.987012015625 0.181502546875 0.530332084375 0.0924224890625 0.45694123593749997 0.12377853593749999
5 0.287851 0.582588 0.026144876670908878 0.032450781017246653