1 0.6106 0.309063 0.32449654691210783 0.14590558271004345
1 0.242113 0.319625 0.26374009618646854 0.12801810136854383
1 0.195485 0.491027 0.26427580952597973 0.12099594203531652
1 0.544841 0.491184 0.30121281433530295 0.12767320337363447
1 0.596242 0.675451 0.3003770006329722 0.12610161270686185
1 0.245007 0.661985 0.2719519002701524 0.11718059870304387
0 0.561986 0.403067 0.24137153366526398 0.04654083469922572
0 0.221842 0.407706 0.20947669292109117 0.05007436736154416
0 0.2205 0.580417 0.19832093811176757 0.04369709802672617
0 0.56029 0.585934 0.23969990626060228 0.043397653365680355
0 0.224037 0.747713 0.17644593811176756 0.04344255935708983
0 0.564198 0.764958 0.2047073473675948 0.047676073360907976
3 0.30223278593749997 0.5474493953125 0.34502048125 0.5453123468750001 0.348466521875 0.5348908171875 0.3520079296875 0.527200140625 0.3480469234375 0.5228751 0.339163621875 0.3503189484375 0.2950186 0.34665304531249996 0.2956717984375 0.359567278125 0.3203884625 0.35818688593750003 0.323540059375 0.530263340625 0.3256922140625 0.5373413953124999 0.2999280484375 0.536002003125 0.30223278593749997 0.5474493953125
3 0.67488716875 0.5267214375 0.676106259375 0.5343567375 0.6923302328125 0.5352607328125 0.7160566796875 0.53279909375 0.7195980843750001 0.5251083984375 0.71680893125 0.36340914999999996 0.700146225 0.3499432703125 0.6753501140625 0.3500455953125 0.678629215625 0.361121465625 0.6976905296875 0.36144605625000004 0.6923783578125 0.372982071875 0.6929123921875 0.3882748109375 0.70152711875 0.5258650625 0.67488716875 0.5267214375
3 0.64119866875 0.353010434375 0.6268407609375 0.350991946875 0.62274625 0.34284373437500004 0.6199570328124999 0.18114448593750002 0.63418143125 0.179339803125 0.6329623390625 0.1717045109375 0.5928784125 0.169438975 0.59866889375 0.1988766984375 0.60223853125 0.3556493703125 0.6053236890625 0.3621701421875 0.640532621875 0.36121407968749997 0.64119866875 0.353010434375
3 0.9663444359375 0.3628868078125 0.9661727828125001 0.3579712828125 0.9575085 0.3553401375 0.9567760765625 0.19798809687500002 0.9671920515625001 0.196227728125 0.97360888125 0.189049975 0.9612315390624999 0.1891939984375 0.9469499234375001 0.18936018125 0.9345533796875 0.1889580359375 0.9395999640625 0.19709518125 0.9417537421875 0.231492734375 0.94134168125 0.3560746609375 0.9337629812499999 0.357255628125 0.93302070625 0.363274565625 0.9663444359375 0.3628868078125
3 0.9157256328125 0.6862848015624999 0.916107084375 0.697208184375 0.945488884375 0.693041553125 0.9396045328125 0.6881925015625 0.9309783968750001 0.686653728125 0.92979745 0.6801107609375 0.9583797578125001 0.6803245828125 0.9629304546874999 0.67426133125 0.9587711890625 0.5278769515625 0.9710722390625 0.525548259375 0.9692561890625001 0.5180226921875 0.9270655171875 0.5200500234375001 0.9359014515625 0.5275966750000001 0.94165229375 0.5286225375 0.944630615625 0.6684639703124999 0.916105528125 0.6698886671875 0.9157256328125 0.6862848015624999
3 0.5882399078125 0.7185077578125 0.6149371390625 0.7192899203125 0.61941154375 0.7110419640625001 0.6030349921875 0.7057686296875 0.6048056953125001 0.7019232828125 0.631483790625 0.7021592625 0.6276852796875 0.5388325625 0.6485935234375 0.5374964953125 0.6458611796875 0.52539409375 0.6025871640625 0.52928958125 0.6118999796875 0.550490453125 0.615849571875 0.6908669546875 0.5853629921875 0.6906753265625001 0.5831361046875 0.7087321390625 0.5882399078125 0.7185077578125
3 1 0.72454393125 0.977106871875 0.7256324546874999 0.958902396875 0.7225659296875 0.9320716578124999 0.7179606109375001 0.7619875109375001 0.7297747625000001 0.749837484375 0.70915329375 0.733460865625 0.7038799421874999 0.6802954015625 0.7088696921875 0.676239034375 0.7018138140625 0.6416680234375 0.7052593890625001 0.6490474734375 0.7141508171875001 0.6642621546874999 0.7134273906249999 0.733708809375 0.7109801359375 0.743059834375 0.7332733593749999 0.76697700625 0.73627339375 0.9390034453125 0.7255294390625 0.9689192796875 0.736655546875 1 0.7355004578125001 1 0.72454393125
3 0.37857540156249997 0.7697515765625 0.3847839875 0.7838854921875 0.410452728125 0.782494028125 0.433150746875 0.7778588 0.428999015625 0.7680720671875 0.4008919671875 0.7541929640625 0.3935787890625 0.7357007531249999 0.3835236359375 0.7205188203125 0.347003671875 0.7255271234375 0.3526380859375 0.736177140625 0.37352725625 0.7342949062499999 0.3792223765625 0.761001784375 0.39655106875 0.7662640765625001 0.41473647187499996 0.768784396875 0.37857540156249997 0.7697515765625
3 0.705511071875 0.7763287515624999 0.7169744859375 0.777288140625 0.733998015625 0.7738117171875001 0.746356284375 0.7731215453125 0.7307602125 0.762921571875 0.7192395828125 0.7603236625 0.7190488562499999 0.7548619890625 0.7342634734375 0.7541385421875 0.7289279875 0.7445373578125001 0.7072801515625 0.7451638859374999 0.6929985375000001 0.74533006875 0.6857059249999999 0.7547035609375 0.694484771875 0.7606117109375 0.700559721875 0.7709224734375 0.705511071875 0.7763287515624999
3 0.7796419953125 0.771641415625 0.8014450953125 0.7686557859375001 0.8135936906250001 0.7619577171875 0.8132694562499999 0.7526728546875 0.8101651656250001 0.745605896875 0.798511025 0.7391847984375 0.786152628125 0.7398750093750001 0.7634157921875 0.7423318765625 0.769396115625 0.750997809375 0.7827256578124999 0.75084270625 0.797083565625 0.75286119375 0.7973696546875 0.761053721875 0.7680450750000001 0.7668588734374999 0.7796419953125 0.771641415625
5 0.547556 0.995327 0.026999009618646853 0.01280908267027243
5 0.49306 0.989222 0.020830855172143004 0.015080107336090975
5 0.445567 0.98398 0.025463791469812237 0.013572151336727244
5 0.296921 0.965837 0.022338791469812234 0.013535788669636162
5 0.270577 0.959278 0.02013145072563951 0.017414766669318026
5 0.212011 0.957815 0.018405259618646853 0.01270908533577284
5 0.16767 0.951828 0.024518850362819932 0.008875560669954296
5 0.128772 0.946686 0.01994047776748147 0.011946016669318027
2 0.246815 0.408778 0.01751488221398496 0.009574994668999892
2 0.578256 0.407164 0.022956350362819577 0.008857379336408932
2 0.657271 0.404957 0.023737600362819754 0.008866470003181703
2 0.57209 0.583726 0.023792164065150702 0.010428970003181704
2 0.6462 0.587715 0.02610863221398514 0.009674992003499838
2 0.244156 0.57444 0.02384672776748147 0.011991470003181704
5 0.098744 0.799402 0.0191046640651507 0.010374426002545433
5 0.144784 0.801501 0.0183234140651507 0.010365335335772663
2 0.185272 0.80588 0.019885914065150702 0.010383516669318027
2 0.454176 0.826985 0.021475695916316085 0.011182948002863569
2 0.503286 0.830683 0.027698414065150702 0.01047442333704538
2 0.556974 0.83756 0.023092759618646853 0.012763629336408932
2 0.619784 0.807028 0.01994047776748147 0.011946016669318027
2 0.54958 0.803085 0.01924107332097762 0.014280676002545433
2 0.481721 0.799169 0.01985863221398514 0.009602266669318026
4 1 0.77288724375 0.989568496875 0.7701785796875 0.9661938484375 0.7804342578125001 0.93345658125 0.7944293 0.9119168703125 0.8119244703125 0.8726950390624999 0.8214569703124999 0.8053540968749999 0.841300296875 0.7547763015625 0.8427964578125 0.7053683453125 0.832480046875 0.700433584375 0.8270918375 0.69657340625 0.8071693734375 0.6932203453125 0.801762759375 0.6704767359375 0.7847828421874999 0.64877861875 0.7977418265625 0.649538975 0.8195155703125 0.6504577390625 0.8458255250000001 0.712518221875 0.855994653125 0.774166634375 0.85436973125 0.8735821203125 0.846859659375 0.912930678125 0.840956165625 0.9344387078124999 0.82255373125 0.945097678125 0.8106308 0.9905189406250001 0.7973957406250001 1 0.7959183375000001 1 0.77288724375
3 0.42910998281249996 0.17074297031250002 0.46564395625 0.1748558859375 0.48253404218749996 0.1601376359375 0.48231227031249996 0.15378694843750002 0.4756375109375 0.1438809265625 0.4472014796875 0.1451194296875 0.4267046703125 0.1471731421875 0.40143171874999994 0.1483748265625 0.399945171875 0.1511149546875 0.39526396875 0.1529846359375 0.35885672031250004 0.15250066874999998 0.3050841625 0.15312636875000002 0.278604984375 0.150724684375 0.2944886625 0.166863784375 0.31821180781249997 0.16658774062499998 0.3213115234375 0.164736446875 0.3593002609375 0.1652020125 0.39263936875 0.1684445140625 0.42910998281249996 0.17074297031250002
4 0.367228259375 0.9359264828124999 0.38724984687499997 0.9202641874999999 0.3859509046875 0.8830673750000001 0.38003401718749996 0.8495547203125 0.35283097812499997 0.8407951718750001 0.27074653125000003 0.8009079484375 0.257680971875 0.562684115625 0.24756439375 0.36359878125 0.2583476078125 0.309924409375 0.23312106093749999 0.293107946875 0.2343810578125 0.3938488859375 0.2428971046875 0.7283320984375 0.2572336125 0.8670293250000001 0.3115890828125 0.9284054546875 0.367228259375 0.9359264828124999