1 0.6520177203124999 0.34673105937500004 0.6968126625 0.2597539015625 0.5944428671875001 0.1251397890625 0.5298197703125 0.2114054796875 0.6520177203124999 0.34673105937500004
1 0.6639749328125 0.4241011875 0.5028147234375 0.264405621875 0.42762534687500003 0.3838650609375 0.6192412 0.5294563046875 0.6639749328125 0.4241011875
1 0.674349459375 0.374598721875 0.76178864375 0.47278315624999995 0.7972648109375 0.3877540046875 0.71812521875 0.282586075 0.674349459375 0.374598721875
1 0.633594040625 0.5531025781250001 0.7317268984374999 0.6318219890625 0.768674065625 0.5272432968749999 0.6803328343749999 0.44400144375000006 0.633594040625 0.5531025781250001
1 0.5252414 0.7327043796875 0.65715605 0.7996884296875 0.70017216875 0.6655355796875 0.58987661875 0.5856222843750001 0.5252414 0.7327043796875
1 0.2897129046875 0.61404241875 0.491802296875 0.7113125796875 0.5606219921875 0.5633865015625 0.3920034421875 0.4443352703125 0.2897129046875 0.61404241875
0 0.6107582218750001 0.59235040625 0.6989913578125 0.658435475 0.7115289453125 0.6237727421875 0.630994925 0.5602240921874999 0.6107582218750001 0.59235040625
0 0.43106842656250005 0.462075015625 0.5583207546875 0.5535617296875001 0.579600790625 0.5156254609375 0.46690904062499994 0.42825745625 0.43106842656250005 0.462075015625
0 0.537344490625 0.2841713203125 0.6378588796875 0.3875146359375 0.6530551531250001 0.356050934375 0.5619452078125 0.2546869890625 0.537344490625 0.2841713203125
0 0.6800132109375 0.4348486125 0.7498754 0.5013627625 0.7612258171875 0.47705424687500003 0.69817039375 0.40433481875000005 0.6800132109375 0.4348486125
2 0.602672 0.679905 0.01360863221398514 0.009452268052176827
2 0.491496 0.730831 0.012718254809323426 0.0063227228726368875
2 0.455822 0.74547 0.015062004809323426 0.006336358411256349
2 0.420038 0.763234 0.01360863221398514 0.009452268052177004
2 0.385063 0.780222 0.014526291469812236 0.01336306323171641
2 0.55137 0.761654 0.017405754809323427 0.00634999394987581
2 0.545584 0.748337 0.014362600362819755 0.00867556323171641
2 0.643704 0.735624 0.00805803666048881 0.007076701795397966
2 0.653297 0.729428 0.00571428666048881 0.007063066256778683
2 0.619577 0.710478 0.009565972958158041 0.005523292154477844
2 0.640299 0.698878 0.01274553666048881 0.007103972872636888
2 0.653017 0.6927 0.009593254809323427 0.006304542154477666
5 0.672404 0.65218 0.012881945916315996 0.011010222872636888
5 0.681749 0.720217 0.011264882213985139 0.009438632513557366
5 0.563791 0.69687 0.015171132213985139 0.009461358411256348
5 0.615105 0.771402 0.01196428666048881 0.007099427693097127
5 0.750023 0.577616 0.016088791469812236 0.01337215359079611
0 0.614593565625 0.13846805625 0.688951446875 0.235060121875 0.7021601390625001 0.206505771875 0.6478562296875 0.1249935234375 0.614593565625 0.13846805625
0 0.7351781484375 0.3006347640625 0.7885293203125 0.36792842812500004 0.800125225 0.3430988921875 0.758603396875 0.283790115625 0.7351781484375 0.3006347640625
3 0.720732503125 0.24716633593749998 0.71393275625 0.2489195703125 0.71886479375 0.2591729484375 0.7265203890625 0.2655547296875 0.74098746875 0.2868915453125 0.7518186078125 0.2859716953125 0.7690306796875 0.27130527031249996 0.7828662765625001 0.2909320875 0.7894833109375 0.3003188265625 0.793936703125 0.29686556875000003 0.80536615 0.3130790203125 0.8025827624999999 0.31523732031249996 0.8062967484374999 0.323355678125 0.8233677234375 0.3373942171875 0.855905940625 0.33591966093750003 0.8635465953124999 0.34187308125000004 0.8738509390625 0.34224155 0.8759579921875 0.33708825625 0.8571721234374999 0.32305969375 0.8527336515625 0.3269412984375 0.8294014078125 0.33007598437499996 0.78237593125 0.260517153125 0.7642033078125 0.264050228125 0.7458180578125 0.2778666109375 0.7288400875 0.2501181109375 0.720732503125 0.24716633593749998
3 0.6500068125 0.3666785078125 0.6410551203125 0.3723000421875 0.64236291875 0.377005053125 0.65424431875 0.38978852656249996 0.6576442296875 0.38891190937500003 0.6544270671875 0.37864853906249996 0.7016676796875 0.2742676890625 0.7081683109375 0.26394779687500003 0.7102603875 0.25836617031250003 0.7082612765625 0.25023783437499997 0.7045472921875 0.2421194484375 0.704969365625 0.23783280625 0.710323875 0.23493578125 0.7010160187500001 0.22286111718749999 0.6928187265625 0.217339353125 0.6930730078125 0.2246210015625 0.692770596875 0.23233432187499997 0.7014764875 0.2524194140625 0.655846046875 0.3537919390625 0.6500068125 0.3666785078125
3 0.5141485796875 0.2419419140625 0.5295195984375 0.25641874531250003 0.44373052343749997 0.40300900625 0.4434729453125 0.412007321875 0.43564963749999996 0.4171938734375 0.43006790156249997 0.42108212656250005 0.42991832499999993 0.4167987984375 0.4240673515625 0.4129770578125 0.417928965625 0.4172969703125 0.4141369328125 0.4233169125 0.4338712453125 0.4383659953125 0.44819235468749996 0.4325440171875 0.54401985 0.2623322734375 0.536651671875 0.2478088546875 0.5364721796875 0.24266887656249997 0.5288764171875 0.2380004484375 0.522031796875 0.23846867343749997 0.5141485796875 0.2419419140625
3 0.5644406890625 0.53602649375 0.5738111953125 0.5423982703125 0.48584548125 0.741268415625 0.48951463281249996 0.7481017875 0.4773607375 0.743888296875 0.47425998125 0.753331571875 0.49930713750000005 0.7638238640624999 0.5039849703125 0.7531586375 0.4970654859375 0.7514852125 0.5838430625 0.5513367359375 0.5933214921875 0.5444268671875 0.5850045015625 0.5354784515625 0.570534203125 0.5304215875 0.5644406890625 0.53602649375
3 0.7037642828124999 0.6453885609375 0.7101569515625 0.6483503140625 0.655621696875 0.8221776078125 0.648160553125 0.8213641796875001 0.6433748359375 0.8316740953125 0.664186153125 0.8401982359375 0.6652764015625 0.8366877109375 0.663247375 0.8277027015625 0.720670721875 0.6547154374999999 0.723319490625 0.6487021546875 0.7151221609375 0.643180390625 0.7046233484375 0.6372435828125 0.7037642828124999 0.6453885609375
3 0.8205116578125 0.23923394999999997 0.82044856875 0.2538006046875 0.8158456031249999 0.252970546875 0.81563619375 0.246973878125 0.81158988125 0.2457121484375 0.8014500546875001 0.2500553546875 0.8292175125 0.2593190421875 0.8306332703124999 0.2507424078125 0.8324860234375 0.23830744843749999 0.8326986875 0.22802413906250002 0.82283135625 0.2237973609375 0.820137715625 0.2285256484375 0.8205116578125 0.23923394999999997
3 0.8003913140625001 0.2033637390625 0.8007353421875001 0.21321540468750003 0.7821705984375 0.22189181093750002 0.79364488125 0.23939025625000002 0.8014084390624999 0.23249039374999997 0.798206234375 0.2226553546875 0.8055626734375 0.22047045 0.8182582671875 0.22382396718750003 0.8197189 0.2165323109375 0.8159002093750001 0.20541561874999997 0.8003913140625001 0.2033637390625
0 0.6607046578125 0.116350375 0.722753703125 0.1947820234375 0.7691823296875 0.17741170625 0.724129265625 0.0988445828125 0.6607046578125 0.116350375
0 0.32272098125 0.6707400765625 0.46766606250000003 0.73995908125 0.4823914359375 0.7242204625 0.3323971203125 0.65311858125 0.32272098125 0.6707400765625
0 0.5454157328125 0.7771153375 0.6371263796875 0.8214938093749999 0.65401954375 0.80904340625 0.5568366640625 0.7603405140625 0.5454157328125 0.7771153375
3 0.47582445937499995 0.778030959375 0.478635753125 0.7817005296875 0.49156644531250004 0.780620040625 0.49748399374999996 0.783601371875 0.5038135578125 0.785575046875 0.5071095453125001 0.777513853125 0.519628284375 0.777441021875 0.5190290859375 0.773088415625 0.5316647859375 0.7763657578125 0.5380904890625 0.7682863578125 0.5246995125 0.7625380078124999 0.518537728125 0.7590177390624999 0.5115362546875 0.7634145640625001 0.5045348125 0.7678114109374999 0.4997688328125 0.77219523125 0.49402676718749994 0.7742391359374999 0.48329644062500005 0.7743015640625 0.47582445937499995 0.778030959375
3 0.2736646296875 0.6490869046875 0.2697577140625 0.6524604890625 0.2645797515625 0.6578519640625 0.25255495 0.65926225625 0.25674258125 0.66392905625 0.27799013281249996 0.6705071265625 0.3374723828125 0.6962976421875 0.3482377765625 0.6972402484375 0.37221472968749997 0.70514279375 0.3646115390625 0.717920209375 0.365774778125 0.7256203875 0.37946033749999997 0.729451990625 0.3906275890625 0.7073812421875 0.3471213328125 0.690880153125 0.3404616203125 0.69225923125 0.276449946875 0.6648196625 0.29798079375 0.6667048999999999 0.3038540953125 0.6556129515625 0.28894780625 0.6513435828125 0.2736646296875 0.6490869046875
2 0.654299 0.655982 0.011991568511654283 0.007880677693097127
5 0.606645 0.342359 0.012909227767481468 0.011791472872636887
5 0.389542 0.025407 0.015143850362819577 0.008680108411256372
2 0.367032 0.0 0.015252977767481468 0.011805108411256371
4 0.4910326546875 0.211396190625 0.529799559375 0.17866512968749998 0.5440214125 0.138717075 0.5623785546875 0.1178067609375 0.56242889375 0.0944025234375 0.5693732578125 0.0696579375 0.5859728453125 0.048107740625 0.6102381828125 0.0473164828125 0.641034440625 0.0347852015625 0.6354893500000001 0.025065823437500002 0.59679548125 0.0350425765625 0.582321553125 0.0429281203125 0.5601946890625 0.0801131046875 0.5484997109374999 0.11788750625 0.5155502109375 0.1681376546875 0.46305840312499996 0.23020347968750002 0.449083765625 0.2523885125 0.444968690625 0.28361771562500004 0.4101517890625 0.330082396875 0.3826387765625 0.36209783125 0.346999871875 0.4098674875 0.3211940734375 0.46592706718750004 0.2688861859375 0.5581054984375 0.2698265953125 0.58924779375 0.31993826875 0.50449949375 0.34455884375 0.43934527812499996 0.3724626015625 0.39367524062500003 0.3981499703125 0.3590699953125 0.42748862968749995 0.3296443484375 0.4617522015625 0.292180125 0.46354233906250003 0.24406160156249998 0.4910326546875 0.211396190625
4 0.7625990796875 0.0428394 0.7588620546875 0.0861211625 0.7648234375 0.1065366625 0.7876312859375 0.128427240625 0.8193077656250001 0.1337487828125 0.8394459671875 0.10924869687500001 0.8355835624999999 0.0888209828125 0.8255341375 0.0715754421875 0.81507279375 0.0425341171875 0.80112755625 0.03396324375 0.7768797984375 0.0309581390625 0.7625990796875 0.0428394