4 0.4854556328125 0.9319101296875001 0.6360713984374999 0.9356435187500001 0.7529976281249999 0.9290808125 0.7782854625 0.9283846562500001 0.7702064890625 0.9104633 0.6864118046875001 0.923353975 0.505726315625 0.9113474281249999 0.3307034328125 0.90534921875 0.2504363515625 0.922242575 0.2504919359375 0.9529458765625 0.31827646249999997 0.9329360484375 0.4854556328125 0.9319101296875001
6 0.2109628854460353 0.7403544693666348 0.02705480562435252 0.027643742003499838
6 0.24824671567749368 0.7118663900381801 0.029235889784752268 0.04094317333704538
5 0.4550661040145039 0.6181271227323151 0.0376477032669877 0.03713692067154532
5 0.46962952584996015 0.4564901887332697 0.03252355562435252 0.02770737667090888
5 0.4819198182397463 0.3268754140674514 0.024038967535011224 0.029951129336408932
5 0.4907576248975561 0.20425552673454234 0.019315080231458382 0.029115335335772662
6 0.29789792101139595 0.4849771733768161 0.027763281017246656 0.026090332670272432
6 0.33462744127527555 0.3173447780474069 0.021840766749222952 0.033048857336090795
6 0.35823622332597954 0.1964601133831795 0.02024187944567011 0.032249426002545344
6 0.6904127909465533 0.7678202294318591 0.032923815963434674 0.036301126670909054
6 0.6541692299455173 0.7236247867599956 0.03572133023145838 0.029306239337999786
6 0.6406483471900783 0.4936554760900413 0.02425729135632899 0.03463862933640893
6 0.626633004757511 0.3246509374204051 0.02756422787409356 0.03858124200349984
6 0.617429286808215 0.2033844647517234 0.018351893713693813 0.025199994668999894
6 0.25741189227046085 0.8675260440404072 0.01480951674922304 0.03296704133513621
6 0.5380968120390024 0.8997140247453601 0.022258143713693813 0.025245448002863567
6 0.08982628598415457 0.8405624600174992 0.021185795285270294 0.01898635733609062