3 0.5678195781250001 0.46773413125 0.5528579578125 0.45332704531249995 0.5453632734375 0.46457942656249995 0.55502359375 0.47215300156250006 0.5500691640625 0.5021005546875 0.62019101875 0.5439844953125 0.6208767921875 0.5516624984375 0.605566290625 0.5646506296875 0.60181445 0.5809202171875001 0.6256571609375 0.6019926796874999 0.643646084375 0.6086153765625 0.6448784828125 0.60006103125 0.6422745812499999 0.593259371875 0.613969415625 0.5765087796875 0.62924013125 0.5566891515625 0.63170989375 0.5404344828125 0.559003965625 0.4951646296875 0.5621048531249999 0.47719459999999997 0.5678195781250001 0.46773413125
3 0.8180837484374999 0.6193955609375 0.8223314078125 0.6043456125 0.792317896875 0.5983454171875 0.786091325 0.630015821875 0.779824965625 0.6548546156249999 0.7645194734375 0.668696684375 0.7588594 0.6875504875 0.781365384375 0.6992445921875 0.7857781578125 0.68638329375 0.7748506640625 0.6813864203125 0.7907723328125 0.6632672359375 0.7982710890625 0.629874096875 0.7963082046875 0.623064921875 0.7981568234374999 0.6102334593750001 0.8180837484374999 0.6193955609375
3 0.6705333953125 0.6293759671875 0.677077578125 0.62302914375 0.6704555796875 0.616000540625 0.662808853125 0.6091986890625 0.6564310828125001 0.6112996109375 0.6594973078125 0.6153173671875 0.6592213499999999 0.6201846984375 0.6463785390625 0.609389871875 0.6393804281250001 0.6094713031250001 0.51890546875 0.6655945125 0.515280234375 0.6700954718750001 0.5097610125 0.6628635078125 0.5040129921875 0.668605209375 0.50403893125 0.6730636718749999 0.5181058515625 0.6850603078125 0.5235708390625 0.6829699921875 0.52686588125 0.6740140968749999 0.6300307359375 0.6237671125 0.6424631796875 0.6163262625 0.6571339328125 0.6275051734375 0.6677549203125 0.6225174671875 0.6705333953125 0.6293759671875
3 0.660502975 0.7881770640625 0.6513255046875 0.7797716546875 0.6470799328125 0.782253109375 0.6330224234374999 0.7718777593749999 0.468667165625 0.869451240625 0.46472348906249994 0.8715238546874999 0.46267380156250004 0.8853293656250001 0.4578220796875 0.8882232296874999 0.4752784046875 0.9074765859375 0.48527199843749996 0.899253428125 0.4730495046875 0.8904780953125 0.47422175937500005 0.882762940625 0.491821990625 0.8744512734375001 0.4970039078125 0.87601234375 0.6394945171875001 0.7859894671875 0.649261671875 0.7911452765625 0.6575027765625 0.7955081734375 0.660502975 0.7881770640625
3 0.359315821875 0.7583400078125 0.347577978125 0.73845193125 0.34028268906250003 0.739752846875 0.3442900109375 0.748623771875 0.1412553421875 0.840161840625 0.136648921875 0.83291925625 0.126645896875 0.839521153125 0.1359247640625 0.8653551625 0.1468641734375 0.8627958187500001 0.146805221875 0.852662909375 0.35012763750000003 0.758284084375 0.3535099265625 0.7643248734375 0.359315821875 0.7583400078125
3 0.2491322328125 0.6266702984375 0.239652515625 0.6128106359375 0.236015471875 0.6152850140624999 0.0495715296875 0.6819040859375 0.055451642187500004 0.698860090625 0.0724338921875 0.6889342453125 0.2409591796875 0.6281984781250001 0.2458651578125 0.6346268875 0.2491322328125 0.6266702984375
2 0.204401 0.953776 0.009443177693097127 0.01182783800127254
2 0.228902 1.0 0.008661927693097126 0.011818747334499946
2 0.190598 0.998471 0.01418067466803503 0.020476132001908808
2 0.152984 0.844992 0.006309087334017516 0.010228975334181812
2 0.136368 0.809246 0.00943863251355732 0.011046588001272718
2 0.11978 0.778187 0.00791249394987581 0.017278406667727352
2 0.100817 0.741686 0.01023351805217676 0.013399428668045488
2 0.127539 0.903105 0.02432783430895542 0.019031810669954297
2 0.151549 1.0 0.018132376463433096 0.028334085335772485
5 0.113081 0.969684 0.009456813231716543 0.01417158800127254
5 0.232908 1.0 0.01021079215447771 0.009493178668045488
0 0.1675888734375 0.8522086249999999 0.14990188124999998 0.86516089375 0.218948684375 0.995980046875 0.23858127499999998 0.991616871875 0.1675888734375 0.8522086249999999
0 0.126647784375 0.78055869375 0.078471265625 0.6901694593750001 0.0672127453125 0.701311965625 0.1111895078125 0.7910754343749999 0.126647784375 0.78055869375
1 0.4513241265625 0.9243637625 0.3273052765625 0.7700649265624999 0.1797799015625 0.8434503984375 0.26292555625 0.996846571875 0.32653906250000003 0.9940389749999999 0.4513241265625 0.9243637625
1 0.29891361562499996 0.7399404453125 0.2204883421875 0.6381964531250001 0.08784384843750001 0.6907350453125 0.156830484375 0.8112180656250001 0.29891361562499996 0.7399404453125
0 0.4679585125 0.85326446875 0.3763260453125 0.7487102546875 0.335067846875 0.770553146875 0.43039571875 0.8838384109374999 0.4679585125 0.85326446875
0 0.337364725 0.7000513546875 0.269392171875 0.6259798812499999 0.2312728453125 0.6397992921875 0.2948161921875 0.7187334453124999 0.337364725 0.7000513546875
1 0.6047060796875 0.784801825 0.47988725624999995 0.672612946875 0.36636111250000003 0.71687958125 0.48995630468750007 0.8550147750000001 0.6047060796875 0.784801825
1 0.44906387812500004 0.6468920640625 0.36358131718750003 0.5650350796875 0.256195959375 0.6054409281249999 0.345897303125 0.7035510609375 0.44906387812500004 0.6468920640625
1 0.6046932515625 0.60337344375 0.5065804328125 0.53431965625 0.42001726875 0.5681676984374999 0.5157676140625 0.6466292796875 0.6046932515625 0.60337344375
1 0.7712306484375 0.71502224375 0.6370110999999999 0.6250087890625 0.5453030421875 0.670916203125 0.6881696609375 0.7804072234375 0.7712306484375 0.71502224375
0 0.6426000328125 0.75655575 0.536773509375 0.6716470250000001 0.5070101921875 0.689676840625 0.6094488546875 0.776902340625 0.6426000328125 0.75655575
0 0.4870265765625 0.630462371875 0.4148098828125 0.5694913953125 0.3869134328125 0.5824470749999999 0.4593536421875 0.647285715625 0.4870265765625 0.630462371875
0 0.7623741296875 0.6595485859375 0.6890665874999999 0.6086142156250001 0.6636066125 0.632909515625 0.74832481875 0.689395096875 0.7623741296875 0.6595485859375
0 0.6013106234375 0.5596197125 0.5473060828125 0.526267128125 0.5217799765625 0.5391952250000001 0.5888878828124999 0.5838862203125 0.6013106234375 0.5596197125
0 0.7870712453125 0.5873487140625 0.718602115625 0.5514307234375 0.70133353125 0.5983666296875 0.7741119140625 0.6398338625 0.7870712453125 0.5873487140625
0 0.6144251421875 0.4913822546875 0.5711344265625 0.46599228750000005 0.5651368921875 0.49448198125 0.6141310890625 0.522331790625 0.6144251421875 0.4913822546875
3 0.53174575 0.52080685 0.520754659375 0.5259445296874999 0.50982175 0.521019334375 0.39485134843749997 0.5615134421875 0.3958361875 0.5678175203125 0.40247680625 0.5683718 0.41384702500000003 0.5669763921875 0.5089286984375 0.5305030203125 0.521272796875 0.5335171421875 0.53174575 0.52080685
5 0.187781 0.917249 0.008675563231716588 0.014162497334499946
4 0.861432096875 0.7063591312499999 0.8525271359375 0.7059166421875 0.8354138765625001 0.7382609437500001 0.7835554218749999 0.7461425234375 0.7282312015625 0.784390075 0.6739022296875 0.837182353125 0.6062187015625 0.8640499515625001 0.561831578125 0.9039897734375 0.5300579359375 0.9207353484375 0.5188420015624999 0.94937193125 0.5391950671875 0.9260876484375 0.589066615625 0.889723075 0.6308103328125 0.8649768437500001 0.6898049296875 0.8315386890625 0.7432551187499999 0.78421525625 0.786339959375 0.755207825 0.8327175484374999 0.7443574468749999 0.861432096875 0.7063591312499999
4 0.7121532312500001 0.4468694796875 0.7166603140625 0.435008815625 0.707526446875 0.434186546875 0.67520225625 0.4345626734375 0.6492130453125 0.42819344375 0.6237285171875 0.4303095265625 0.6014167406250001 0.42996262500000004 0.5750287000000001 0.4333022421875 0.7121532312500001 0.4468694796875
3 0.6886585203125 0.512775715625 0.6840252 0.5048388734375 0.6762218796874999 0.49787898906250005 0.6691980390625 0.50360125625 0.6738395500000001 0.5129481499999999 0.6686044890625 0.5228800109375 0.6622179515625 0.51684374375 0.6572974281249999 0.5201913046875 0.6584024203125 0.5281692171875 0.6739844765624999 0.53785885 0.6781200140625 0.5208891140625 0.6886585203125 0.512775715625
3 0.658801703125 0.5011071 0.6703690625000001 0.49662895 0.6618360703125 0.49334992499999997 0.651321834375 0.4920244171875 0.635203640625 0.492694584375 0.6314657921875 0.5040795765625 0.6289734203124999 0.51158914375 0.642585203125 0.5160156203125 0.64560974375 0.506569390625 0.638691534375 0.50061718125 0.643023328125 0.4979123828125 0.6462809484375 0.49739185625 0.658801703125 0.5011071
5 0.662803 0.512475 0.007072156615858205 0.0071130660009544044
5 0.644779 0.50331 0.0055187469749379044 0.00865738466740904
5 0.627533 0.493353 0.005509656615858205 0.0070948846674090404
6 0.697478 0.563638 0.009470448770336048 0.01651533800127254