2 0.241984 0.47645 0.01631635876750561 0.015207425911805572
2 0.236659 0.506828 0.013790672249741042 0.011246624525034577
2 0.225935 0.569146 0.01415454528527027 0.019059124525034575
2 0.383709 0.607231 0.01869649607105863 0.01604322729857639
2 0.405062 0.534993 0.018514559553293886 0.01213697729857639
2 0.411186 0.521057 0.008884848428423454 0.00645002175149294
2 0.515321 0.636103 0.011446922249741042 0.011192073138263935
2 0.545085 0.567971 0.016352746071058633 0.015988675911805573
2 0.555188 0.552564 0.01468108416039975 0.013608558320624908
2 0.654172 0.543137 0.021149407981717338 0.018441528685347208
2 0.707003 0.584254 0.012555657981717516 0.01824150693385427
2 0.688688 0.608072 0.014190932588823202 0.019840374525034753
2 0.657344 0.659743 0.010920383374611476 0.016642639342673606
2 0.636517 0.737468 0.012519270678164496 0.01746025693385427
2 0.610261 0.780654 0.014535534946188023 0.010483558320624909
2 0.598377 0.800712 0.014008996071058632 0.015934124525034576
2 0.570032 0.838375 0.015353172249740865 0.011282992116215241
2 0.442635 0.819768 0.0173159325888232 0.019913109707395904
2 0.465094 0.774147 0.01709760876750561 0.015225609707395903
2 0.471254 0.759431 0.017769696856846907 0.012900043502986236
2 0.498801 0.705325 0.015498721463952769 0.01440799211621524
2 0.368788 0.675708 0.013754284946188022 0.010465374525034755
2 0.345674 0.735391 0.014790246071058633 0.015952308320624907
2 0.340295 0.750126 0.018514559553293886 0.01213697729857639
2 0.323867 0.80058 0.01869649607105863 0.01604322729857639
2 0.183371 0.777757 0.016243584160399747 0.013644925911805572
2 0.193367 0.731064 0.015353172249741042 0.011282992116215241
2 0.199891 0.708535 0.018732883374611476 0.016824477298576567
2 0.214266 0.651777 0.02274829528527027 0.01925914627652787
2 0.25537 0.25621 0.014227319892376222 0.020621624525034753
2 0.313806 0.177014 0.016425520678164496 0.01755117591180557
2 0.368729 0.190024 0.02118579528527036 0.01922277868534721
2 0.420417 0.205305 0.014826633374611476 0.016733558320624998
2 0.473741 0.21906 0.01493579528527036 0.019077308320624996
2 0.7608 0.302387 0.018623721463952768 0.01448072729857639
2 0.716034 0.289613 0.016243584160399747 0.013644925911805572
5 0.387748 0.235046 0.019696069892376045 0.020748911094166635
5 0.467943 0.259594 0.018732883374611476 0.01682447729857639
5 0.762924 0.340759 0.01493579528527018 0.019077308320624996
5 0.834107 0.357275 0.019696069892376045 0.02074891109416672
1 0.273382 0.725888 0.11565073283649223 0.12053266517822933
1 0.5319 0.767099 0.09502786372990428 0.09664057028847228
1 0.612853 0.590665 0.0913570541766104 0.08484908510611114
1 0.314692 0.527414 0.13894052956950453 0.08439579663711819
4 0.433304678125 0.668700646875 0.422508796875 0.6900033421875 0.43135207500000006 0.6930830359375 0.43655367500000003 0.677876834375 0.44705985625 0.6627940984375 0.47553537187500006 0.6390290359375 0.499959646875 0.62331229375 0.5197325125 0.6022185375 0.527634434375 0.5904280265625 0.521172571875 0.58884069375 0.50731289375 0.605761284375 0.4877628703125 0.6220704546875 0.45151221875 0.646133525 0.433304678125 0.668700646875