1 0.3491547328125 0.6451320390624999 0.3512960546875 0.637122234375 0.3492020125 0.6303909171875001 0.34307627812499997 0.6310509843750001 0.3387374828125 0.6358823546875 0.151419278125 0.5283745515625 0.1532091921875 0.5193274296875 0.1449451109375 0.5147788390625 0.133919390625 0.5395571203125 0.142050559375 0.5486736718749999 0.14679988593749999 0.542849378125 0.3363155640625 0.653535615625 0.344697790625 0.654023825 0.3491547328125 0.6451320390624999
1 0.239811759375 0.7828065421875 0.24424213906249997 0.7617113890625 0.23975858749999998 0.758399771875 0.2372362671875 0.766387421875 0.06674745625 0.6969736859375 0.071233934375 0.68706680625 0.063234403125 0.6842119078125 0.0660149734375 0.6959142093749999 0.0656339515625 0.6958920171874999 0.06347786093749999 0.7044093859375 0.22747470781249998 0.7739534328125 0.239811759375 0.7828065421875
0 0.0901515296875 0.6927443171875 0.22157347187499998 0.7537817734375001 0.305053225 0.65238635625 0.1600806578125 0.5723390875 0.0901515296875 0.6927443171875
0 0.3257317875 0.6237766984374999 0.436452328125 0.46499242656249995 0.2843848828125 0.3389561546875 0.18294451875 0.5336063859375 0.3257317875 0.6237766984374999
0 0.4647353140625 0.7302708640625 0.5833300125 0.6156683953125001 0.4737819109375 0.5368896578125 0.37210551875000003 0.6608162140625 0.4647353140625 0.7302708640625
0 0.2550123984375 0.789396340625 0.35050420781249997 0.839189696875 0.4354607171875 0.7526242015625 0.4101249734375 0.7445392453124999 0.39611322968749996 0.753891325 0.319860990625 0.7118278625000001 0.2550123984375 0.789396340625
0 0.48155105468750004 0.8737680031249999 0.582784671875 0.804928046875 0.4975604015625 0.7581926703125 0.405517365625 0.8373097703125 0.48155105468750004 0.8737680031249999
1 0.5124394484375 0.8877688671874999 0.519652075 0.875987134375 0.512971103125 0.86949711875 0.5111960078125 0.8780366796875001 0.4998986203125 0.8728029953125 0.4908843375 0.880920921875 0.3880204015625 0.835273875 0.3810145296875 0.83994990625 0.3847537828125 0.8294911140625001 0.37681065468749997 0.8261445859375 0.370801109375 0.8368130203125 0.3847065015625 0.8442322359375 0.4925383109375 0.8896602375 0.50304709375 0.8826461703125 0.5124394484375 0.8877688671874999
1 0.47948364374999997 0.7480705203125 0.470823796875 0.74400726875 0.4617208546875 0.755170496875 0.3211871765625 0.6793669078125 0.327944940625 0.670100721875 0.3190963890625 0.6605026015625 0.30991932499999997 0.6731181281249999 0.315102821875 0.6917227609375 0.46026773125 0.7657624578125 0.476535971875 0.7575586015625 0.47948364374999997 0.7480705203125
1 0.6292652390625 0.7962870546875 0.63440740625 0.8031958703125 0.650501403125 0.7878641562500001 0.6441571203125 0.7829189578125 0.6408727562500001 0.790862221875 0.634177015625 0.7848797375000001 0.6182307015624999 0.795135975 0.507135221875 0.7307067484374999 0.499766071875 0.7216345609375 0.4844488625 0.7365031265625 0.4978876 0.733726971875 0.49583485781250003 0.7386915265625 0.6209981796874999 0.8049569265625 0.6292652390625 0.7962870546875
1 0.6281164296874999 0.625903040625 0.638495275 0.6102384562500001 0.630260728125 0.6046747546875 0.6213616140625 0.6219507609375 0.47853301562499995 0.5200846296875 0.47136764375 0.5171252546875 0.46751619843750003 0.5052075140625 0.4735267125 0.49538940625 0.46449763125 0.48094970156250005 0.446882578125 0.5060393828125 0.4524205109375 0.5124628390625 0.453649184375 0.522702590625 0.6095325734375 0.6349888421875 0.6281164296874999 0.625903040625
0 0.5281350953125 0.7304046093750001 0.6169724921874999 0.78591131875 0.7417460453125 0.69505555 0.6522621765625 0.6340210859375001 0.5281350953125 0.7304046093750001
1 0.5294953687499999 0.9066381781249999 0.5296194062499999 0.94172565625 0.523316478125 0.9484762609375 0.5230801875 0.95659705625 0.5293653968750001 0.9635724437500001 0.540535796875 0.9469371499999999 0.5376560734375 0.91473961875 0.6028620421875 0.8773562859374999 0.6011962265624999 0.855906071875 0.586457925 0.8377617484375 0.60747554375 0.8237336187500001 0.6172814062499999 0.8146449640625001 0.6107718484375 0.8050768203124999 0.579455028125 0.8292193359375 0.5794815890625 0.841422703125 0.5850638765625 0.8463235203125 0.59410174375 0.863627421875 0.5294953687499999 0.9066381781249999
1 0.751081025 0.7939669859375 0.753523603125 0.8149540359375 0.7616843078125 0.823055475 0.7705361421875 0.8205205718749999 0.775108303125 0.8207868703125 0.7884023078125 0.809867746875 0.7841403296875 0.7989429171875 0.76671423125 0.8075877437500001 0.7649746234375 0.7886752859375 0.7579480921874999 0.754711025 0.7428435624999999 0.7360369640625 0.7537924671875 0.7270148828125 0.7459819015625 0.7161431890625 0.7285867125000001 0.7275804531250001 0.7354271578125 0.7417059171875 0.74603341875 0.757575928125 0.7532961890625 0.7834194078125 0.751081025 0.7939669859375
1 0.63064918125 0.9323576703124999 0.65449335 0.9261203015625 0.6524878640625 0.9163437296874999 0.655084078125 0.9058183296875001 0.65376679375 0.8986238984374999 0.6484621765624999 0.8972981250000001 0.6455617859375 0.8920450828125001 0.64584238125 0.8824016609375 0.6366538046875 0.8833916953125 0.62759521875 0.89303228125 0.6131338328125 0.8969868171875 0.59898695 0.9056015234375 0.604084815625 0.9140329656249999 0.6048881359375 0.92577318125 0.622751328125 0.9283388015625 0.62974243125 0.9241703328125 0.63064918125 0.9323576703124999
1 0.12326329375 0.5656285734375001 0.11583991874999999 0.57429419375 0.1286358953125 0.5804982609375 0.13252066875 0.5643481640625 0.13682300625 0.55732035625 0.1328510140625 0.5529949203125 0.126347328125 0.553525934375 0.1220608671875 0.5482723875 0.1245661578125 0.5443242109375 0.1169102375 0.5375097234374999 0.1215931125 0.5291393859375 0.12358836718749999 0.5192478171875 0.11831528437500001 0.5166571609374999 0.1128351984375 0.5249900984375 0.11577124218749998 0.5297100953125 0.11123105625 0.544912221875 0.1212337 0.5532281 0.1179673125 0.55986133125 0.12326329375 0.5656285734375001
1 0.1687744671875 0.4215828640625 0.1892527671875 0.4336931609375 0.20973109843749999 0.3871215046875 0.205352165625 0.38504685625 0.2297787015625 0.331881671875 0.22984210625 0.34143824375 0.2404737109375 0.3516103359375 0.252357965625 0.330467371875 0.2527279515625 0.3177517515625 0.24497955781249997 0.3141161671875 0.23957784218749997 0.31198195625 0.23710164374999998 0.3031946578125 0.22817988281249998 0.3281493640625 0.20025172812499997 0.3842948921875 0.2045381875 0.38954843906250003 0.19248215468750002 0.41659509687499996 0.1776935890625 0.40845537031249995 0.1687744671875 0.4215828640625