2 0.796527 0.149985 0.03155000892845372 0.01900760523343701
2 0.83527 0.260163 0.03542898538950343 0.017672618387616624
2 0.855491 0.311392 0.02687614569792891 0.019515839448421436
2 0.902542 0.438477 0.02687614569792891 0.019515839448421345
2 0.948199 0.466162 0.0268897824674041 0.020297089448421346
2 0.889187 0.531545 0.02077615016215577 0.027745568401734033
2 0.945889 0.688128 0.03553807954530477 0.023922618387616622
2 0.972787 0.760079 0.025409103084255102 0.024893584186749605
2 0.758796 0.788281 0.022270466314779913 0.02393032366340577
2 0.749953 0.757267 0.033276150162155814 0.028473610495108836
2 0.701132 0.597232 0.025300008928453722 0.018643584186749607
2 0.733459 0.537333 0.028493192775829533 0.022731844710093263
2 0.699004 0.405507 0.02847955600635439 0.021950594710093262
2 0.688557 0.376745 0.026917056006354478 0.021859589448421347
5 0.634464 0.11552 0.03551080600635448 0.022360118387616625
5 0.588306 0.161318 0.029397173701106106 0.02980859734092922
5 0.549987 0.206009 0.0269170560063543 0.021859589448421434
5 0.474337 0.283718 0.02217500892845372 0.01846157366340586
5 0.443282 0.315537 0.028520466314779825 0.024294344710093264
5 0.417682 0.348456 0.02847955600635448 0.021950594710093262
2 0.616702 0.595443 0.024532395697928956 0.01937933155591374
2 0.588513 0.642288 0.02449148538950343 0.017035581555913736
2 0.621928 0.788912 0.026917056006354346 0.0218595894484217
2 0.625397 0.81414 0.02294262215897862 0.01772582629424164
2 0.519905 0.854136 0.02527273538950343 0.01708108418674925
2 0.491342 0.69841 0.020598872158978664 0.017589318401734035
2 0.517555 0.630334 0.01833694277582971 0.022140310509226248
2 0.498003 0.540825 0.024436938311602673 0.013910581555913737
2 0.492421 0.502179 0.01592500892845372 0.01809755261671846
2 0.473499 0.421309 0.024532395697928956 0.01937933155591374
4 0.414615109375 0.401302284375 0.4439780765625 0.420456415625 0.4560926921875 0.4215651078125 0.45688971718750004 0.397932925 0.4612958171875 0.37318339218749996 0.483219178125 0.3818850921875 0.5041556984375 0.403344296875 0.526300515625 0.4247331265625 0.55548948125 0.43391879843750003 0.593152353125 0.4435180671875 0.6136459609375 0.4396030171875 0.621898409375 0.42732948593750003 0.595015309375 0.41165949843750005 0.564254228125 0.3817010625 0.5361628328125 0.36610145156249996 0.49678548125 0.327573409375 0.446438540625 0.28424140468750003 0.3913216828125 0.24481579375 0.3735987828125 0.19958365625000002 0.330596540625 0.161266740625 0.3085624515625 0.146221475 0.2959574734375 0.11701985625 0.20678070312500002 0.1358209828125 0.24854301250000002 0.172395825 0.3210031328125 0.2353042140625 0.40343018124999996 0.314867840625 0.42490451875 0.367138640625 0.414615109375 0.401302284375
3 0.3499936375 0.5102948421875 0.361222434375 0.460655025 0.3700979078125 0.414780853125 0.3840596625 0.383124753125 0.39078745000000004 0.3527971296875 0.371264865625 0.3430484546875 0.35757201875 0.3901103515625 0.32447701875 0.5036167140625001 0.30310117812500004 0.5955761859375001 0.32004898437499996 0.596403378125 0.3351241296875 0.5592395609375 0.3499936375 0.5102948421875
3 0.3689187171875 0.624399959375 0.377044621875 0.6048766421875 0.37790491875 0.5848693500000001 0.3836300453125 0.56639300625 0.36898810625 0.5590815 0.3532327796875 0.557277709375 0.3451385125 0.5786134734374999 0.334390378125 0.5864966390624999 0.341956528125 0.6041988546875 0.34828274531250003 0.620159 0.3568990125 0.6287286062499999 0.3689187171875 0.624399959375
3 0.251445975 0.962349784375 0.2614190171875 0.9100616718750001 0.2877545953125 0.8250704875 0.31164194218749997 0.73840760625 0.3253822421875 0.694064378125 0.34466755312499997 0.690219703125 0.38496847500000003 0.7123653484375 0.379480621875 0.7444350453124999 0.3675971640625 0.8258630546875001 0.3367131234375 0.9274477640625 0.32295700312500003 0.9708847671875 0.3496977375 0.97839874375 0.3599080546875 0.9397039828124999 0.3891250703125 0.8119091718749999 0.4070025640625 0.7274106140625001 0.41481210312499994 0.6897628265625 0.39050378124999996 0.6830143234375 0.355194234375 0.6696494109375 0.3306960953125 0.652026225 0.30644493125 0.7178459703125 0.2779774859375 0.819289925 0.24254497968750002 0.9374681578124999 0.23109472812499998 0.9744208453125 0.251445975 0.962349784375
1 0.276059896875 0.5708439640625 0.36793081562499996 0.290628246875 0.24675914687499997 0.20878551406249998 0.14175513281250002 0.4988375921875 0.276059896875 0.5708439640625
1 0.1768478703125 0.9848375234375 0.30371808749999996 0.6309188984375 0.1590131875 0.58673260625 0.021964290625 0.9811584375000001 0.1768478703125 0.9848375234375
1 0.48254722968749997 0.9670325625 0.522028134375 0.7343183062499999 0.4634129265625 0.7023536125 0.39675808125 0.9720292109375 0.48254722968749997 0.9670325625
1 0.4930983734375 0.6706888546875 0.5388264015625001 0.4494036265625 0.4908960578125 0.40593087343749995 0.42365594062499995 0.6420762078125 0.4930983734375 0.6706888546875