5 0.2890841982049981 0.29609375 0.01963655007914227 0.03046875
5 0.35948762641824344 0.29921875 0.026645068025830908 0.0296875
5 0.4148199840983754 0.29453125 0.020599656505633133 0.03671875
5 0.47720632383181866 0.290625 0.028025711599340218 0.0234375
5 0.5356409494586393 0.28515625 0.01313649749271768 0.021875
5 0.5767516827655919 0.275 0.01961381802583091 0.0296875
5 0.6056148171679011 0.19296875 0.013826819279472246 0.01875
5 0.6065157391129403 0.25078125 0.01727006802583091 0.0296875
5 0.564074523356965 0.1078125 0.016375157759274117 0.02578125
5 0.4935574348771629 0.10078125 0.022207620612255674 0.03828125
5 0.41954327335696495 0.1078125 0.022048496239076343 0.0328125
5 0.37197795157021035 0.1109375 0.02958821159934022 0.0234375
5 0.30738425415663506 0.11953125 0.013522942399010241 0.03515625
5 0.23070809389007838 0.115625 0.018446123119538173 0.01640625
5 0.18085885807584337 0.14765625 0.021199050079142266 0.03046875
5 0.14137882092882484 0.16015625 0.011528533386094875 0.0203125
6 0.4835846367765777 0.83203125 0.013295621865896834 0.02734375
6 0.35872102909644576 0.83671875 0.012377979546028862 0.02265625
6 0.6507972173388209 0.75234375 0.017133675705962758 0.025
6 0.6390126196878189 0.66953125 0.034207515439406325 0.02109375
6 0.48657794147457345 0.66640625 0.026940584718878214 0.03984375
6 0.3391717440609982 0.675 0.016261497492717502 0.021875
6 0.1861376722742436 0.678125 0.031196175705962937 0.025
6 0.15271375534376933 0.5765625 0.039281460345698974 0.034375
6 0.33067963097058994 0.57109375 0.03112797954602886 0.02265625
6 0.49791259507721264 0.57265625 0.030392193652651577 0.02421875
6 0.664000596330854 0.56171875 0.05858538981258547 0.0265625
6 0.726542397267926 0.42890625 0.02078987311953817 0.01640625
6 0.09007369985435072 0.4375 0.01733826418576496 0.03203125
6 0.7764872583132701 0.2390625 0.020122283386094963 0.0203125