2 0.533295 0.184952 0.026244900162155815 0.027312657759274207
2 0.649272 0.380898 0.018391489853730292 0.024741587226160888
2 0.296624 0.418516 0.016088650162155816 0.027017141066226814
2 0.448639 0.574331 0.014471603084255236 0.023846676959604095
2 0.470087 0.594029 0.016047739853730293 0.02467339106622681
2 0.574435 0.705895 0.016143197240056396 0.030142141066226813
2 0.76906 0.571261 0.018282395697928954 0.01849158722616089
2 0.691056 0.446122 0.01998126339268058 0.026349551332783605
2 0.801873 0.570306 0.022297739853730292 0.02485524749271768
2 0.850289 0.657223 0.017487508928453743 0.01768760517284953
2 0.86724 0.687996 0.02225682954530477 0.022511497492717504
2 0.9059 0.753311 0.017569329545304768 0.02237510517284953
2 0.751726 0.832053 0.01514375892845372 0.017619409012915456
2 0.694372 0.770409 0.019118192775829535 0.021639319279472248
2 0.680036 0.755193 0.015252853084255058 0.023869409012915455
1 0.25829597656250003 0.5542346234375 0.1566793328125 0.73557529375 0.2879207578125 0.7993776218749999 0.42195330625 0.6659238375000001 0.25829597656250003 0.5542346234375
1 0.56040126875 0.130099934375 0.297380684375 0.5562412 0.466736165625 0.677658815625 0.7523815328125 0.37475102968749996 0.56040126875 0.130099934375
1 0.9069600718749999 0.5583302546875 0.6156175421875 0.776747509375 0.7193828890625 0.8458356578125 0.96813923125 0.676600259375 0.9069600718749999 0.5583302546875
1 0.5724868390625 0.7450660734375 0.43136181249999994 0.8739668515625001 0.5187753734375 0.9086754406249999 0.6573690796875 0.8127354515625 0.5724868390625 0.7450660734375
2 0.439957 0.793444 0.02055796185055314 0.014653533386094963
2 0.157877 0.574974 0.021625584009531452 0.031082515439406145
2 0.304413 0.685613 0.01929547077900686 0.03179556927947225
2 0.332166 0.708255 0.013072744317957153 0.03317621285298138
2 0.180913 0.775187 0.02073523985373029 0.024809783386094787
2 0.320022 0.863374 0.026176716314779823 0.023406407759274116
2 0.524511 0.935589 0.012854556006354479 0.02067621285298138
2 0.621458 0.892122 0.01667898538950343 0.01610237311953817
2 0.564953 0.834361 0.019994900162155816 0.02713080133278334
2 0.487109 0.763151 0.02073523985373029 0.024809783386094963
4 0.1675149671875 0.7497998171875 0.14241755625000002 0.8055758390625 0.1662713171875 0.821048478125 0.205840859375 0.8326317640625 0.25811003125 0.8637097734375001 0.3081213734375 0.8747275562500001 0.36246687187500004 0.8989113625 0.39611076562499997 0.9137995390625001 0.42131335468750003 0.9267034437499999 0.4544117515625 0.935490453125 0.495102625 0.9575382953125 0.501695103125 0.95338348125 0.5031197640625 0.9464703125 0.49964960312500006 0.9211588484375 0.48494948125 0.9042138968750001 0.443531109375 0.886491525 0.42273850937499996 0.8824092125 0.408508053125 0.8759098546875 0.39288326875 0.8745858953125 0.3871547859375 0.8665952656250001 0.3905041078125 0.8614767562500001 0.395808425 0.85641513125 0.4011430734375 0.8496157343749999 0.3947325921875 0.843343915625 0.3851092875 0.8343706328125 0.3780016421875 0.8306865125 0.373439990625 0.8305537812500001 0.366832346875 0.835577484375 0.35836070625 0.8353309843750001 0.34138709375 0.8365757578125 0.3219129875 0.8316624812500001 0.3004687234375 0.8275612078125001 0.2927245796875 0.8229892375000001 0.27725146093749997 0.8129764140625 0.23271126562500002 0.787339259375 0.20623568125 0.7726596609375 0.1675149671875 0.7497998171875
3 0.08855639843749999 0.82834980625 0.07599228125 0.8757972374999999 0.099330875 0.883430940625 0.117608803125 0.8074619609375 0.10844000000000001 0.8098031578124999 0.08855639843749999 0.82834980625
5 0.93652 0.895461 0.012813645697928911 0.018332462852981735
5 0.872072 0.920004 0.012114216314779913 0.02299723079967002
5 0.8146 0.941218 0.017487508928453722 0.017687605172849175
5 0.760254 0.96234 0.014280688311602674 0.012909176959604451
5 0.711308 0.979397 0.010469895697928954 0.01826426669304766
5 0.666281 0.997122 0.014457966314779913 0.023065426959604098
5 0.620433 1.0 0.014376145697928777 0.01837792695960445
5 0.5793 1.0 0.01835057954530477 0.007906153240181268
3 0.5821864703124999 0.7123138625000001 0.537115940625 0.6797066578125001 0.5451785796874999 0.6660320171875 0.5368282718749999 0.658834428125 0.5189148328125001 0.6765690765625 0.5323267921875 0.69260721875 0.570895840625 0.7241559234375 0.5821864703124999 0.7123138625000001