0 0.6142970328125 0.538275753125 0.7378475546875001 0.39936465625 0.5119933249999999 0.30032541875 0.4290526484375 0.4248945328125 0.6142970328125 0.538275753125
0 0.3923472984375 0.40322872343749994 0.46950992031250005 0.27841727031249996 0.323628340625 0.2161301859375 0.26762472656249997 0.32638165468749997 0.3923472984375 0.40322872343749994
0 0.231290034375 0.35352968125 0.1892566359375 0.4457466296875 0.2820691796875 0.520360103125 0.342425475 0.43082740625 0.231290034375 0.35352968125
0 0.3094178453125 0.5476272015625 0.476930359375 0.6877975328125 0.5671920796875 0.59056253125 0.376657703125 0.463216596875 0.3094178453125 0.5476272015625
0 0.25313306875 0.677734628125 0.372121484375 0.80329594375 0.45039001250000005 0.7295416109375 0.306076165625 0.6009859843750001 0.25313306875 0.677734628125
1 0.7457742734374999 0.34793031874999997 0.7308584609375 0.3581257515625 0.7583744140625 0.3695184453125 0.774140921875 0.3555153609375 0.6915836515625 0.3221602828125 0.6837795171875001 0.3237027703125 0.6501755593749999 0.31120847500000004 0.6472830765625 0.31764315781249997 0.6795745171875 0.3283611328125 0.6889997875 0.3256839109375 0.7457742734374999 0.34793031874999997
1 0.4093933265625 0.445175878125 0.5220280390625 0.272148446875 0.5039517640625 0.2672473796875 0.39357478125 0.4355836671875 0.4093933265625 0.445175878125
1 0.4469451359375 0.692908046875 0.5700892390625001 0.5560594875 0.54879734375 0.545080453125 0.43315667500000005 0.6826602140625 0.4469451359375 0.692908046875
1 0.2544753546875 0.704747703125 0.2598806796875 0.6954623718749999 0.24352025937500002 0.6801266390625 0.31466077812500004 0.5847927390625001 0.30292014218749996 0.5769382578125 0.2343693203125 0.6804090734375 0.24563238593749998 0.693572628125 0.2365058359375 0.6980474359375 0.2544753546875 0.704747703125
1 0.1433137953125 0.5864430875 0.149852865625 0.5742125031249999 0.136597409375 0.5681836984374999 0.188418821875 0.47336135468749996 0.179743234375 0.46795357656250003 0.127952865625 0.568111665625 0.1386740578125 0.575531684375 0.131593115625 0.582018746875 0.1433137953125 0.5864430875
1 0.0764593421875 0.6063672343750001 0.102386253125 0.6054399640625 0.1546059359375 0.6664709796875 0.17697685624999998 0.666119359375 0.19317991406249999 0.65439524375 0.2161902671875 0.6765566359374999 0.23531690468750002 0.679420625 0.22324682031249998 0.6658772015625 0.202273203125 0.6442035703125 0.189584009375 0.6481106578125 0.1774389046875 0.65814239375 0.16220214375 0.66115395625 0.10996693906249999 0.5974550609375 0.072361475 0.6011993671875 0.0764593421875 0.6063672343750001
1 0.2322845046875 0.8209324703125 0.24354535312499997 0.8337149015625 0.24909595312500002 0.8263856234375 0.2419241015625 0.8172465656250001 0.25564389374999996 0.8156795390625 0.2683552609375 0.8155836984375 0.2993507 0.8118739796875 0.3150695015625 0.8043155843750001 0.3196117125 0.7984574875 0.33288490625 0.80753529375 0.339484321875 0.8039787671875 0.329206996875 0.7871490875 0.3144877171875 0.7917118125 0.29116605624999997 0.803443865625 0.2617008890625 0.8079957921875 0.2530319546875 0.803731384375 0.23525649375 0.807371921875 0.227147240625 0.8119000421875 0.2322845046875 0.8209324703125
1 0.12462044531250001 0.7029620203125 0.11902549843750002 0.7026688015625 0.110369934375 0.7006911390624999 0.10633186875 0.7058136296875 0.1088994609375 0.7101392859375 0.1160225328125 0.710893609375 0.1242561609375 0.71553643125 0.1317590375 0.7063841953125001 0.143959540625 0.705880575 0.1469736609375 0.6995613875 0.13929759531250002 0.6911579328124999 0.1336826921875 0.6874345890625 0.1271126484375 0.694329421875 0.1327275171875 0.6980527640624999 0.12462044531250001 0.7029620203125
1 0.098349046875 0.6711045 0.0953593859375 0.6816160625000001 0.10150285781249999 0.688796175 0.0862816171875 0.6944756140624999 0.1005387796875 0.697889865625 0.1091323265625 0.6891960187499999 0.1034553375 0.6748011890625001 0.10802190468749999 0.673135475 0.11772365468749998 0.680121059375 0.12430256718749999 0.674750721875 0.1196539609375 0.6623148234375 0.1044126953125 0.6645641343750001 0.098349046875 0.6711045
