0 0.6335059703125 0.778409578125 0.7646572828125 0.6611846328125 0.6772892265625 0.5711781874999999 0.545768153125 0.7176049203125 0.6335059703125 0.778409578125
0 0.507315571875 0.8918359875 0.6080604171874999 0.798120559375 0.5199679828125 0.735961234375 0.4253693390625 0.8449916703125 0.507315571875 0.8918359875
0 0.372906121875 0.8399087249999999 0.45900898437500004 0.7409452359375 0.36474571093749997 0.66614605625 0.2759214890625 0.792069709375 0.372906121875 0.8399087249999999
0 0.4856104140625 0.71104831875 0.6021367875 0.5675079281250001 0.4884545828125 0.47452893749999997 0.3737051109375 0.6403169328125 0.4856104140625 0.71104831875
0 0.342500121875 0.578233746875 0.45220387500000003 0.39153933125 0.30039442968749996 0.2447644671875 0.19772301718750002 0.4795680421875 0.342500121875 0.578233746875
0 0.24095513125 0.7456146484375 0.3177094625 0.614535546875 0.179870640625 0.5198083703124999 0.110685303125 0.6769616140625 0.24095513125 0.7456146484375
1 0.7672985546875 0.6850415859375001 0.7491385937499999 0.6994656453125 0.7552169859375 0.7156058640625 0.7691710203125 0.7420970484375 0.7748189156249999 0.7564553375 0.7720308984375001 0.78099215 0.7819804859375 0.8137571640625 0.7930507343750001 0.8054632328125001 0.7965221484375 0.8150217515625 0.8108277125000001 0.8039503671875 0.804179021875 0.7871879093749999 0.7864837171875 0.797522453125 0.787498484375 0.77466496875 0.7811261734375 0.7332570734375 0.76629748125 0.7055505484375 0.774716315625 0.6983077062499999 0.7672985546875 0.6850415859375001
1 0.5575382578125 0.9712718140625001 0.5473290609375 0.983129646875 0.556069084375 0.9964573531250001 0.56458698125 0.9721874234375001 0.5608285375000001 0.9361869781250001 0.6276804625 0.8882054234375 0.6225655406249999 0.8580148078125 0.6125373578125 0.8387541078125 0.6351254578125001 0.8210125125 0.642574328125 0.8077494328125001 0.6370387921875 0.7952603625 0.6290641171875 0.8019365515624999 0.6038041656249999 0.8242520984375 0.6054544749999999 0.8437099140625 0.616729771875 0.875949353125 0.553827578125 0.9270513890625001 0.5575382578125 0.9712718140625001
1 0.51138790625 0.7195192125000001 0.5215322609374999 0.7188170546875 0.640551196875 0.797773153125 0.6538320546875 0.7884076046875 0.65291979375 0.7936508124999999 0.6612942515625 0.794040859375 0.6723356234375 0.7755216515625001 0.663590259375 0.7782906453125 0.65657228125 0.7720907796875001 0.64195546875 0.783743325 0.5282153875 0.7067950125 0.5229911859375 0.6953929765625 0.5087946234375 0.7105888734375 0.51138790625 0.7195192125000001
1 0.46678412968750005 0.42928703749999997 0.4741426953125 0.45272302968749994 0.632956565625 0.5875643203124999 0.643182871875 0.5727707859375 0.648899084375 0.575386221875 0.6570895296875 0.5627851921875 0.6476940296875 0.555173371875 0.6379084984375 0.5699874359375 0.4975519234375 0.445402621875 0.48000350156250005 0.430490059375 0.48890407031249994 0.4162220578125 0.4818963390625 0.40826075 0.46678412968750005 0.42928703749999997
1 0.4099021734375 0.8293905468749999 0.403552 0.827032709375 0.394730603125 0.8355574812500001 0.3946666375 0.8465522078125 0.40066221718749995 0.8507264749999999 0.402589646875 0.844630046875 0.40463438281249997 0.8479329359375001 0.43497387187500003 0.863551396875 0.516084971875 0.9053629515624999 0.5188401609375 0.904803921875 0.5267978171875 0.896926275 0.528170771875 0.8974484578125 0.5281521140625001 0.9006552515624999 0.5324321875 0.9040622624999999 0.5381398500000001 0.8986001312499999 0.5379945578124999 0.8940109828124999 0.5422972046875 0.8867966718750001 0.5361801171875 0.8829287671875001 0.5330397078125 0.8905725421874999 0.523074615625 0.888733703125 0.5164938734375 0.8964463609375001 0.4269985453125 0.8471416187499999 0.4105340015625 0.8390429703125 0.4099021734375 0.8293905468749999
1 0.33969245312499996 0.628907690625 0.33045797499999996 0.6455192796875 0.33683618125 0.6486566390624999 0.33644672343750004 0.663245671875 0.4815268546875 0.75196536875 0.490430871875 0.7398016765625 0.4946657109375 0.744867975 0.50123309375 0.73595011875 0.4935656640625 0.7245289953125 0.48190923437500005 0.7385932687500001 0.364476003125 0.662116634375 0.3447157359375 0.65551570625 0.3447629359375 0.64740281875 0.34725570625 0.6377808093749999 0.33969245312499996 0.628907690625
1 0.1626108671875 0.49039825937500003 0.1661512609375 0.483824403125 0.356499171875 0.606730453125 0.352563684375 0.614322653125 0.362651190625 0.6194577640625 0.373731653125 0.5942608125 0.369068578125 0.5865812625 0.361616765625 0.5966015078125 0.1712930265625 0.46954965312499997 0.17450169375 0.45311137500000004 0.1628520625 0.4489402171875 0.1540975453125 0.4822262640625 0.1626108671875 0.49039825937500003
1 0.078311690625 0.683769990625 0.08637558906250001 0.6873473921875 0.08726122343750001 0.6853511171875 0.2541243609375 0.7717130125 0.259771803125 0.7775064671874999 0.2692886 0.7567012734375 0.26255875781250004 0.75085740625 0.257475228125 0.7608082546875 0.10934804218750001 0.6823047765625 0.0921364578125 0.673644134375 0.093081346875 0.6614630109374999 0.08500052031250001 0.66079555625 0.078311690625 0.683769990625
1 0.652372121875 0.9016956593750001 0.6531883453125 0.9116302093750001 0.6602141968749999 0.9058448765625 0.663253815625 0.9091882703125 0.6656059390625 0.9180300609375 0.6682002171875 0.9228080796875 0.662464740625 0.93214640625 0.6679072734375 0.9356017140624999 0.670488009375 0.9427077125000001 0.6704558421875 0.9482366234375 0.6770312421875 0.9447589109375001 0.675998259375 0.934523190625 0.6775832546875 0.924991553125 0.6806804515625 0.9184410937499999 0.67852814375 0.9128104296874999 0.6741727546875 0.910278975 0.6716360515625001 0.8956071031249999 0.665976759375 0.891850625 0.652372121875 0.9016956593750001
1 0.6359179421875 0.9292796031250001 0.6449325859374999 0.9275364250000001 0.639683940625 0.9162801593750001 0.6380651937499999 0.9154182093750001 0.6323120624999999 0.9147569750000001 0.627269365625 0.918848178125 0.623099525 0.9251430546874999 0.6274970468750001 0.9304605046875001 0.62891101875 0.9411448968749999 0.63006530625 0.9457213687499999 0.6380309140625 0.9466822953125 0.6465913921875 0.9468843609375 0.651917809375 0.94477276875 0.65603730625 0.9471276718749999 0.65688730625 0.9532630890625 0.6621988546875001 0.9537071156250001 0.6615010078125 0.9467922312500001 0.6655072578125 0.9432426734374999 0.6611246171875 0.9353696093750001 0.6510872515624999 0.9352953890625001 0.64280820625 0.9374660984375 0.6383855453125 0.9364735546875 0.635291046875 0.9355428640625 0.6359179421875 0.9292796031250001
1 0.18662851875 0.332210940625 0.20574191718749998 0.3463601375 0.21311258125000002 0.3320238546875 0.2259640546875 0.2921351953125 0.22278904531250002 0.287962275 0.24719170156249998 0.217831865625 0.24444233906249999 0.23214661875 0.257533565625 0.2427005828125 0.26757785156249997 0.21481885156249997 0.25533553593749997 0.2037061140625 0.2535847203125 0.187224384375 0.2179272703125 0.2851947078125 0.22127860312499997 0.2910908578125 0.21030258906250002 0.3262105609375 0.197201734375 0.31731351406249997 0.1924027265625 0.317326771875 0.18662851875 0.332210940625
