1 0.4166515265625 0.9761479234375001 0.43584292031249994 0.9976271875 0.4436176609375 0.982539 0.43014955156249995 0.9730004296875 0.4401958921875 0.9630265359375001 0.6171631093750001 0.845170240625 0.6252908109375 0.8596902078124999 0.6378302578125 0.8506055984374999 0.6150099546875001 0.8256798906249999 0.551310146875 0.866010815625 0.42467765 0.9441486953125 0.42632926718749997 0.9610929562500001 0.4166515265625 0.9761479234375001
1 0.0812655984375 0.92867499375 0.0950336859375 0.9223251046875 0.0896347140625 0.9163104546874999 0.3142208046875 0.79843958125 0.3181739875 0.8078120390624999 0.3278660515625 0.804598140625 0.3154607734375 0.7747795875000001 0.3055472859375 0.7822184921875001 0.3064616609375 0.789000659375 0.0926890703125 0.894373725 0.078099528125 0.8941190640625001 0.0740721234375 0.8982776078124999 0.0812655984375 0.92867499375
1 0.4828760671875 0.6992339078125 0.49260953281250003 0.7140317734375 0.5008558484375001 0.7141757125 0.5008857234375 0.701489675 0.6327401421875 0.6327464015625 0.6465768515625 0.64736601875 0.6564017671875 0.6416171328125 0.662302234375 0.650177840625 0.665960978125 0.6409382203125 0.6565645828125 0.62639608125 0.6489525734375 0.6262632124999999 0.645058084375 0.6278867703125 0.6371217609375 0.6218278609375 0.6310884406249999 0.6158021390624999 0.49905696875 0.687925396875 0.49240375 0.6937296749999999 0.488406284375 0.6852021828125 0.4845117109375 0.686825740625 0.4828760671875 0.6992339078125
1 0.006288409375 0.7207041703125 0.018913059375 0.7150668546875 0.01749720625 0.70573865625 0.2094656 0.6287411921875 0.210925715625 0.6372243937500001 0.22157648437500002 0.639947609375 0.212622890625 0.6169555109375 0.20124924531250002 0.615911215625 0.01231965625 0.6954990296875 0.0018017625 0.6902407984375001 0.006288409375 0.7207041703125
1 0.4335493890625 1 0.44607350468750007 0.9841377093749999 0.4351870328125 0.9737984328125 0.6159458046874999 0.844167484375 0.6268023578124999 0.8671928281250001 0.6377930796875 0.8513150093749999 0.610443896875 0.828001815625 0.43030510624999996 0.9458027781249999 0.4213502828125 0.9591787984375 0.42099600625000005 0.9659387796875001 0.418650203125 0.97435555 0.42491926874999997 0.98799731875 0.4311601515625 1 0.4335493890625 1
0 0.043767859375 0.707856615625 0.10431093124999999 0.8614656390625001 0.271269753125 0.7790563671874999 0.19012372187499998 0.637943521875 0.043767859375 0.707856615625
0 0.29187040625 0.81732714375 0.1290102859375 0.9128218218749999 0.16688433281249998 0.9975036734374999 0.3897354421875 0.9988840453125001 0.29187040625 0.81732714375
0 0.37410090625 0.81792595 0.44248213593749997 0.9265798984375 0.5783342140625 0.8390575015625 0.454818809375 0.6796384796875 0.33400909375 0.7561612921875 0.37410090625 0.81792595
0 0.5241725140625 0.6982814453125 0.6593607890625 0.83866456875 0.758576865625 0.766783909375 0.6245699546875 0.6398055109375 0.5241725140625 0.6982814453125
0 0.49135834687499996 0.6659509015625 0.5964917078124999 0.6124130015625 0.49787960625 0.5170031140625 0.3977746359375 0.5579175640625 0.49135834687499996 0.6659509015625
0 0.304614271875 0.724378959375 0.428526609375 0.66609508125 0.339398584375 0.5574666625 0.23030549687500002 0.6141178093749999 0.304614271875 0.724378959375
1 0.7651183500000001 0.7414880046875 0.7786813875 0.723230921875 0.7678335453125 0.71708983125 0.7879607125 0.6847066140625 0.7980969484375 0.6298300218749999 0.81113780625 0.6367533562500001 0.8172239093749999 0.6271880015625 0.8022628640624999 0.614279434375 0.7933741624999999 0.6133803171875 0.7866131671875001 0.625165759375 0.7819409265624999 0.650379071875 0.7801627234375 0.6629954796875001 0.7705076156249999 0.687377853125 0.763305528125 0.696923703125 0.7517301578125 0.7153208171875 0.7510289859375 0.7286999890625 0.7651183500000001 0.7414880046875
1 0.6117079546874999 0.6057455078125 0.6258257687500001 0.61343160625 0.6347923046874999 0.612844153125 0.6348312578125 0.61210086875 0.6324309484375 0.6046193015625 0.6294726078124999 0.59712799375 0.624204465625 0.591084296875 0.6171455953125 0.5872412625 0.6096845109375 0.580415321875 0.609399234375 0.575202590625 0.6142525640625001 0.5678476375 0.61985861875 0.5567859734375 0.623181228125 0.5360128890625 0.6218969000000001 0.5285508265625001 0.6105689375 0.5209134 0.6048597 0.5126301609375 0.5955952140624999 0.49758910937499995 0.5666068625 0.4859235734375 0.5583414234374999 0.4731318796875 0.5569401625 0.46789964375000004 0.5579656390625 0.45898996875 0.5614177078125 0.4464028046875 0.5604838937500001 0.43225110468750005 0.5521795796875 0.4202026703125 0.5437320437500001 0.42154319687499997 0.5421486125 0.43044313125 0.5456649062500001 0.437944203125 0.5482210328125 0.4424526078125 0.5477146312500001 0.45211533125000003 0.5472861359375 0.46029148593749997 0.543885621875 0.482551115625 0.56151973125 0.497738259375 0.586446509375 0.5123087578125001 0.6013296484375 0.5267038937499999 0.6152138140625001 0.5388497250000001 0.608219096875 0.555094875 0.5981491765625 0.566078596875 0.59592988125 0.5764554109375 0.5975385125 0.588386946875 0.6117079546874999 0.6057455078125
1 0.6199830078125 0.4952571203125 0.6389212 0.5050433390625 0.6391786734375 0.5049047078125 0.647477328125 0.504203 0.655288296875 0.512805246875 0.6592009953125 0.5230326328125 0.6684148750000001 0.529119625 0.6765218843749999 0.5199486062500001 0.6776000796874999 0.5115015203125 0.6845258140625 0.5006166999999999 0.6813810234375001 0.48786291875 0.6839064609375 0.476054675 0.679181534375 0.46919947500000003 0.6679298218749999 0.4656166578125 0.6590405703125 0.4654614953125 0.6553339421875 0.4755559390625 0.6506089296875001 0.46870073906250004 0.6442595375 0.468589909375 0.6334211078124999 0.4692472859375 0.6279869375 0.47592521562499995 0.6232763484375 0.48092253593749995 0.6199830078125 0.4952571203125
1 0.123881 0.96915 0.018129202283992153 0.01826875892845372
1 0.374247 0.772555 0.0016443871551297562 0.0015897735389502898
1 0.362889403125 0.5589020578125 0.374448584375 0.5758321875 0.3816906265625 0.5615425921874999 0.5052760265625 0.5161269765625 0.5082931390625001 0.5205044296875 0.51621350625 0.5242466921875 0.5178352484375 0.524275 0.525328184375 0.5258473859375 0.5260075234375 0.512884834375 0.5220978859375001 0.5048877890625 0.513800178125 0.508346965625 0.5022843781249999 0.500937953125 0.3818293484375 0.5485706031250001 0.362889403125 0.5589020578125
1 0.280428903125 0.74885598125 0.2923465625 0.7692464203125 0.3013735515625 0.7621959828125 0.3019019265625 0.7521140109375 0.2959431171875 0.7419187796875 0.4108666921875 0.6862607781250001 0.45783672343750004 0.6676190515625 0.4625256703125 0.6813960812500001 0.470785634375 0.67865706875 0.4745198234375 0.6693518515625 0.4655183671875 0.6655907171875 0.4560772734375 0.6495683453125001 0.286426503125 0.7273366859375 0.287909596875 0.740336959375 0.280428903125 0.74885598125
1 0.6412228109375 0.5204540140625 0.6319606609374999 0.5658662156250001 0.64559805 0.5856521265625 0.6611239265625 0.6017118046875 0.6868784109375 0.6164463453125 0.6934087718749999 0.62107136875 0.694629128125 0.5977855796875 0.6547254921875 0.5730301546875001 0.6514486374999999 0.5278624796875 0.6412228109375 0.5204540140625
1 0.7633170359375 0.7369141765625 0.7766898265625 0.7227612375 0.765845184375 0.7143016859375 0.79153593125 0.6764061953125 0.7951564624999999 0.6396291953125 0.7965470953125 0.6238647703125 0.8167021078125 0.637749734375 0.8213972453125 0.62354671875 0.8113526640625001 0.610590046875 0.7977408171875 0.6118561296875 0.78245004375 0.62361870625 0.7809807546875 0.6408854374999999 0.7811509546875001 0.6484068 0.7801274296875 0.667936803125 0.77430449375 0.6821201828125 0.7674719359375 0.6940303734375 0.7584625921875 0.7043988875 0.753361059375 0.7155874546875001 0.762369309375 0.7375481046875 0.7633170359375 0.7369141765625