2 0.473605 0.21492 0.06995078101724665 0.02778167069139794
2 0.712651 0.238259 0.05287244292790545 0.029625315518548412
2 0.845973 0.253061 0.02743579528527027 0.019522889812585563
2 0.911581 0.271354 0.033758569892376133 0.021267246239076342
2 0.826989 0.01299 0.026690932588823203 0.02028140775927425
2 0.722826 0.0 0.03003425641014079 0.025059835972519602
2 0.877719 0.063618 0.021258569892376133 0.020903533386094863
2 0.905155 0.083141 0.02925300641014079 0.02503710391920828
2 0.968346 0.099803 0.020404545285270293 0.019318301332783516
2 0.97995 0.281926 0.024310795285270293 0.01943196159934022
2 0.563708 0.859639 0.04037244292790554 0.02926160266556721
2 0.708907 0.794427 0.03021619292790545 0.02896608597251955
2 0.760232 0.774075 0.03043451674922295 0.03365358597251955
2 0.85843 0.721538 0.023075781017246656 0.026417747492717504
2 0.90679 0.654289 0.02738229135632886 0.03512515775927412
2 0.934661 0.649638 0.02038742865988179 0.03570181927947225
2 0.995215 0.626434 0.02374786910658786 0.024096729546028862
2 0.70511 0.511887 0.032232457195929064 0.022003032132453627
2 0.735397 0.508867 0.020132717535011224 0.030233069279472245
2 0.519393 0.544713 0.030924668320799497 0.02742631802583091
2 0.909412 0.459317 0.037283830231458336 0.029951924452321775
2 0.986846 0.446747 0.019477746071058576 0.016170569279472247
3 0.17350819374999998 0.512417671875 0.447206296875 0.5545766359375001 0.4410393703125 0.5323936109375 0.199019028125 0.49471075468750003 0.17534236875 0.47303721093749995 0.0426901875 0.472270278125 0.048402557812500004 0.48212861875 0.1686589640625 0.48402735 0.17350819374999998 0.512417671875
4 0 0.6114284718749999 0.012468040625 0.5911309296875 0.0174770765625 0.5277533859375 0.027636028125 0.46422599375000007 0.032906821875 0.439396809375 0.01806845 0.42671953125 0.0042341062499999995 0.458737965625 0 0.488669134375 0 0.5502555984375 0.0040972874999999995 0.5720965078125 0 0.58527360625 0 0.6114284718749999
4 0 0.35229789375 0.028011617187499997 0.3678251359375 0.0161682828125 0.3350116046875 0.027416173437500004 0.2922727546875 0.0308197953125 0.2412798359375 0.03375588125 0.20032507187499998 0.02319428125 0.1620764125 0.01624911875 0.1345181953125 0 0.1284683640625 0 0.1386917765625 0.0066426046875 0.1641002546875 0.01198235625 0.2040430953125 0.012051315625 0.26881512343749997 0.005377921875 0.3237587796875 0 0.3470806921875 0 0.35229789375
1 0.163015553125 0.5389410375 0.1479654671875 0.7074829921875 0.1482631875 0.7452591828124999 0.48278634374999996 0.872784815625 0.49895428906249994 0.613989359375 0.163015553125 0.5389410375
1 0.1394508578125 0.6915372328125 0.152261153125 0.5269160484375 0.0256939609375 0.5059229546874999 0.014632934375 0.6550708515625 0.1394508578125 0.6915372328125
1 0.5368207125 0 0.413384425 0.0219460875 0.40405671718749997 0.2442999 0.58200521875 0.2221575 0.5943181890625 0 0.5368207125 0
1 0.0333443296875 0.2974980984375 0.2943748890625 0.2582869890625 0.2753046171875 0.0714598484375 0.0387519375 0.159310371875 0.0333443296875 0.2974980984375
5 0.627229 0.347341 0.03602954528527036 0.019772942399010417
5 0.630448 0.399708 0.032487168320799495 0.027471782132453625
5 0.924106 0.389528 0.02274829528527027 0.0193864974927175
5 0.922923 0.347363 0.02431079528527027 0.01943196159934022
4 0.2299604578125 0.36040678593750003 0.22027200625 0.347579659375 0.211384778125 0.3617184015625 0.215037178125 0.3716366796875 0.22230601874999997 0.392245403125 0.2270833203125 0.4221800578125 0.22398039218750002 0.44463280781250003 0.221129209375 0.46168039843750003 0.2080860796875 0.47671118281249997 0.22310427187499998 0.48552763125 0.24051908906250002 0.46497180625 0.24105855312500002 0.45338931875000005 0.23993365312499998 0.43337294374999996 0.238808753125 0.41335656875 0.240247321875 0.38246993281249997 0.2299604578125 0.36040678593750003
6 0.38998 0.848342 0.034049668320799496 0.027517246239076344
6 0.400179 0.665294 0.03679367865988183 0.03617919239901042
6 0.394571 0.477885 0.033413967535011226 0.030619514185764984
6 0.383657 0.277058 0.03546661910658777 0.02443771034569897
6 0.366784 0.0823 0.03096105562435252 0.028207568025830954
6 0.483006 0.902542 0.02996148180303493 0.023497335972519552