0 0.4285330375 0.67552579375 0.6502030109375 0.70720206875 0.6352558687500001 0.372058896875 0.4209612015625 0.41225639999999997 0.4285330375 0.67552579375
0 0.41556609062499994 0.11843328281250001 0.41379163124999996 0.353237640625 0.627769828125 0.29701406874999997 0.5913417828124999 0.043362606250000005 0.41556609062499994 0.11843328281250001
0 0.241816675 0.48374019218750003 0.234425571875 0.68139621875 0.3548347328125 0.7014206390625 0.3594991828125 0.46345755000000005 0.241816675 0.48374019218750003
0 0.2417623984375 0.2499778109375 0.23986164531249998 0.42850198281249996 0.3560182453125 0.4102169703125 0.3501640546875 0.196134484375 0.2417623984375 0.2499778109375
0 0.1292654234375 0.2794304296875 0.1273997734375 0.4254491546875 0.20020335 0.406703009375 0.20099298281250003 0.24354431718749997 0.1292654234375 0.2794304296875
0 0.1204204390625 0.49056252499999997 0.1167185484375 0.6302826859375 0.1954587875 0.6423719671875 0.1930067125 0.479269859375 0.1204204390625 0.49056252499999997
1 0.37969115625 0.6701445968749999 0.3780273078125 0.707981628125 0.3973942515625 0.7126725265625 0.3998407546875 0.6898442140625 0.6983881640625 0.7402299203125 0.6992787953125 0.7657342468749999 0.7348728875 0.7632901078125001 0.72838843125 0.7169206671875 0.68459475 0.7167736687499999 0.37969115625 0.6701445968749999
1 0.0929880890625 0.61464615 0.09833769375 0.64771290625 0.20909316093750002 0.6612738874999999 0.20957028437499997 0.6749369093750001 0.2215825453125 0.647384534375 0.11889921562500001 0.6327712328125 0.1067584640625 0.6101975562499999 0.0929880890625 0.61464615
1 0.3819065890625 0.3620445984375 0.3779731609375 0.400008765625 0.39932319375 0.3963747234375 0.40167427031249997 0.370813765625 0.6688829546874999 0.313287059375 0.6696463515625 0.33514790781250003 0.7036197 0.33273205781250004 0.702283753125 0.29447555937500003 0.6583628390625 0.290685065625 0.3819065890625 0.3620445984375
1 0.2123596546875 0.458074021875 0.21414078124999997 0.48072380625 0.3739007984375 0.4578838546875 0.3798114515625 0.44137506875000004 0.24439540625 0.4647015171875 0.2123596546875 0.458074021875
1 0.2214094828125 0.2545376921875 0.37988299375 0.175806934375 0.37355882500000004 0.164270378125 0.2289252078125 0.240420253125 0.22722803125 0.2342104515625 0.22067221718750002 0.23723660937500002 0.2214094828125 0.2545376921875
1 0.10493133750000001 0.4201181265625 0.11096584062499999 0.44455456406250005 0.21306023281250003 0.421974390625 0.21123240468749999 0.4120232078125 0.1223221765625 0.430629590625 0.1248600328125 0.41852238750000004 0.10493133750000001 0.4201181265625
1 0.0256349953125 0.6080534906249999 0.024868290625 0.6164528296875 0.051815375 0.6159157546875 0.060848387500000004 0.514263340625 0.1133535953125 0.5129308984375001 0.11148091874999999 0.45930447656249995 0.1050267234375 0.46524061406249995 0.10176364375 0.47777642187499997 0.0960207734375 0.5040822781250001 0.07752790000000001 0.504405071875 0.0471706015625 0.5041030265625001 0.039689596875 0.6078081671875 0.0256349953125 0.6080534906249999
1 0.010925146875 0.3104048546875 0.0145314296875 0.332479953125 0.045657500000000004 0.333600503125 0.0833684171875 0.3325262828125 0.1165829953125 0.32986671562500003 0.11912085312500001 0.3177595125 0.08824157031249999 0.3237060296875 0.0481953578125 0.3214933 0.0430754671875 0.3232465109375 0.021638262499999998 0.32403665937500004 0.020375917187500002 0.3090840625 0.010925146875 0.3104048546875