2 0.20078125 0.39765625 0.009375 0.01015625
2 0.16640625 0.39765625 0.01171875 0.009375
2 0.16171875 0.409375 0.01328125 0.009375
2 0.178125 0.45 0.0109375 0.01328125
2 0.1296875 0.56171875 0.0078125 0.0125
2 0.11328125 0.59921875 0.01015625 0.01328125
2 0.09921875 0.63125 0.00859375 0.01015625
2 0.09921875 0.50078125 0.00859375 0.0125
2 0.1140625 0.50703125 0.009375 0.0125
2 0.13125 0.3953125 0.01015625 0.01171875
2 0.12578125 0.40390625 0.0078125 0.0140625
5 0.06875 0.4953125 0.0078125 0.0125
5 0.08984375 0.4296875 0.009375 0.015625
2 0.0828125 0.67109375 0.00859375 0.01171875
5 0.2046875 0.378125 0.0125 0.01640625
5 0.2765625 0.30078125 0.01171875 0.01640625
6 0.165625 0.35078125 0.009375 0.0140625
5 0.13984375 0.36640625 0.01171875 0.0203125
5 0.16171875 0.4890625 0.01015625 0.01875
3 0.35473034375 0.6328749265625 0.3631125703125 0.6328749265625 0.367303684375 0.6237390359375 0.3692087171875 0.615618275 0.3669226875 0.6090201046875 0.360826490625 0.610035234375 0.3566353765625 0.615110709375 0.16651121875 0.518676378125 0.16803530625000002 0.5095404875 0.1596530796875 0.5054801062500001 0.1493657671875 0.5308575546875 0.1577479953125 0.539485896875 0.1623201046875 0.533395309375 0.35473034375 0.6328749265625
3 0.083832009375 0.699526728125 0.24957150156250002 0.7594175484375 0.26214484374999997 0.76753834375 0.2659549609375 0.7462212765625 0.26138279999999997 0.7431759578125 0.2590967703125 0.751296753125 0.08688008281250001 0.691913496875 0.09107119687500001 0.6817625125 0.083002271875 0.6793775765625 0.0861180640625 0.6908984031250001 0.0857370421875 0.6908984031250001 0.083832009375 0.699526728125
1 0.32348751249999996 0.6335453546875 0.17643501875 0.5620629171875 0.11012170624999999 0.6863304578125 0.2430943078125 0.7396231421875 0.32348751249999996 0.6335453546875
1 0.2937496796875 0.32184718437500004 0.198135096875 0.52206633125 0.3433000421875 0.6037817484375 0.4492209265625 0.43882828749999997 0.2937496796875 0.32184718437500004
0 0.25452460781249997 0.3689493875 0.23718725468750002 0.3570415828125 0.1718453734375 0.5064952015624999 0.1863237984375 0.515631075 0.25452460781249997 0.3689493875
0 0.1493657671875 0.5937936421875001 0.1352683890625 0.5882106015625 0.09297625468750001 0.6805845359375 0.1059305921875 0.6851524812500001 0.1493657671875 0.5937936421875001
0 0.47258847656249997 0.5101598296875001 0.4341082890625 0.4827358609375 0.34914111718749996 0.6045639625 0.3887662 0.630448975 0.47258847656249997 0.5101598296875001
0 0.3430449703125 0.681711434375 0.30631910625000003 0.658149209375 0.2508404671875 0.7350040859375 0.28322633750000004 0.7553060578124999 0.3430449703125 0.681711434375
1 0.48857581093749997 0.5084333578125 0.3906712328125 0.63806220625 0.48516181718749996 0.7020134062500001 0.6002269234375001 0.5807091578125 0.48857581093749997 0.5084333578125
1 0.41734195312500005 0.729583925 0.3399968703125 0.6920253 0.2775111859375 0.7732331546875 0.374287825 0.8173899140625001 0.4565860640625 0.7260310921875 0.431058334375 0.71943295625 0.41734195312500005 0.729583925
0 0.4916390125 0.74430285625 0.46469389687499996 0.7313312109375001 0.400577496875 0.79404265625 0.42648622343750003 0.810791778125 0.4916390125 0.74430285625
1 0.5187424375 0.7279793640625 0.42915330156250003 0.8123144375000001 0.5061173859375 0.8442900218749999 0.60518008125 0.7696803203125 0.5187424375 0.7279793640625
3 0.5175476875 0.8595165171874999 0.5278349484375 0.8519032859375001 0.5373602156249999 0.8564711984375 0.54421840625 0.8442900218749999 0.5373602156249999 0.83819945 0.5358361796875 0.8468277765625001 0.524405878125 0.84225983125 0.5156426546875 0.8508881578124999 0.4116268015625 0.81129934375 0.40476861093750005 0.81637481875 0.40819773281250005 0.8057163031250001 0.400170834375 0.8028372890625001 0.39448135 0.8138370984375 0.408578728125 0.8204352343749999 0.5175476875 0.8595165171874999
3 0.481732746875 0.7377047203125 0.497735159375 0.7285688296874999 0.5004022359375 0.7189254093749999 0.4916390125 0.7153725578125 0.4828757375 0.7270461874999999 0.34037789375 0.6595421531250001 0.34685506250000003 0.649898715625 0.3377426765625 0.64083133125 0.32894759218749997 0.6539591125 0.33466274218750003 0.6722308765625 0.481732746875 0.7377047203125
0 0.6387576671875 0.6142074015625 0.6033765843750001 0.5939054671874999 0.5122622359375 0.682219 0.5404570171875 0.704043596875 0.6387576671875 0.6142074015625
3 0.5164533484375 0.70861154375 0.643329778125 0.767487234375 0.651331009375 0.75835134375 0.6566651625000001 0.7649494796874999 0.672286578125 0.748707921875 0.6658093828125 0.7441399765625001 0.662761309375 0.752260771875 0.65590311875 0.7466777312499999 0.6402817046875 0.7578438125 0.527502653125 0.6999832171875 0.51988244375 0.69135485625 0.5050230484375 0.7070888828124999 0.5183584078125001 0.7035360328125 0.5164533484375 0.70861154375
0 0.759918971875 0.711656828125 0.73745048125 0.680494859375 0.6593322406250001 0.7385569359375 0.685240915625 0.7613966624999999 0.759918971875 0.711656828125
5 0.771875 0.80703125 0.01015625 0.01328125
5 0.7484375 0.8203125 0.01015625 0.01484375
5 0.72578125 0.834375 0.01328125 0.01171875
0 0.765253125 0.7291578171875 0.69362314375 0.7763598968750001 0.7122926828125 0.828637453125 0.784303609375 0.786510865625 0.765253125 0.7291578171875
0 0.692480153125 0.7794051828125 0.683716878125 0.77077685625 0.6452348625 0.797676946875 0.634566553125 0.8149336328125001 0.6381520015625 0.8413835359374999 0.650569015625 0.837265778125 0.64866393125 0.8169638234375001 0.65247405 0.8068128375000001 0.692480153125 0.7794051828125
5 0.6984375 0.76640625 0.009375 0.01171875
5 0.72734375 0.746875 0.01171875 0.0125
5 0.759375 0.721875 0.0078125 0.01328125
5 0.80625 0.68984375 0.0078125 0.01796875
0 0.59227441875 0.7885410734375 0.526703075 0.837473046875 0.5523092953125001 0.84964145 0.6040339265625 0.8126822 0.59227441875 0.7885410734375
3 0.4680650421875 0.49544090625 0.6269463703125 0.598473375 0.6452348625 0.5883223890625 0.6551411265625 0.57208083125 0.6467588984375 0.5670053390625001 0.6383766703125 0.5847695546875 0.49283072812500006 0.4913805078125 0.485591515625 0.4888427703125 0.48140040156249997 0.47716913281249995 0.48711555312500004 0.46701815625 0.47768230625 0.453127875 0.4608258546875 0.4791993328125 0.46654100468750004 0.4852899203125 0.4680650421875 0.49544090625
1 0.7606809640625001 0.6507509296875 0.6695755703125 0.5950227499999999 0.548458221875 0.6984605562499999 0.6387576671875 0.748707921875 0.7606809640625001 0.6507509296875
3 0.608657878125 0.8108732359375 0.6181830953125 0.82762235625 0.5549353921875 0.8743168718750001 0.5560784328125 0.909337775 0.549982259375 0.9164434421875001 0.549982259375 0.9245642374999999 0.5564594546875 0.9311623718750001 0.5671277375 0.9139057203125001 0.56331761875 0.881930103125 0.627327365625 0.840818628125 0.6250412859375001 0.8195015625 0.6098008671875 0.8022448921875001 0.6303754406250001 0.7870184296875 0.6399007078125 0.7773749921875 0.6331242296874999 0.7682015328125 0.6025616796875 0.7941241140625 0.6029426765625 0.806305290625 0.608657878125 0.8108732359375
3 0.7667771625 0.71291624375 0.7747783421875 0.7382937078125 0.772873309375 0.7489522421875 0.7759213828125 0.7697617609375 0.784303609375 0.7773749921875 0.793066834375 0.7743296890625 0.7976389953125 0.7743296890625 0.8105933328124999 0.7626560609374999 0.8060212234374999 0.7519975265625 0.7888757203125001 0.761640965625 0.786589690625 0.7428616531250001 0.778588459375 0.7093634109375 0.76296704375 0.69159919375 0.773635353125 0.6819557546875 0.765522203125 0.6715565984375 0.7484886703125 0.683985953125 0.7557278578125 0.69768978125 0.7667771625 0.71291624375
3 0.64866393125 0.8905584296875 0.655522121875 0.8859905171875001 0.6566651625000001 0.8941112796875 0.680287809375 0.8864980484375 0.678001728125 0.8768546265625 0.680287809375 0.8661960765625001 0.678763771875 0.8590904109374999 0.67342961875 0.858075315625 0.6703815453125 0.8529998046875 0.6703815453125 0.8433563828124999 0.6612372734374999 0.844879009375 0.65247405 0.8550299953125 0.6381520015625 0.8598186953125 0.6242792921875 0.8692413953125 0.629613446875 0.8773621578125 0.6307564359375 0.8890358031250001 0.64866393125 0.8905584296875
4 0.453874359375 0.3835365234375 0.5214992140625 0.427051684375 0.5581771515625 0.46904002499999997 0.5994397359375 0.5064477609375 0.6441409 0.5178991093749999 0.6854035609375 0.5600099484375 0.7197890609375001 0.584439490625 0.7644903015625 0.620810421875 0.79772958125 0.6269178203125 0.8235187828124999 0.6383691687499999 0.8344075203125 0.652110809375 0.8395653140625001 0.6742500875 0.8430038937500001 0.69562596875 0.8493079078125 0.7078407390625 0.861915934375 0.7307434640625 0.8785356125 0.7467753687500001 0.88197419375 0.7315068859375 0.8556119203125 0.68264775 0.83669988125 0.6353154828124999 0.8137761890625 0.62157384375 0.7730866765625 0.619283578125 0.762197940625 0.6047785171875 0.718069846875 0.5727147078125 0.6957192265625001 0.5604999359375 0.6772840687499999 0.5354569109375 0.6413691125 0.5052033109375 0.597531665625 0.49394620156249996 0.5806305421875 0.4714318875 0.5431310171875 0.44469615781250005 0.528342534375 0.4242926234375 0.500349925 0.4038890421875 0.4792234875 0.38841046874999996 0.44542113437499997 0.3701175953125 0.4079216453125 0.35956403125 0.367781371875 0.32157116874999997 0.327049790625 0.299788071875 0.333525034375 0.3194089046875 0.382810921875 0.34994587187500004 0.453874359375 0.3835365234375
4 0.749016765625 0.8446161125 0.743858971875 0.8652285718750001 0.7444320421875 0.8858410078125001 0.76047865 0.90034606875 0.7816830515625 0.90034606875 0.8217994921875 0.8858410078125001 0.8424308234375 0.8736262359375001 0.8584773531250001 0.8606480171875001 0.8527464890625 0.8430892703125 0.8389922421874999 0.8285842078125001 0.7994488718749999 0.8125523031249999 0.7748059671874999 0.8293476296875 0.7673557343749999 0.8369818718750001 0.749016765625 0.8446161125
4 0.7226545703125 0.9493277015625001 0.7495899140625 0.9294786625 0.7524553468749999 0.90962965 0.7536014875 0.8966514312499999 0.7375549578125 0.8775658406250001 0.7289585828125 0.8508460078125 0.707181034375 0.854663115625 0.7054618203125 0.8836732390625001 0.6991578078125 0.9081028078125 0.691707575 0.91955415625 0.6785264765625 0.9248981328125 0.6641991593750001 0.93100550625 0.6349714546875 0.9340592187500001 0.61319398125 0.9355860609375 0.6000128078125 0.9378763265625001 0.5891240718749999 0.9409300390625001 0.595428084375 0.9569619171875001 0.6292405125 0.964596159375 0.6836842703125 0.964596159375 0.7226545703125 0.9493277015625001
5 0.56484375 0.859375 0.00703125 0.01015625
5 0.5859375 0.84375 0.0078125 0.01015625
6 0.646875 0.84765625 0.00859375 0.01328125
3 0.1370986515625 0.5452430125000001 0.13403047031249998 0.5520549453125 0.1394850171875 0.557504496875 0.13232591875 0.5665870859375 0.1452804609375 0.5720366375 0.1486895375 0.555687984375 0.15278045468749998 0.5484219078125 0.1486895375 0.544334740625 0.1422122796875 0.5452430125000001 0.1377804671875 0.5402475890625 0.1401668328125 0.536160421875 0.13232591875 0.529802615625 0.13675773125 0.5211741546875001 0.1384622828125 0.5111833078125 0.1331228671875 0.5089036375 0.12789410625 0.517541115625 0.13096228906250001 0.5220824109375 0.126871371875 0.5375228062499999 0.1370986515625 0.5452430125000001
3 0.2042576765625 0.4046984421875 0.1892576890625 0.397432365625 0.1807349828125 0.41105625 0.2015304140625 0.42195535156249997 0.22062129531250002 0.374271778125 0.21618950625000002 0.37245525156250003 0.239030384375 0.3179597375 0.2393712796875 0.3274964546875 0.250280375 0.3370331640625 0.261530365625 0.3152349625 0.261530365625 0.3025193421875 0.253689475 0.2993404375 0.2482349046875 0.29752391875 0.24550764374999998 0.288895465625 0.23732585624999997 0.31432670625000003 0.2110758546875 0.37200112343749997 0.21550766718749997 0.376996546875 0.2042576765625 0.4046984421875