0 0.6084066421875 0.5311468390625 0.7336493421875 0.390785165625 0.5088100843750001 0.2943736734375 0.4243689296875 0.41991870000000003 0.6084066421875 0.5311468390625
0 0.38789336093750004 0.39867956875 0.4665557578125 0.272959584375 0.32131016562500003 0.2123699046875 0.2639891484375 0.32328210625 0.38789336093750004 0.39867956875
0 0.2273163125 0.3508558 0.1841839421875 0.443569303125 0.2761846578125 0.51710523125 0.337619859375 0.4268624359375 0.2273163125 0.3508558
0 0.30323263906250003 0.5440551734375 0.4692158625 0.6822810734375 0.5606643765625 0.58398661875 0.371495984375 0.458854525 0.30323263906250003 0.5440551734375
0 0.24539918125 0.6748279593750001 0.36299874375 0.7990098609375 0.44217345625000004 0.7243375640624999 0.29926786562499996 0.5974565546874999 0.24539918125 0.6748279593750001
1 0.7421795515625 0.3392548765625 0.7271359734375 0.34962498750000004 0.7545361078124999 0.3606974953125 0.7704752187499999 0.34650955156249996 0.6882558171875 0.314115196875 0.6804289671875 0.31574882031249996 0.6469499375 0.30364564843749997 0.6439807953125001 0.3101145078125 0.6761671828125 0.32045654687499997 0.685629365625 0.317669203125 0.7421795515625 0.3392548765625
1 0.4044615546875 0.44043073593750004 0.5191788765625 0.266077740625 0.5011486203125 0.2613871921875 0.38874500625 0.4310223890625 0.4044615546875 0.44043073593750004
1 0.43915286406250004 0.6877416968750001 0.5639648921875 0.5494474406250001 0.542787796875 0.5387160203125 0.42547526874999997 0.677654003125 0.43915286406250004 0.6877416968750001
1 0.2464278765625 0.7018272125 0.2519445703125 0.6924782 0.23575266875 0.6773322609375 0.308046190625 0.5811620765625001 0.2963898140625 0.5734440109375 0.2265928578125 0.67772145625 0.2377095828125 0.6907545265625 0.2285253828125 0.69533609375 0.2464278765625 0.7018272125
1 0.1365754828125 0.5848112078125001 0.14326089375 0.5725035187499999 0.13006752187499998 0.566628921875 0.183024203125 0.471195675 0.174406265625 0.4658887265625 0.12141854375000001 0.5666577171875 0.1320599140625 0.5739531828125 0.12489914687499999 0.58052328125 0.1365754828125 0.5848112078125001
1 0.0694483453125 0.6055165265625 0.095401865625 0.60428676875 0.1469430484375 0.6647128125 0.16933170625 0.664100225 0.1856811078125 0.6521863125 0.20844755781250002 0.67408080625 0.22755252656249997 0.6767218875000001 0.2156327140625 0.6633183359375 0.19489856562500002 0.6418878796875 0.18215615624999998 0.6459432453125 0.1698868828125 0.656117328125 0.154605775 0.6593068234375 0.10308011406249999 0.5962129015625 0.06540813125 0.6003961078125 0.0694483453125 0.6055165265625
1 0.2228711921875 0.8182787078124999 0.23399013124999998 0.8309306546874999 0.239629425 0.8235361343750001 0.23255956718749998 0.8144801125000001 0.24630596875 0.8127529453125 0.2590262046875 0.8125088265624999 0.290083728125 0.8084373109375 0.30590009218750003 0.8006950515625 0.31051325625000004 0.7947835750000001 0.323688890625 0.803707171875 0.33033372499999997 0.8000734265625 0.320246015625 0.7833624828125 0.3054646515625 0.7880972093749999 0.2819922125 0.80010209375 0.2524560921875 0.8049980250000001 0.2438315046875 0.8008344468749999 0.226002828125 0.804682571875 0.21783592187499998 0.809305590625 0.2228711921875 0.8182787078124999
1 0.1165145390625 0.70155609375 0.1109195921875 0.7013281171875 0.10228176874999999 0.699451284375 0.09818161875 0.704621225 0.1007004296875 0.7089172234375 0.1078190671875 0.7095885125 0.11600367656249999 0.7141356078125 0.12361765625000001 0.704895234375 0.1358314625 0.7042492671875 0.1389209734375 0.6978944921875 0.1313380328125 0.6895800046875 0.1257630421875 0.685921903125 0.1191087390625 0.692893840625 0.1246836984375 0.696551940625 0.1165145390625 0.70155609375
1 0.0905979125 0.6700028546875 0.0874840828125 0.680550003125 0.0935477296875 0.6876589421875 0.07825110156250001 0.6935163140625 0.0924772203125 0.6967644953125001 0.10117719843749999 0.68796981875 0.09566429062500001 0.67364023125 0.1002530328125 0.6719211375 0.10987939218750001 0.67879403125 0.1165248265625 0.673346590625 0.11201812656250001 0.660964071875 0.09674138593750001 0.663391315625 0.0905979125 0.6700028546875