2 0.995985 0.343109 0.034375 0.053125
2 0.935048 0.222016 0.03984375 0.03359375
2 0.910048 0.164203 0.03359375 0.04609375
2 0.864736 0.086859 0.03125 0.04453125
2 0.717079 0.377484 0.02734375 0.028125
2 0.135048 0.397797 0.03984375 0.090625
2 0.412392 0.407172 0.05390625 0.06640625
2 0.43036 0.182953 0.03828125 0.05546875
2 0.439735 0.083734 0.03203125 0.04296875
2 0.231923 0.087641 0.03125 0.0265625
2 0.681142 0.214984 0.03828125 0.021875
2 0.678017 0.180609 0.0375 0.03515625
2 0.655361 0.082953 0.03125 0.04453125
2 0.797548 0.018109 0.02734375 0.040625
2 0.76786 0.0 0.03984375 0.02890625
2 0.631142 0.019672 0.02578125 0.03515625
2 0.45536 0.027484 0.034375 0.04765625
2 0.284267 0.022016 0.03515625 0.05859375
1 0.0750938671875 0.29771841875 0.0448477265625 0.3853644953125 0.28681685468749996 0.42014468593750004 0.322277846875 0.29910962812499997 0.0750938671875 0.29771841875
1 0.31184814375 0.23928770156249998 0.333750521875 0.13216472031249998 0.182519815625 0.13494713281249998 0.1230705046875 0.2323316640625 0.31184814375 0.23928770156249998
1 0.3639966625 0.076516415625 0.377555278125 0.01252086875 0.270129328125 0.0083472453125 0.2430120984375 0.06956037968749999 0.3639966625 0.076516415625
1 0.7947434296875 0.2114635515625 0.7634543171875 0.1307735109375 0.598664996875 0.13494713281249998 0.614309553125 0.22815804218750002 0.7947434296875 0.2114635515625
1 0.57571965 0.0055648296875 0.57989153125 0.0612131328125 0.7175636203125 0.0612131328125 0.6946182734375 0.009738453125000001 0.57571965 0.0055648296875
1 0.614309553125 0.3380634390625 0.6414267828125 0.4785754046875 0.8552357109375001 0.48970506406250003 0.8051731328124999 0.32276015468749997 0.614309553125 0.3380634390625
5 0.528798 0.277484 0.034375 0.03359375
5 0.588954 0.269672 0.0375 0.03515625
2 0.570204 0.015766 0.03046875 0.0265625
2 0.52411 0.011859 0.03125 0.0390625