2 0.540614 0.77919 0.06965030108845909 0.029384284825709095
2 0.302905 0.775272 0.05254464664195542 0.030827276119281776
2 0.170475 0.771295 0.02721726442797028 0.020142081637205676
2 0.106204 0.758287 0.033521828130301044 0.022032130257724703
2 0.169912 1.0 0.026463296279135663 0.020882388059640888
2 0.270891 1.0 0.02975198738612832 0.0007310063336078088
2 0.123193 0.964049 0.0210218281303014 0.021377033016686652
2 0.097285 0.946691 0.02897073738612832 0.02569271879233561
2 0.035304 0.935123 0.02018601442797028 0.019773589439121865
2 0.038535 0.753255 0.02409226442797028 0.019978307326946165
2 0.50291 0.139374 0.040044646641955416 0.030172178878243805
2 0.352045 0.216685 0.029888396641955417 0.0296399123699004
2 0.298937 0.241303 0.0300520877489479 0.034327412369900404
2 0.196219 0.302053 0.02277530108845909 0.026927670171816586
2 0.142256 0.373506 0.026981651451278666 0.03572613805964089
2 0.11394 0.380448 0.019977683302444406 0.03613889586155707
2 0.051348 0.408683 0.023474705534962937 0.024624863749381377
2 0.332794 0.499989 0.03198660998146661 0.022731493102595125
2 0.302189 0.505492 0.019786710344286362 0.030670145861557075
2 0.521631 0.451881 0.03061508293962447 0.02811835594746519
2 0.123716 0.569432 0.03694692849312098 0.030789654567984215
2 0.045073 0.58837 0.019295637023308387 0.016607645861557073
3 0.9470581546875 0.5644960515624999 0.8263612453125001 0.552775325 0.81918365 0.5238813109375 0.541395171875 0.4592241046875 0.5493870359375 0.4819947703125 0.7950572499999999 0.5395734609375 0.8205588453124999 0.5632617718749999 0.9535885984375 0.5748580828125001 0.9470581546875 0.5644960515624999
4 0.9819860671875 0.6225914968749999 0.993240328125 0.5915804453125 0.9971552062500001 0.527042384375 0.9841266078125 0.47780215937500004 0.9993443453124999 0.41308570468749994 0.9741826343750001 0.45801220000000004 0.9743337640625 0.521221846875 0.969334975 0.584161596875 0.9660779046875 0.6086549875 0.9819860671875 0.6225914968749999
4 1 0.695012459375 0.9768254890625 0.68089825 0.9913747640624999 0.7148031140625 0.9835879593750001 0.7567864265625001 0.984337640625 0.807695396875 0.9847367828125 0.8485662109375 0.998444825 0.8878222546875 1 0.8925887515625 1 0.695012459375
1 0.47976258749999995 0.136902440625 0.484675803125 0.3953621015625 0.8275367093750001 0.49811348281249995 0.8288683109375 0.3301591703125 0.8254870765625 0.29221508281249997 0.47976258749999995 0.136902440625
1 0.9678788859375 0.5424646359375 0.9667946484375 0.39365253437500003 0.8387044250000001 0.3468604671875 0.8392979703125001 0.5110619078124999 0.9678788859375 0.5424646359375
1 0.584490325 1 0.6187637953125 0.9966397265625 0.6099680000000001 0.774201965625 0.4334039328125 0.7819051953125 0.4390896265625 1 0.584490325 1
1 0.753130803125 0.958207190625 0.9830759546875001 0.889329065625 0.9772193015624999 0.7510573890625001 0.7187688234375 0.7691134359375 0.753130803125 0.958207190625
5 0.397432 0.658804 0.03581101442797028 0.020592460990419427
5 0.398478 0.606501 0.03217758293962447 0.028200243102595123
5 0.103292 0.640687 0.022529764427970278 0.019896420171816587
5 0.101038 0.682915 0.02409226442797028 0.019978307326946165
4 0.761812121875 0.61798944375 0.7628907078125 0.6488760796874999 0.7750025078125 0.6718626624999999 0.7857607484375 0.6855292734375 0.793515259375 0.672062121875 0.7890447828125 0.6618080484375 0.7800768640625 0.6405277359375 0.7728453375 0.610089390625 0.77412333125 0.5878045375000001 0.7755900796875 0.5709248437500001 0.7874375609375 0.55690144375 0.7716642234375 0.5468257640624999 0.7558855546875 0.5660384109375001 0.7562900234375001 0.5776208984375 0.7590510734375 0.5978051718749999 0.761812121875 0.61798944375
6 0.67613 0.136535 0.03374008293962456 0.028282130257724792
6 0.650968 0.321111 0.03638393330244423 0.036998710990419424
6 0.641296 0.508775 0.03306796034428618 0.03136618668015991
6 0.635847 0.709474 0.03519345553496285 0.025239017412854635
6 0.636866 0.903596 0.030642364790790032 0.028899605947465545
6 0.587305 0.089722 0.029697423683797554 0.0241711623699004
6 0.024727 0.375987 0.02238711561302118 0.03358710594746528