2 0.006698 0.328685 0.0283219842855022 0.016370535619201477
2 0.067035 0.34889 0.019658519334818124 0.011392094889756964
2 0.149502 0.380505 0.029969310669954386 0.024909734232430526
2 0.088092 0.352506 0.025999426002545345 0.019350065254479177
2 0.233768 0.391844 0.02758919800286357 0.02173018284565984
2 0.311502 0.427256 0.025990335335772663 0.018568815254479176
2 0.338019 0.431781 0.02446419800286357 0.021657447663298513
2 0.270579 0.183269 0.017342041335136303 0.013681293502986146
2 0.349267 0.203856 0.026771585335772664 0.018586999050069507
3 0.0648930796875 0.4435032171875 0.0641226140625 0.46244510937500005 0.07345337187499999 0.4662608171875 0.076080571875 0.47384141093750004 0.0841573484375 0.47981359218749997 0.1017220265625 0.48716344375 0.1186282 0.49276271562499996 0.1260532015625 0.49640603906249997 0.1300646984375 0.5017051828125 0.1387999359375 0.5094279453125 0.1447734 0.521135365625 0.158877425 0.5341888609375001 0.1784915890625 0.5404295796875 0.1873344859375 0.5389001484375 0.1949277046875 0.5280869125 0.185473403125 0.523817940625 0.16383671718749998 0.5163732921874999 0.1497326453125 0.50331979375 0.1403927765625 0.4892203515625 0.1316642671875 0.480919328125 0.11882333125 0.4759930953125 0.10260253281250001 0.46983135625 0.08842449218750001 0.46313875 0.08378145000000001 0.4537759828125 0.0648930796875 0.4435032171875
4 0.11161502187500001 0.44536896718749996 0.104752834375 0.45207353906250003 0.11360842499999999 0.45625372343750004 0.12372307656249999 0.46154705781249994 0.13210853125 0.469690365625 0.13965877499999999 0.47673039062499994 0.1450853875 0.4840822765625 0.1534329890625 0.4954762171875 0.1597242 0.5014031046875 0.1651633921875 0.5076714499999999 0.169759 0.513558871875 0.17350681875 0.519426565625 0.17767851875000001 0.5253041265625 0.18098141406249998 0.532967859375 0.18385622968749998 0.5409829078125 0.187604046875 0.546850603125 0.19808376875 0.5572103296875001 0.2060411109375 0.5657049515625 0.21656706250000002 0.5720916875000001 0.223685021875 0.57984421875 0.2288600375 0.572377809375 0.22256882500000003 0.5664509171875001 0.21045239218749998 0.5509951937500001 0.194881709375 0.5408782515625 0.1828703453125 0.5163929984375 0.17456474375 0.50138724375 0.1644837140625 0.49320446875 0.1586668421875 0.48295327656250003 0.154923225 0.4767243984375 0.1427479265625 0.46632521093749996 0.1335020765625 0.4592457078125 0.12721929999999998 0.45259645156249995 0.11161502187500001 0.44536896718749996
2 0.173163 0.764753 0.02279261000159085 0.012246080072118026
2 0.237516 0.80845 0.02988749466899989 0.01787848423243048
2 0.261471 0.83167 0.02673522266868176 0.015461999050069153
2 0.086717 0.739298 0.020457950668363534 0.012972778685347209
2 0.037108 0.70454 0.034529541335136284 0.014081337005972295
2 0.01229 0.688333 0.024364200668363555 0.013063697663298512
2 0.120857 0.558793 0.02440056333545444 0.01618869766329869
2 0.058766 0.522182 0.0274619286680454 0.010792682845659662
2 0.043232 0.514006 0.020503404002227166 0.016879028685347207
2 0.279623 0.614846 0.016615335335772575 0.018350609707395903
2 0.299863 0.621569 0.01899544800286357 0.021530161094166545
2 0.385931 0.209398 0.028306813335454352 0.016279616641249994
2 0.178546 0.167842 0.02518181333545444 0.016206881458888933
2 0.116164 0.156231 0.020439769334818125 0.011410278685347209
2 0.088884 0.150126 0.01661533533577262 0.018350609707395816
2 0.034306 0.139478 0.018114200668363556 0.01291822729857639
0 0.078693015625 0.3683383265625 0.07104815 0.367616978125 0.029080553125000002 0.35685874375000004 0.0244960234375 0.344670778125 0.01958609375 0.3506602109375 0.0340359234375 0.3694725859375 0.0664016796875 0.3832678234375 0.1127755703125 0.3990193390625 0.150841778125 0.4162077453125 0.16865656406250001 0.41988285625 0.1561171578125 0.39195741875 0.178634053125 0.2201390125 0.11422950937500001 0.274068115625 0.1153783125 0.28496312343749997 0.11594002968749999 0.291497175 0.1114073046875 0.2973692203125 0.154409065625 0.3836859828125 0.147313315625 0.390585196875 0.14341188437500002 0.39701534843749997 0.10085088125 0.382439403125 0.107947525 0.32065545 0.09554325625 0.2904790046875 0.0845713203125 0.301635328125 0.078693015625 0.3683383265625
0 0.04695483125 0.1909903125 0.03330523125 0.2678372890625 0.0216569390625 0.3371230828125 0.0244960234375 0.344670778125 0.0357599390625 0.33093035625 0.057665840625 0.311877365625 0.0750579390625 0.29706657187499996 0.0995521515625 0.2748133203125 0.10663525781250001 0.269000634375 0.120814115625 0.256288734375 0.1223674515625 0.23241470312499998 0.130271496875 0.21086216875 0.1627067453125 0.218681478125 0.170459078125 0.21016729218750002 0.1284977609375 0.198865790625 0.1201521078125 0.2035622296875 0.10681943125 0.198361221875 0.095412253125 0.192118171875 0.0572638671875 0.18199220625 0.04695483125 0.1909903125
1 0.481824975 1 0.5384732953125 0.8123751609375001 0.3430286890625 0.7206546312500001 0.285317278125 0.953594815625 0.4515812546875 1 0.481824975 1
1 0.4294606890625 0.2569099765625 0.37716155625000003 0.527297809375 0.5755310859375 0.5874187328125 0.6467738859375001 0.29735443125 0.4294606890625 0.2569099765625
2 0.63515 0.215198 0.027561926002545433 0.019386432845659662
3 0.2450824078125 0.461846971875 0.24397953593750002 0.4749190546875 0.26074899687499997 0.4793128515625 0.2623154265625 0.4650319875 0.2934549203125 0.47649475937499997 0.3715160984375 0.5069462703125 0.375886975 0.49233299375 0.2415760515625 0.44227791562499996 0.237209803125 0.45649359843750004 0.2450824078125 0.461846971875
3 0.2161616640625 0.58061239375 0.21373133593750002 0.58890759375 0.35103576406250003 0.6624968328125 0.35396972031249996 0.6510317328124999 0.2161616640625 0.58061239375
3 0.18685985 0.573169428125 0.1907502296875 0.559738071875 0.1739005484375 0.5637206265625 0.16138473125 0.5562706687500001 0.1394576078125 0.55536259375 0.11939241406250001 0.554895571875 0.0117397 0.5002908171875 0.0111481390625 0.511015040625 0.1137234109375 0.5607291796875 0.1617357171875 0.5662214125 0.17518013906250002 0.574090684375 0.18685985 0.573169428125
0 0.2418765578125 0.4343748578125 0.3790034140625 0.4856504109375 0.40729114375000003 0.335188015625 0.4359487265625 0.23954946093750001 0.27172985625 0.2071058671875 0.269907603125 0.21937063281250002 0.2775781796875 0.22412859218749998 0.2381956984375 0.42108881875000004 0.2465557 0.423254921875 0.2418765578125 0.4343748578125
0 0.299737690625 0.8849506984375 0.3531696671875 0.6725189171875 0.21806161875000002 0.605005 0.2044863046875 0.6191625968750001 0.1806652859375 0.7847498421875 0.1948244796875 0.7503431640625 0.20079471093749998 0.705918015625 0.21647722187500001 0.6259166953124999 0.26130692187500004 0.7301794328125 0.25888633125 0.7461201859375 0.2536603046875 0.7726603765625 0.21633741875 0.7915975890625 0.25162399999999996 0.8324116187499999 0.26298313906250004 0.7782097265625 0.2693023421875 0.73455524375 0.2736567015625 0.70609036875 0.28359541250000003 0.6587113109375 0.30319244218749997 0.6648806781250001 0.2965725421875 0.6959590203125 0.28349230937500003 0.7444076046875 0.2801247609375 0.764896915625 0.2835802984375 0.77526118125 0.2873630859375 0.795916915625 0.2806191859375 0.8376570859375001 0.276893309375 0.8505203968749999 0.29814942968749997 0.8677739875 0.200554225 0.8034184906249999 0.1706342609375 0.8008176859375 0.299737690625 0.8849506984375
0 0 0.6898863734375 0.098395640625 0.7479757484375 0.1363843671875 0.5949831765625 0 0.529057484375 0 0.6898863734375