2 0.224544 0.405642 0.02578125 0.03359375
2 0.180794 0.482204 0.02890625 0.025
2 0.147982 0.522829 0.02421875 0.03046875
2 0.081576 0.63611 0.03359375 0.0265625
2 0.393294 0.657204 0.02421875 0.0265625
2 0.434701 0.503298 0.028125 0.053125
2 0.460482 0.39861 0.02109375 0.0390625
2 0.303451 0.343142 0.01796875 0.01953125
2 0.331576 0.300954 0.01875 0.03515625
2 0.486263 0.354079 0.02734375 0.04765625
2 0.500326 0.293923 0.02265625 0.02890625
1 0.350438046875 0.2712854765625 0.10534000937500002 0.6204785765625 0.36921151406249997 0.6371730671875 0.47559449374999996 0.279632721875 0.350438046875 0.2712854765625
2 0.701107 0.488454 0.02578125 0.03203125
2 0.692513 0.405642 0.028125 0.0359375
2 0.677669 0.347829 0.02109375 0.0234375
2 0.669857 0.29236 0.021875 0.02109375
2 0.849544 0.297829 0.01875 0.02890625
2 0.872982 0.361892 0.03203125 0.05703125
2 0.926888 0.401735 0.02109375 0.025
2 0.965169 0.483767 0.02890625 0.025
2 0.721419 0.679079 0.02734375 0.06796875
1 0.68731748125 0.2643294375 0.725907384375 0.485531440625 0.945974134375 0.47161936562499995 0.8291614515625 0.2712854765625 0.68731748125 0.2643294375
1 0.7300792656249999 0.5564830265625 0.7467667921875 0.688647746875 0.9887359203124999 0.7039510296875 0.9491030453124999 0.5467445750000001 0.7300792656249999 0.5564830265625
3 0.4964539015625 0.3742348359375 0.47872340468749996 0.392320534375 0.47142261249999995 0.4173622703125 0.462035878125 0.454924875 0.4526491453125 0.49944351718749996 0.44534835156249997 0.5258764609375 0.4307467671875 0.5592654421875001 0.4203170625 0.58708959375 0.4234459734375 0.6232609906250001 0.4484772625 0.616304953125 0.46933667031250004 0.5550918203124999 0.477680434375 0.5105731765625 0.47559449374999996 0.4674457421875 0.4964539015625 0.418753478125 0.5183562796875 0.4104062328125 0.52044221875 0.39510295 0.5068836046875 0.3867557046875 0.5110554859375 0.3408458546875 0.5225281609375 0.286588759375 0.5089695453124999 0.300500834375 0.5027117234375 0.3380634390625 0.4964539015625 0.3742348359375
3 0.620567375 0.39510295 0.621610346875 0.4326655546875 0.6257822281250001 0.4660545359375 0.62786816875 0.48831385625 0.62786816875 0.5217028375 0.62786816875 0.5411797453125 0.6309970796875 0.5676126874999999 0.6309970796875 0.5898720078124999 0.6309970796875 0.6079577078125 0.6341259906250001 0.6246521984375 0.6414267828125 0.6343906515625 0.64768460625 0.6343906515625 0.6633291609375 0.6343906515625 0.68418856875 0.6371730671875 0.686274509375 0.62604340625 0.6810596578125 0.6023928765625 0.6810596578125 0.577351140625 0.6810596578125 0.5453533671875 0.67584480625 0.5036171406250001 0.67584480625 0.4632721203125 0.6737588640625 0.42570951562500003 0.669586984375 0.38953811875 0.6622861921875 0.3686700046875 0.6612432203124999 0.3311074 0.6622861921875 0.3074568734375 0.6622861921875 0.2949360046875 0.6445556953125 0.2963272125 0.648727575 0.3478018921875 0.648727575 0.3742348359375 0.6330830203125 0.3867557046875 0.620567375 0.39510295
5 0.594857 0.568923 0.03125 0.0359375
5 0.537044 0.569704 0.02890625 0.0375
4 0.5579891531250001 0.21424596562499998 0.5131414265625 0.20868113593749998 0.46307884843749997 0.194769059375 0.41301627031250004 0.194769059375 0.3587818109375 0.194769059375 0.333750521875 0.20311630625000002 0.326449728125 0.2225932109375 0.342094284375 0.2504173625 0.361910721875 0.2657206453125 0.3963287453125 0.2657206453125 0.4192740921875 0.2657206453125 0.5444305375 0.2782415140625 0.5851063828124999 0.2573734 0.6257822281250001 0.268503059375 0.7071339171875 0.2615470234375 0.74363788125 0.26711185312499997 0.7822277843750001 0.26711185312499997 0.8229036296875 0.2601558140625 0.84793491875 0.254590984375 0.83646224375 0.2295492484375 0.8062161031249999 0.20728992812499997 0.7843137265625 0.201725096875 0.677930746875 0.2058987203125 0.5579891531250001 0.21424596562499998