0 0.4281813953125 0.73213358125 0.7547682765625 0.76093245 0.79817855 0.51866328125 0.3844989484375 0.500799809375 0.4281813953125 0.73213358125
0 0.5147349109375 0.80613681875 0.530626459375 0.94552070625 0.745443875 0.972723084375 0.7796018546875 0.8311089484374999 0.5147349109375 0.80613681875
0 0.27499909843750003 0.918161659375 0.48235973125 0.9408141562500001 0.4596818015625 0.79655284375 0.22456685781250002 0.7813902875000001 0.27499909843750003 0.918161659375
0 0.1532322984375 0.711601115625 0.39936003124999997 0.7235447203125001 0.3530392953125 0.49534792968749997 0.06264070000000001 0.5056898859375 0.1532322984375 0.711601115625
0 0.453612109375 1 0.44832916562499997 0.9693883484375 0.2669333375 0.9553238328125 0.28540068125 1 0.453612109375 1
0 0.6768077328125 1 0.5008917046875 0.9830683171875 0.5023718140625 1 0.6768077328125 1
1 0.7737422140625 0.8054044812500001 0.786385709375 0.7881270640625 0.77142816875 0.7860264390625 0.843499165625 0.45523803437500004 0.8616142437500001 0.45748577187499995 0.8692347984375 0.4129135671875 0.817761528125 0.4161320296875 0.8065345718750001 0.475979946875 0.747624078125 0.7891296953125 0.7737422140625 0.8054044812500001
1 0.408269240625 0.77051600625 0.447802353125 0.774770575 0.44984775312499997 0.7542009375000001 0.42446495000000006 0.7572306171875 0.3702075640625 0.4486378078125 0.3948009578125 0.44557131562499996 0.395820859375 0.41051959374999997 0.34604864218750003 0.409605334375 0.34399460625 0.45303278750000003 0.408269240625 0.77051600625
1 0.504953303125 0.9521448421875001 0.5060425734375 0.9690432265625001 0.530513525 0.9701829796875 0.5284717140625 0.9588560968750001 0.5113868625 0.7853719296875 0.513822296875 0.7560019109375 0.5004027843750001 0.7553768875 0.47680278125 0.751469765625 0.47623163437500005 0.7710987984375001 0.49493209218749995 0.7803935875 0.5134733781249999 0.9581575390625 0.504953303125 0.9521448421875001
1 0.2623074875 0.9361141515625 0.2784808203125 0.9387887828125001 0.20451926406249998 0.7640594578125001 0.2046273671875 0.7331771218750001 0.1759646890625 0.740265940625 0.1815454359375 0.7657973703125001 0.1931822515625 0.7733592453125 0.2623074875 0.9361141515625
1 0.72754898125 1 0.7281194 0.9976382421875 0.7412391078125 0.9814016499999999 0.7145223625 0.9759453953125 0.7131618609375 0.9955376171875001 0.7120142031250001 1 0.72754898125 1
1 0.47294875468750003 1 0.46760741875 0.95882923125 0.47732481250000003 0.9508580249999999 0.476821028125 0.9410067421875 0.453847146875 0.9427446515625 0.4515748421875 0.9665063515625001 0.45732215781249996 1 0.47294875468750003 1
