2 0.5330438783371608 0.6564923185915514 0.03638455732694616 0.024051154626382677
2 0.3543744029861046 0.43169469034349284 0.03457639586155707 0.019336381087432387
2 0.6724859158764034 0.5127814545502477 0.04279833163720568 0.027285248782184014
2 0.5257724474227521 0.31864744521475685 0.03716580732694617 0.02406479139585782
2 0.5846871019907364 0.2817144610430694 0.03474017017181659 0.022461381087432387
2 0.6955073360482199 0.490524625004943 0.0325601944820761 0.025545470779006863
2 0.7961834447092186 0.3865171891289722 0.03848264586155707 0.0194045649348082
2 0.7012847817734913 0.21645587946916978 0.0452649123699004 0.029669909090609535
2 0.6976994363414757 0.18061383685549598 0.03391797659425162 0.02166649431795715
2 0.7772950831075438 0.13629504667745418 0.043252033016686654 0.02104888555165916
2 0.843983536861874 0.2935796668078378 0.018047315128862353 0.016706258928453722
2 0.859441440525347 0.2816018181878096 0.014059177973732772 0.015075575081077907
2 0.8055395918139711 0.11863025974582322 0.025201395861557074 0.019172739853730292
2 0.8644951899595202 0.0809160255741358 0.03457639586155707 0.019336381087432297
2 0.6607041316165212 0.7822717942418221 0.0317789444820761 0.02553183400953163
2 0.7679920884230691 0.6414637877490004 0.03371325870642714 0.01776024431795715
2 0.7860803471294964 0.6239762788205466 0.025982645861557074 0.019186376623205346
2 0.8641820929456248 0.5188018092593559 0.03247830732694652 0.023982970779006862
2 0.8591283435114517 0.7194876018730296 0.02626925090451131 0.024655126623205348
2 0.9166752498884584 0.6341853015487182 0.043252033016686654 0.02104888555165907
2 0.917117821687583 0.2236159943245477 0.0315742265942518 0.02162558400953163
2 0.805327234850453 0.8226768315804902 0.03457639586155707 0.019336381087432387
2 0.9480591259623117 0.4970438116949879 0.025941702283992285 0.01840512662320535
1 0.51579939375 0.6297349343749999 0.6719714421874999 0.48305123125 0.5556380921875 0.33025939531250004 0.35990369843750003 0.44866104062499995 0.51579939375 0.6297349343749999
1 0.6860701031249999 0.4674134328125 0.78989984375 0.3750616390625 0.7115671203125 0.2342820203125 0.590562775 0.3088257109375 0.6860701031249999 0.4674134328125
1 0.7967752406249999 0.3360096703125 0.9001090796875 0.2300856140625 0.861861128125 0.107619596875 0.7236556546874999 0.1878959 0.7967752406249999 0.3360096703125
1 0.667526803125 0.7982060640624999 0.7634251859375001 0.8571935765625 0.91714425625 0.6191078562500001 0.8730392328125 0.5392976109375 0.667526803125 0.7982060640624999
1 0.8626925328124999 0.48334376093750003 0.9085282796874999 0.5531644578125 0.9708749765625001 0.446145046875 0.9606022937500001 0.3657442546875 0.8626925328124999 0.48334376093750003
4 0.9139758296875 0.1728037203125 0.933398028125 0.2168290328125 0.9354291218749999 0.2702118484375 0.92801033125 0.29659778124999997 0.9436916796875 0.319864315625 0.9792072484375 0.31019044687499997 0.9807325859375 0.23501608593749998 0.9551319749999999 0.1476396890625 0.9273732015625 0.0784088515625 0.90171954375 0.0381138890625 0.8683356109375 0.053182918749999995 0.8903378515625 0.11708187031249999 0.9139758296875 0.1728037203125
5 0.5405111403229484 0.7671979935104736 0.043456750904511135 0.024955135551659246
6 0.5951709848504529 0.826345122569311 0.029271420171816588 0.022365923701106283
6 0.4484298609243063 0.6923128161559194 0.030339275214770645 0.02784831047058134
6 0.34269551730131287 0.6098606006519184 0.046332767412854456 0.035152295860084594
6 0.2005633282463038 0.4921390868522007 0.033051517412854545 0.03492047077900686
6 0.22042985018171407 0.33646578531007315 0.04123583163720577 0.02725797524323372
6 0.4010014987568046 0.24199126217815992 0.02532422659425162 0.02151648985373029
6 0.5409957349619947 0.17710482752000517 0.05423047659425162 0.022021050324311543
6 0.6460417610812765 0.12375591071875788 0.030052670171816585 0.022379560470581296
6 0.7325048835370851 0.08243938961543953 0.026269250904511134 0.024655126623205438
3 0.791809428125 0.4537976203125 0.8186238921875001 0.49497771406249996 0.8267760484375 0.47763292343749997 0.8045098171875 0.44180580625 0.791809428125 0.4537976203125