0 0.479437928125 0.6316382515625001 0.7099766953125 0.61818695625 0.7001400062500001 0.5555204828125 0.449882490625 0.5722946125 0.479437928125 0.6316382515625001
0 0.4394098921875 0.5446088046875001 0.7409189640625 0.5276383984375 0.7362550531250001 0.43930738125 0.3907625625 0.46493491562499994 0.4394098921875 0.5446088046875001
0 0.3628152140625 0.422225484375 0.6801542359375 0.403100378125 0.6622010875 0.266385040625 0.2923656375 0.304589528125 0.3628152140625 0.422225484375
0 1 0.2508144859375 0.695522790625 0.27396666875000003 0.704023559375 0.4000359109375 1 0.3818515734375 1 0.2508144859375
0 1 0.42534574999999997 0.8020868484375001 0.43885786875 0.79742699375 0.52373553125 1 0.5081504531250001 1 0.42534574999999997
0 1 0.5417746375 0.7237745421875 0.5595201765625 0.7269295390625 0.61608419375 0.9741061265625 0.605349046875 1 0.5448708140625 1 0.5417746375
1 0.9491968921874999 0.6762980890625 0.983534903125 0.6767042453125 0.9825736203125001 0.6698393359375 0.9622131390625001 0.66997026875 0.95573729375 0.64466100625 0.812939146875 0.6532191296875001 0.8096769890625 0.622855975 0.73698538125 0.6254242765625 0.73816115 0.632725825 0.799606065625 0.632316090625 0.802119225 0.6608069375000001 0.9449237078125 0.6527934296875 0.9491968921874999 0.6762980890625
1 0.684746928125 0.633342903125 0.723203784375 0.6284745484375 0.714608909375 0.546048184375 0.73022605625 0.5445034390625 0.7283202890625 0.5369634328124999 0.696703571875 0.5384360046875 0.7104052015625 0.62225925 0.6846125671875 0.6242779281249999 0.684746928125 0.633342903125
1 1 0.5559282328124999 0.9782292281249999 0.608967775 0.95025295625 0.61081570625 0.947691128125 0.6201964328125 0.9891949062500001 0.613906165625 1 0.5850018218749999 1 0.5559282328124999
1 0.7632648234375 0.5430197437500001 0.7959811875 0.539533646875 0.79920525 0.41038056875000006 0.7599505734374999 0.4116639734375 0.7618943765624999 0.42247168906250004 0.780794884375 0.42186383125000004 0.7788454921875 0.535568853125 0.7606654671874999 0.535598234375 0.7632648234375 0.5430197437500001
1 0.6826625109375 0.4254421828125 0.7227167999999999 0.42585482968750005 0.722538425 0.4150513578125 0.7014606062500001 0.416033071875 0.68378388125 0.2405772375 0.7117633109375 0.23900162812499998 0.7079834625 0.2266446765625 0.6618588375 0.231245071875 0.6826625109375 0.4254421828125
1 0.767099128125 0.182303128125 0.7597075109375 0.23730497499999997 0.7913481828125 0.23512002187499997 0.791090559375 0.18173061875000002 0.767099128125 0.182303128125
1 0.4121444109375 0.24656075937500002 0.48555016249999994 0.242869375 0.48389690312500006 0.22578164531249997 0.4784077265625 0.22276782499999997 0.454824053125 0.227135734375 0.45270694375 0.23268345625000003 0.41601835156250005 0.2357545328125 0.41198281249999996 0.23267302656250002 0.287348846875 0.23984022343750003 0.2892989875 0.2511925546875 0.2784251734375 0.254151109375 0.286919878125 0.265471078125 0.31962682187499997 0.263947728125 0.3089389890625 0.251640084375 0.3085026890625 0.24539391406250002 0.41022278749999996 0.23765920624999998 0.4121444109375 0.24656075937500002
1 0.5250269046875 0.6956515046875 0.5248013015625 0.701368815625 0.5425466515624999 0.7013744562500001 0.5439844468749999 0.6999452046875 0.557054559375 0.6982466328125 0.559114609375 0.6877973453124999 0.558675140625 0.6812788656250001 0.553893771875 0.6765973562500001 0.5580741 0.660872653125 0.5560700921875 0.6448910718749999 0.555245046875 0.6364833546875001 0.5272529328125 0.63696974375 0.5266180015625 0.6449005484375 0.5437109796875 0.6451942515625 0.5448709046875 0.6511342625000001 0.54571813125 0.6614481421875 0.5408458640625 0.680202090625 0.5428308578125 0.6945498078125001 0.5250269046875 0.6956515046875
