5 0.41300217286947605 0.5959564676606818 0.0326677474927175 0.023553686680159912
5 0.720308556018144 0.6832638743763726 0.046108121865896835 0.029718477498762753
5 0.8712261983380121 0.6864784848463937 0.04443196159934004 0.025730340343633175
5 0.9690415727111915 0.6861276820420033 0.02600021034569906 0.0356851944820761
6 0.6106226336108864 0.4193098377416412 0.05541492570596276 0.027866050429541288
6 0.5760717888628782 0.36977018317365695 0.029102478292387702 0.03506771879233561
6 0.8373609783588947 0.47892161239058506 0.02972460391920819 0.0296399123699004
6 0.9770312321198183 0.5191039563522627 0.01791492570596276 0.02590075870642732
6 0.5719941103204285 0.9846599019102216 0.04667642319868044 0.030680196179556772
6 0.6077557655724203 0.9480899349826792 0.04553146034569906 0.03670878392119796
6 0.8332846144770635 0.8879247981662338 0.05115933471887857 0.0424641389641522
6 0.9620377517823666 0.8461611013093085 0.03045202962517095 0.0546399123699004