2 0.329952 0.660148 0.0265625 0.03359375
2 0.429952 0.503898 0.02109375 0.0203125
2 0.564327 0.393741 0.02578125 0.034375
2 0.528389 0.352335 0.02734375 0.02265625
2 0.461983 0.450773 0.02265625 0.02421875
2 0.269014 0.341398 0.01796875 0.01953125
2 0.247139 0.359366 0.01640625 0.02421875
2 0.117452 0.485929 0.0234375 0.01953125
2 0.594795 0.284366 0.021875 0.025
2 0.613545 0.253116 0.0140625 0.02265625
2 0.642452 0.198429 0.0265625 0.034375
2 0.511983 0.14296 0.01328125 0.015625
2 0.452608 0.20546 0.02421875 0.02890625
2 0.36042 0.246866 0.01484375 0.01484375
2 0.14792 0.253116 0.0203125 0.015625
2 0.0 0.358585 0.01796875 0.01484375
2 0.240889 0.183585 0.01640625 0.01640625
2 0.130733 0.13046 0.01328125 0.01484375
2 0.053389 0.176554 0.02265625 0.015625
4 0.5367630890624999 0.146389934375 0.5110093046874999 0.143679009375 0.4872887140625 0.131028028125 0.464245853125 0.1183770453125 0.4229042515625 0.1111479125 0.4073164359375 0.1012078546875 0.39308408125 0.1066297046875 0.3883399625 0.12650981875 0.3978282 0.1391608015625 0.43984753125 0.1491008578125 0.45611307968750003 0.15090814218749998 0.468312240625 0.15090814218749998 0.477122746875 0.1536190671875 0.4601794671875 0.16536640625000001 0.4662790484375 0.1789210296875 0.473734090625 0.174402821875 0.48254459531249994 0.16627004843749998 0.47847820937499996 0.18343923906249998 0.48051140312499996 0.18163195468749999 0.49203283124999997 0.1888610875 0.5021988000000001 0.18072831250000002 0.5096538421875 0.18072831250000002 0.520497540625 0.179824671875 0.54692905625 0.18163195468749999 0.5699719171875001 0.1960902203125 0.6133467125000001 0.21506669218750002 0.637745034375 0.23223588125 0.66620974375 0.24307958125 0.689930334375 0.234043165625 0.688574871875 0.20060842656250003 0.6601101625 0.1879574453125 0.6228349484375 0.1725955390625 0.574038303125 0.1581372734375 0.5367630890624999 0.146389934375
1 0.41477147812500004 0.3117563390625 0.17282145 0.562065053125 0.3530979421875 0.714780478125 0.5631946046875 0.393987721875 0.41477147812500004 0.3117563390625
1 0.5462513265625 0.21054848437499998 0.45475761718749996 0.3171781890625 0.5909815828125 0.3985059296875 0.6750202484375001 0.2566342046875 0.5462513265625 0.21054848437499998
1 0.18434287968750002 0.1897647296875 0.00474411875 0.30723813125 0.0230428609375 0.407542346875 0.2731256625 0.236754090625 0.18434287968750002 0.1897647296875
2 0.261202 0.102335 0.01953125 0.01640625
2 0.311202 0.068741 0.015625 0.0140625
2 0.344014 0.153116 0.0125 0.01484375
2 0.358077 0.139054 0.0125 0.01484375
1 0.33229913125 0.2539655890625 0.4345450171875 0.160515046875 0.36115885625 0.1308307578125 0.2547901515625 0.206690609375 0.33229913125 0.2539655890625
5 0.01042 0.477335 0.02734375 0.01875
3 0.35538691093749997 0.327626603125 0.3710536203125 0.3089364953125 0.302614840625 0.26276093437500003 0.28529900625 0.2803516234375 0.32652718593749996 0.3012405671875 0.35538691093749997 0.327626603125
1 0.7322124765625 0.115438903125 0.766844146875 0.06486566875000001 0.45515910625 0 0.3999133453125 0.026386035937500003 0.7322124765625 0.115438903125
5 0.67292 0.093741 0.01328125 0.0171875
5 0.617452 0.074991 0.0171875 0.015625
5 0.565108 0.059366 0.01171875 0.0203125
5 0.515889 0.043741 0.0140625 0.015625
5 0.474483 0.028898 0.0140625 0.01796875
5 0.431514 0.023429 0.0203125 0.01640625
5 0.394014 0.008585 0.00859375 0.0109375
5 0.355733 0.000773 0.01484375 0.01328125