5 0.3962885689664314 0.5934505169541108 0.03330532366340586 0.02336687944567011
5 0.7015228295603622 0.6789536391610705 0.046905092079257214 0.029454213606069857
5 0.852577095345378 0.6812888887467858 0.04511507892507751 0.02547518899896417
5 0.9505518637612294 0.6803685516909018 0.0270021157567804 0.035539393713693815
6 0.5993511977362174 0.41568304362813124 0.056143584186749605 0.027547111248705035
6 0.5661893582172087 0.3663529776646965 0.030081613125944706 0.034903692927905364
6 0.8247005372552259 0.4739643862655864 0.03054434471009344 0.02947133023145838
6 0.963414426760117 0.5133266009051136 0.018643584186749607 0.025800520678164317
6 0.543940758810141 0.9829763586628072 0.04804265785015538 0.03404728267438557
6 0.5810914192911324 0.944390240484978 0.046533365756780756 0.03644907630251666
6 0.8087151613280374 0.8829220093011155 0.0523206341726322 0.04217253742738762
6 0.9388800744398648 0.8404156397802431 0.032000428896842695 0.05447133023145838