2 0.6808 0.525063 0.015625 0.01484375
2 0.684706 0.494595 0.01328125 0.0109375
2 0.692518 0.432095 0.01328125 0.01875
2 0.533143 0.39772 0.01796875 0.015625
2 0.515174 0.470376 0.01796875 0.01171875
2 0.509706 0.484438 0.00859375 0.00625
2 0.400331 0.371938 0.0109375 0.0109375
2 0.373768 0.440688 0.015625 0.015625
2 0.364393 0.456313 0.0140625 0.01328125
2 0.265956 0.468032 0.0203125 0.01796875
2 0.211268 0.428188 0.01171875 0.01796875
2 0.228456 0.40397 0.01328125 0.01953125
2 0.257362 0.351626 0.01015625 0.01640625
2 0.27455 0.273501 0.01171875 0.0171875
2 0.298768 0.229751 0.0140625 0.01015625
2 0.309706 0.209438 0.01328125 0.015625
2 0.336268 0.171157 0.01484375 0.0109375
2 0.464393 0.186782 0.01640625 0.01953125
2 0.444081 0.232876 0.01640625 0.01484375
2 0.438612 0.24772 0.0171875 0.0125
2 0.413612 0.302407 0.01484375 0.0140625
2 0.544862 0.32897 0.01328125 0.01015625
2 0.565175 0.268813 0.0140625 0.015625
2 0.569862 0.25397 0.01796875 0.01171875
2 0.583924 0.203188 0.01796875 0.015625
2 0.725331 0.22272 0.015625 0.01328125
2 0.717518 0.269595 0.01484375 0.0109375
2 0.71205 0.292251 0.01796875 0.01640625
2 0.700331 0.349282 0.021875 0.01875
2 0.677674 0.745376 0.01328125 0.0203125
2 0.622987 0.825845 0.015625 0.0171875
2 0.567518 0.814126 0.0203125 0.01875
2 0.515174 0.800063 0.0140625 0.01640625
2 0.461268 0.787563 0.0140625 0.01875
2 0.170643 0.711001 0.01796875 0.0140625
2 0.215956 0.72272 0.015625 0.01328125
5 0.546424 0.769595 0.01875 0.0203125
5 0.465174 0.746938 0.01796875 0.01640625
5 0.166737 0.67272 0.0140625 0.01875
5 0.094862 0.657876 0.01875 0.0203125
1 0.637831 0.276626 0.11015625 0.11796875
1 0.377675 0.24147 0.090625 0.09453125
1 0.305018 0.419595 0.0875 0.0828125
1 0.605799 0.475845 0.13515625 0.08125
4 0.5349467625 0.4066897390625 0.548004196875 0.4239142453125 0.5545329140625 0.42247887031250003 0.5471881062499999 0.41051740781249996 0.5284180453125 0.3889867734375 0.5047514453125 0.372719184375 0.4774124421875 0.3483178 0.46761936718749997 0.3330071265625 0.4631308734375 0.31769645468749996 0.45415388749999996 0.32056720625 0.4639469640625 0.3420978390625 0.48108484531249995 0.3650638484375 0.5161767 0.389943690625 0.5349467625 0.4066897390625