0 0.7413204390625 0.3295210125 0.59848444375 0.3129193140625 0.5890296312500001 0.6416939734375 0.7334433515625001 0.7168953140625 0.7413204390625 0.3295210125
0 0.600649975 0.004932603125 0.5988760125 0.27387040156250003 0.738038340625 0.285238040625 0.743946134375 0.005419146875 0.600649975 0.004932603125
0 0.4627778 0.24554722031249998 0.461682978125 0.530640853125 0.5509569062499999 0.57173925 0.5568647 0.2525708078125 0.4627778 0.24554722031249998
0 0.465665175 0.004932603125 0.4649650765625 0.1846781265625 0.5575211906249999 0.17855710625000001 0.55883399375 0.004544715625 0.465665175 0.004932603125
0 0.37110363125 0.0097448953125 0.37240905 0.230148709375 0.43673877812499995 0.23539529843749998 0.438708071875 0.0115401953125 0.37110363125 0.0097448953125
0 0.37182547499999996 0.2830831015625 0.3665012125 0.5111226828125 0.43083094062500005 0.5487233234375 0.4360823765625 0.2960118953125 0.37182547499999996 0.2830831015625
1 0.7926073125 0.2173614203125 0.804972896875 0.21684664374999998 0.8157927375 0.215817125 0.82197555625 0.21066953281249998 0.8297040125 0.20809571875000002 0.8300904750000001 0.2008890546875 0.8269990406250001 0.1957414625 0.82197555625 0.1885347984375 0.816565609375 0.1849314828125 0.8069049984375001 0.1895643171875 0.800335821875 0.1941971671875 0.792220903125 0.1916233890625 0.7871973671875 0.1885347984375 0.7767639359375 0.189049575 0.7763775265625 0.1849314828125 0.7670508328125 0.18534211875 0.7663305046875 0.220964753125 0.781787471875 0.220964753125 0.7871973671875 0.215817125 0.7926073125 0.2173614203125
1 0.5820062078125 0.28238647031249997 0.5820062078125 0.27569458281250003 0.5808469515625 0.26282554999999996 0.570027059375 0.26436984531249996 0.5680949578125001 0.272606009375 0.5723456234375 0.2890783578125 0.5738913140624999 0.30760974375 0.6233535984375 0.3127573703125 0.6747479843749999 0.3173901859375 0.750100665625 0.32768540625 0.7810146 0.32356733125 0.7798553187499999 0.2746650640625 0.76875056875 0.272595265625 0.7609205593749999 0.3004031140625 0.693296334375 0.2942259671875 0.5820062078125 0.28238647031249997
1 0.3523626828125 0.1850318421875 0.35201764999999996 0.2369710578125 0.35788340625 0.2369710578125 0.35443296874999997 0.248921665625 0.363059075 0.249840940625 0.3609888125 0.174000509375 0.333040184375 0.16986375625 0.33096990000000004 0.019561821875 0.305781646875 0.011288321875 0.300260921875 0.0053130187500000006 0.2985356921875 0.0227792921875 0.322688825 0.0310527984375 0.322688825 0.1831932921875 0.3523626828125 0.1850318421875
1 0.5645652390625 0.20065958125 0.5725012578124999 0.20387705937499997 0.5728463359375 0.22318186875 0.5856129906249999 0.22318186875 0.5831976734375 0.1877896671875 0.5818174968750001 0.1818143640625 0.5735364 0.18043546562499999 0.450355415625 0.1877896671875 0.449320271875 0.20525595624999998 0.44655992187500004 0.20755415937500002 0.44625094687500005 0.22316876875 0.457256290625 0.225480071875 0.4541509078125 0.20617523124999998 0.5645652390625 0.20065958125
1 0.44069414374999993 0.291429703125 0.4551860515625 0.291889340625 0.45622119375 0.2583357046875 0.447595065625 0.2555778640625 0.44655992187500004 0.274423065625 0.3609888125 0.2652302828125 0.3554680875 0.27764054374999997 0.35512305624999996 0.29326826875 0.354808034375 0.308667259375 0.3654743921875 0.3079767015625 0.3668545671875 0.28223692031250003 0.44069414374999993 0.291429703125
1 0.45129144062500004 0.5455362328125 0.5570850046875 0.6001462703125 0.56810518125 0.6066055218749999 0.5694276125 0.62657045625 0.5791253578125 0.62657045625 0.577802928125 0.5842917359375 0.571631625 0.5825301078125 0.44379770625 0.52380966875 0.4389488328125 0.5578675109375 0.4486465796875 0.5596291390625 0.45129144062500004 0.5455362328125
1 0.303180390625 0.46332758281249997 0.3058252515625 0.46450200781250006 0.31993105 0.46039156875 0.333596059375 0.45921716406249996 0.35078750937500003 0.46039156875 0.3499058984375 0.4721356640625 0.35431398125 0.47624608437499993 0.36048525625 0.468612428125 0.36048525625 0.4562811296875 0.3596036453125 0.44512425625 0.336240890625 0.44512425625 0.31993105 0.44923467656250005 0.294805075 0.44629866093750004 0.29216024375 0.4803565234375 0.30009476875 0.4803565234375 0.3018579890625 0.47331007031250005 0.303180390625 0.46332758281249997