2 0.02747 0.662556 0.02773019490629274 0.01359942333704538
2 0.113498 0.660431 0.020054087226160887 0.018196016669318027
2 0.194035 0.659024 0.030923391066226814 0.015979536004136107
2 0.405109 0.656791 0.022284176959604097 0.014317038669636161
2 0.491873 0.656237 0.015139266693047304 0.010328972668681758
2 0.573123 0.657183 0.020744409012915455 0.015080107336090798
2 0.676317 0.656039 0.017573944906292736 0.013481244668999892
6 0.361496 0.651594 0.023224551332783606 0.019794879336408933
5 0.252927 0.730045 0.018423391066226813 0.015834085335772484
3 0.7323222234375 0.7198941343749999 0.736968625 0.7366658625 0.75549380625 0.73493165625 0.7556734953124999 0.722115121875 0.754352671875 0.7053046968750001 0.755598525 0.6909571109375 0.7542596296874999 0.6735237015625 0.7277278484374999 0.6763251515625 0.728090378125 0.6887844734375 0.7292480078125 0.6999882125 0.7323222234375 0.7198941343749999
3 0.64751878125 0.6922147328125 0.685617328125 0.6867859890625 0.68601375625 0.6718251109375 0.6678683421875 0.6770216796875 0.6724069609375001 0.4900154921875 0.6891433296875 0.49355984375000006 0.6896665328125 0.4829597 0.6573332984375 0.48645183281250004 0.6435588328125 0.670449590625 0.64751878125 0.6922147328125
3 0.44571899375 0.4922946453125 0.49054875156250005 0.3566020609375 0.4655347734375 0.3544003796875 0.46323999687499995 0.3612820375 0.47240333593750006 0.3617986109375 0.4301394296875 0.4813173609375 0.4152108890625 0.482737421875 0.41304299687499996 0.49397985625 0.44571899375 0.4922946453125
3 0.751253603125 0.49491261406250003 0.7441720796875 0.35542039999999997 0.7183810734375 0.3550973296875 0.7153637015625 0.3657264734375 0.7294791265625 0.36493905 0.736194303125 0.4813951515625 0.7195484546875 0.48096566875 0.7208149546875 0.49590720624999995 0.751253603125 0.49491261406250003
3 0.6628357640625 0.36115227499999997 0.6679509859375 0.3654550078125 0.6929287109375 0.3664107171875 0.679589903125 0.35787865625 0.679311075 0.2699766046875 0.670870328125 0.26571256875000004 0.660857509375 0.2645827265625 0.6559055359375 0.2658867 0.64677845 0.266616078125 0.6479179515625 0.27719685312500003 0.6645455609375001 0.27700337343750003 0.6628357640625 0.36115227499999997
3 0.8882057359375001 0.275024028125 0.9141490390625 0.3663292890625 0.9450577093750001 0.36645012499999996 0.94387945625 0.3591283875 0.93377595 0.35488369999999997 0.8996638546875 0.2686589203125 0.8820960203125001 0.2651242640625 0.863914353125 0.26907490312500004 0.8640593640625 0.27405864375 0.8882057359375001 0.275024028125
3 0.692724771875 0.273486596875 0.7133684687499999 0.2747904109375 0.7496847953125 0.271794465625 0.7549812328125001 0.241367109375 0.8669163265625001 0.2405793 0.87430255625 0.21115698749999998 0.8916238828124999 0.212112296875 0.8877805999999999 0.202250703125 0.874779571875 0.2039459984375 0.8618384734375001 0.2076993015625 0.860512125 0.232933725 0.74368076875 0.23069047031249998 0.741817521875 0.26107786875 0.697276671875 0.2646841875 0.692724771875 0.273486596875
3 0.5306043625 0.2255323125 0.5316972015625 0.2630907515625 0.5213828375 0.2626960984375 0.519562465625 0.27095204375000004 0.5406282765625 0.2717117859375 0.54254651875 0.2346574796875 0.5462021375 0.2186600671875 0.544589409375 0.21044406875 0.539573428125 0.20329699687499997 0.5190195515625 0.20508019375000003 0.5164675765625 0.21180063750000003 0.5323049703125 0.2131603703125 0.5306043625 0.2255323125
5 0.36256 0.749296 0.029383623119538172 0.016742604670590567
3 0.3389905578125 0.674726896875 0.33654346562500004 0.685048840625 0.3387829171875 0.691198859375 0.3390972953125 0.7020033406249999 0.4448827296875 0.70231643125 0.471616296875 0.7004613421875 0.4786023515625 0.7044974421875 0.49813097968750003 0.7061318875 0.501348821875 0.6836458265625 0.4828398734375 0.6848905421875 0.48022810937499993 0.6895529953125 0.442418725 0.6884489312500001 0.4288508125 0.694268215625 0.358038440625 0.69200414375 0.3623358421875 0.6744552500000001 0.3389905578125 0.674726896875
5 0.486793 0.723388 0.01674723079967002 0.011909654002227299
2 0.436012 0.722797 0.016724498746358663 0.011128404002227121
2 0.460367 0.718392 0.01768760517284953 0.017387494668999894
2 0.52028 0.673761 0.035565426959604095 0.014471580004772555
2 0.330671 0.690311 0.023588264185764984 0.032294879336408934
5 0.308993 0.656454 0.017664873119538172 0.016606244668999893
0 0.3989058203125 0.684384646875 0.6258713515625 0.686453309375 0.6296826296875 0.661344071875 0.398171646875 0.65915270625 0.3989058203125 0.684384646875
0 1 0.6653671531249999 0.788320790625 0.6611265921875 0.7914879484374999 0.6952865265625 1 0.7008623875 1 0.6653671531249999
3 1 0.5117877 0.9939748578125001 0.493449065625 0.999406071875 0.4933858671875 0.9958157671875 0.4820287203125 0.9741620359375001 0.4847233046875 0.9679761890625 0.49619423593749995 0.9723448125 0.496957609375 1 0.57257515625 1 0.5117877
6 0.285768 0.165392 0.02000862311953817 0.016633516669318026
5 0.162157 0.196778 0.012750052586424943 0.008739200668363622
5 0.19968 0.196433 0.014335284639735945 0.009538632001908987
5 0.239524 0.196896 0.012750052586424764 0.008739200668363622
5 0.373967 0.196116 0.011187552586424588 0.008721019334818081
5 0.413834 0.195799 0.012840980799670021 0.011864200668363533
5 0.453746 0.193918 0.00895746285298138 0.012599997334499947
5 0.505285 0.1953 0.012772784639736124 0.009520450668363623
0 0.5481712015625 0.23793519531250001 0.6474995578125 0.23806983124999997 0.640312753125 0.20899344062499997 0.5472566249999999 0.206503234375 0.5481712015625 0.23793519531250001
0 0.765255740625 0.22576202812499999 0.8579235468749999 0.22539630625 0.8599157984374999 0.2014358859375 0.7660517875 0.203957321875 0.765255740625 0.22576202812499999
0 0.5450346781250001 0.2776322625 0.643390203125 0.277051384375 0.64640984375 0.25465721406249997 0.5448046843750001 0.253338375 0.5450346781250001 0.2776322625
0 0.7639130484375001 0.2779438046875 0.8602227843750001 0.2775377421875 0.8609564734375 0.25358994375 0.7613099828125 0.2540348328125 0.7639130484375001 0.2779438046875
0 0.7499676609375 0.37224860312499997 0.9083184078125001 0.371499640625 0.9042540359375 0.3486578765625 0.7464320296875 0.34906509531249996 0.7499676609375 0.37224860312499997
0 0.49905831406249995 0.3690940625 0.6603114015625 0.3720258421875 0.6634381203124999 0.348244296875 0.505512215625 0.3450797 0.49905831406249995 0.3690940625
0 0.45528954375 0.5036491 0.6483961359375 0.5031886140624999 0.6531185328125 0.468832625 0.46524500625 0.468874925 0.45528954375 0.5036491
0 0.7605401453125 0.506171328125 0.9563534359375 0.508585221875 0.9483484890625 0.471114159375 0.757583753125 0.47011818281249995 0.7605401453125 0.506171328125
1 1 0.60516201875 0.9717870812499999 0.5125030265625 0.6775861812499999 0.51110608125 0.6775981609375 0.6522087734375 1 0.6536732749999999 1 0.60516201875
1 0.337734478125 0.64739929375 0.6345996546875 0.6494826437500001 0.6490046234375 0.511876878125 0.393299040625 0.5069645421875 0.337734478125 0.64739929375
1 0.45746743125 0.46123945781250003 0.7224689984375 0.46373186874999994 0.7211086234375 0.377103321875 0.48422537656250003 0.37591585156249996 0.45746743125 0.46123945781250003
1 0.7558371109375 0.465217146875 0.9874737296875 0.465471453125 0.9602538031250001 0.37563524843749996 0.7486236796875 0.3780977875 0.7558371109375 0.465217146875
1 0.688562571875 0.343897009375 0.90426395 0.3463421578125 0.88669049375 0.2793661203125 0.6843759234375 0.2804056453125 0.688562571875 0.343897009375
1 0.45927933750000005 0.3426210984375 0.6533884359375 0.3439558453125 0.6510019625 0.279041146875 0.48423409531250006 0.27572317812499997 0.45927933750000005 0.3426210984375
5 0.426968 0.093573 0.01830973079967002 0.01192783533577262
5 0.399624 0.093255 0.015184730799670022 0.011891472668681758
5 0.372993 0.095289 0.01679269490629274 0.01347215400222721
5 0.223775 0.093553 0.019940426959604095 0.014289766669318072
5 0.194914 0.091654 0.023019962852981735 0.012763629336408932
5 0.443573 0.140657 0.01676996285298138 0.012690904002227166
5 0.412254 0.142637 0.012886444906292737 0.013426700668363578
5 0.384107 0.143091 0.01679269490629274 0.013472154002227166
5 0.223882 0.143571 0.015252926959604096 0.014235222668681758
5 0.194195 0.143226 0.025409176959604096 0.014353401336727111
5 0.162163 0.142853 0.018241534639736302 0.009584085335772619