2 0.623899 0.573376 0.016402927973732773 0.015389387023308564
2 0.629402 0.543044 0.013854460085908116 0.011401291469812235
2 0.64049 0.480817 0.014263895861557074 0.019213791469812235
2 0.482917 0.440876 0.01878762155129756 0.016252482576804894
2 0.46114 0.512905 0.01858290366347326 0.012346232576804894
2 0.454935 0.526777 0.008921298620519024 0.006550100362819755
2 0.351455 0.410457 0.011510710085908293 0.011319445916316085
2 0.32129 0.47828 0.016443871551297562 0.016170637023308565
2 0.311096 0.493577 0.014758540818602839 0.013772323320977619
2 0.212044 0.501858 0.021254202283992107 0.018678078130301045
2 0.159445 0.460105 0.012660452283992107 0.018377977767481467
2 0.177902 0.436486 0.014304839439121864 0.019995041469812236
2 0.209551 0.385152 0.011016065128862352 0.016760914065150522
2 0.230833 0.307627 0.012619508706427317 0.017596727767481467
2 0.257345 0.264723 0.014594766508343326 0.010647323320977708
2 0.269347 0.244792 0.014100121551297562 0.016088791469812236
2 0.297915 0.207439 0.015416960085908293 0.01145585517214318
2 0.425222 0.227538 0.017429839439121863 0.02010416887447395
2 0.402493 0.272922 0.017184177973732773 0.01541666887447395
2 0.396247 0.287575 0.01784259724103805 0.013100200725639333
2 0.368381 0.34139 0.015580734396167629 0.014580855172143182
2 0.498239 0.372536 0.013813516508343327 0.010620041469812236
2 0.521704 0.313089 0.014881371551297562 0.016116073320977708
2 0.527169 0.298409 0.018582903663473083 0.012346232576804894
2 0.543893 0.248118 0.01878762155129756 0.016252482576804894
2 0.684276 0.272588 0.01632104081860284 0.013826887023308565
2 0.674007 0.31919 0.015416960085908116 0.01145585517214318
2 0.66735 0.341655 0.01882856512886235 0.017033732576804805
2 0.652643 0.398277 0.022857645861557075 0.01951389183263199
2 0.609228 0.79358 0.014345783016686653 0.020776291469812237
2 0.550324 0.872139 0.016525758706427317 0.017733137023308386
2 0.495469 0.858483 0.021295145861557074 0.019459328130301046
2 0.443862 0.842593 0.014922315128862352 0.01689732332097762
2 0.390611 0.82821 0.015045145861557075 0.01924107332097762
2 0.103998 0.741499 0.01870573439616776 0.014689982576804895
2 0.148697 0.7548 0.016321040818602927 0.013826887023308565
5 0.476709 0.813215 0.01981453301668683 0.020967264427970277
5 0.396646 0.787722 0.01882856512886235 0.017033732576804895
5 0.102098 0.703081 0.015045145861556985 0.01924107332097762
5 0.031001 0.685727 0.019814533016686765 0.020967264427970277
1 0.593951 0.323438 0.11633873021229632 0.12181549101432534
1 0.335637 0.279197 0.09557917288534998 0.09769594473518968
1 0.253645 0.454785 0.0918400192218769 0.08586806733052796
1 0.551479 0.521539 0.13941438206674714 0.08596976025161904
4 0.5181244484375 0.3608172234375 0.529045896875 0.339628571875 0.5202193609375 0.3364443375 0.51492846875 0.3515982671875 0.5043329953125 0.366566959375 0.47571517031250005 0.3900136453125 0.45119602187499996 0.405454778125 0.4312975875 0.426329946875 0.42332590625 0.4380349234375 0.42977939843749996 0.4396982859375 0.44373953125 0.42292975625 0.4633872171875 0.406839171875 0.49978296875000006 0.383184765625 0.5181244484375 0.3608172234375