0 0.287804053125 0.9739555609374999 0.772991009375 0.9451013734375 0.7304278328125 0.7421168421875 0.343265390625 0.7648851859375 0.287804053125 0.9739555609374999
0 0.00285336875 0.9790012812500001 0.2481386390625 0.971631840625 0.3025576734375 0.7812876421875 0.00232010625 0.7943242453125 0.00285336875 0.9790012812500001
0 0.381650525 0.553459278125 0.4029817265625 0.488056875 0.20140133906250002 0.505023153125 0.160338653125 0.574186125 0.381650525 0.553459278125
0 0.40580781874999994 0.5570700640624999 0.6841808140625 0.5270552187499999 0.673515178125 0.4489352984375 0.42500597031250004 0.476611996875 0.40580781874999994 0.5570700640624999
0 0.46130764218750003 0.7007201015625 0.7583454921875 0.6736246703125001 0.7439469140625 0.5587382546875 0.4762395546875 0.58541475 0.46130764218750003 0.7007201015625
1 0.2444046421875 0.39148762812500004 0.25507024375 0.3947796484375 0.2604030796875 0.42294691718750005 0.258803221875 0.4391236625 0.258803221875 0.4599618234375 0.2529371234375 0.47917882812499996 0.2475522109375 0.4931345328125 0.2737351328125 0.48957641250000006 0.2732018 0.44792493125000005 0.2753349203125 0.4307761640625 0.272135275 0.40724546874999995 0.2748016578125 0.3948078296875 0.2598698171875 0.3775066875 0.2454711671875 0.38386046406249996 0.2444046421875 0.39148762812500004
1 0.4439255875 0.46081150312499997 0.4428589921875 0.473174634375 0.5105857874999999 0.45675956875 0.51111905 0.41126963281249995 0.6492389875 0.39347032656250003 0.6497722859375 0.3413500859375 0.6695037015625 0.34043108125 0.6652374609375 0.3235804 0.6369735296875 0.3267911859375 0.6348403734375 0.374249978125 0.5015199734375 0.3946673328125 0.49885359218750003 0.4525700421875 0.4700563625 0.45485848124999995 0.4439255875 0.46081150312499997
1 0.7284225390625 0.551013009375 0.7072312000000001 0.5255426609375 0.6858999265625 0.4375003875 0.646970359375 0.43173607187499996 0.646970359375 0.4449967109375 0.67363446875 0.4428076234375 0.69869871875 0.5515141609375 0.7284225390625 0.551013009375
1 0.789889871875 0.9581344953125001 0.8181537671875001 0.9596596734375 0.7589595234375001 0.6981509 0.7328287125 0.7107342625 0.789889871875 0.9581344953125001
1 0.2686635921875 0.9863139343749999 0.3448522515625 0.7316460828125 0.32138785937500003 0.73558054375 0.24459532031250003 0.9873207734375 0.2686635921875 0.9863139343749999
1 0.077007128125 0.74323254375 0.1719312234375 0.6014689640625 0.151133284375 0.5863354453125 0.061008692187500005 0.74492486875 0.0450102546875 0.7532475296875 0.04074394375 0.7657596890625 0.07455617812500001 0.7649538890625001 0.077007128125 0.74323254375
1 0.47135359218749995 0.569800971875 0.45588841718750006 0.5638909390625 0.42762448593749997 0.720546371875 0.40202693749999996 0.7397351999999999 0.4457560421875 0.7358040953125 0.44522278125000003 0.715937975 0.47135359218749995 0.569800971875
0 0.09455974687499999 0.7220573734375 0.3722885640625 0.7058550890624999 0.4026364203125 0.586836415625 0.1764069609375 0.6006400234375 0.09455974687499999 0.7220573734375
1 0.3796455984375 0.5615106109375 0.3916008078125 0.5772878546875 0.3971186453125 0.56723045 0.42470758281250004 0.4679410875 0.40355601874999997 0.4623926328125 0.3796455984375 0.5615106109375