2 0.218133 0.245391 0.03125 0.0171875
2 0.177508 0.353203 0.03515625 0.015625
2 0.156415 0.403203 0.0265625 0.01796875
2 0.107196 0.527422 0.0265625 0.01796875
2 0.061102 0.552422 0.0265625 0.01875
2 0.118915 0.621172 0.0203125 0.0265625
2 0.05954 0.774297 0.03515625 0.021875
2 0.031415 0.844609 0.025 0.0234375
2 0.244696 0.885234 0.021875 0.02265625
2 0.254071 0.854766 0.0328125 0.0265625
2 0.305633 0.697734 0.025 0.0171875
2 0.274383 0.636016 0.028125 0.02109375
2 0.311102 0.506328 0.028125 0.0203125
2 0.32204 0.478203 0.0265625 0.0203125
5 0.380633 0.220391 0.03515625 0.0203125
5 0.425946 0.268828 0.02890625 0.028125
5 0.463446 0.315703 0.0265625 0.0203125
5 0.537665 0.397734 0.021875 0.0171875
5 0.568133 0.431328 0.028125 0.02265625
5 0.593133 0.465703 0.028125 0.0203125
2 0.390008 0.700859 0.02421875 0.01796875
2 0.417352 0.749297 0.02421875 0.015625
2 0.381415 0.893828 0.0265625 0.0203125
2 0.377508 0.918828 0.02265625 0.01640625
2 0.482196 0.964922 0.025 0.015625
2 0.513446 0.811016 0.0203125 0.01640625
2 0.488446 0.741484 0.01796875 0.02109375
2 0.50954 0.653203 0.02421875 0.0125
2 0.51579 0.614922 0.015625 0.0171875
2 0.536102 0.535234 0.02421875 0.01796875
4 0.397529996875 0.3380213265625 0.41807106093749996 0.3914885078125 0.4071963796875 0.42501877343750005 0.436195528125 0.4458619125 0.44827850781249995 0.44767435781250003 0.4494868046875 0.42411255 0.45431999687499997 0.39964451875 0.47606935781250004 0.40961297500000005 0.496610421875 0.4322685609375 0.5183597843750001 0.45492414531250003 0.5473589328124999 0.4657988265625 0.5848161671875001 0.4775797296875 0.6053572296875 0.47486106093749997 0.6138153156249999 0.46308015625000004 0.5872327609375 0.4458619125 0.557025315625 0.4141440921875 0.529234465625 0.3969258484375 0.49056893281249997 0.3561457953125 0.44102872031249996 0.309928403125 0.3866553171875 0.2673359015625 0.36973914531249996 0.22111850937500002 0.327448721875 0.18033845625 0.30569935937500003 0.164026434375 0.29361638125 0.1341210625 0.2042023390625 0.14771441406250002 0.245284465625 0.18668201874999998 0.316574040625 0.2537425515625 0.397529996875 0.3380213265625
3 0.309324253125 0.6144194640625 0.325032125 0.5781705265625 0.340739996875 0.5301406875 0.3528229765625 0.4812046234375 0.362489359375 0.4358934546875 0.3769889328125 0.4050818578125 0.3842387203125 0.3751764859375 0.3649059546875 0.36430180624999997 0.3504063796875 0.41051919843749995 0.3153657421875 0.5219846765625 0.2924080828125 0.6126070171875 0.309324253125 0.6144194640625
3 0.3371151046875 0.63979371875 0.3455731890625 0.648855953125 0.3576561671875 0.645231059375 0.366114253125 0.62620036875 0.3673225515625 0.606263453125 0.373364040625 0.5881389859375 0.358864465625 0.579982975 0.34315659374999996 0.5772643046875 0.3346985078125 0.5981074421875 0.323823828125 0.6053572296875 0.3310736140625 0.623481696875 0.3371151046875 0.63979371875
3 0.22595170000000003 0.9506283453125001 0.213868721875 0.9868772796874999 0.2344097859375 0.9760025999999999 0.245284465625 0.9243478656249999 0.2730753171875 0.8409753140625 0.2984495734375 0.7557903140625 0.312949146875 0.712291590625 0.3322819125 0.7095729203125 0.3721557421875 0.7340409515624999 0.366114253125 0.7657587718750001 0.3528229765625 0.846412653125 0.320198934375 0.946097228125 0.30569935937500003 0.9886897265625001 0.3322819125 0.9977519609375 0.34315659374999996 0.9596905781249999 0.37457233749999996 0.8337255265625 0.3939051046875 0.7503529734375001 0.4023631890625 0.7131978140624999 0.37819723125000004 0.7050418031250001 0.34315659374999996 0.68963600625 0.3189906359375 0.6706053140625 0.29361638125 0.7349471765625 0.263408934375 0.8346317484375 0.22595170000000003 0.9506283453125001
1 0.242867871875 0.22293095625 0.132912765625 0.5065788796875 0.2658255296875 0.5863265375 0.362489359375 0.3117408484375 0.242867871875 0.22293095625
1 0.1486206375 0.595388771875 0.0048331921875 0.9814399390625 0.1594953171875 0.9941270671875 0.2924080828125 0.6479497296875001 0.1486206375 0.595388771875
1 0.450695103125 0.7286036124999999 0.379405528125 0.9941270671875 0.4651946765625 0.9941270671875 0.5086934015625 0.7639463234375 0.450695103125 0.7286036124999999
1 0.4833191453125 0.43408100781250003 0.41202957187499994 0.666074196875 0.48090255 0.6986982390625001 0.5304427625 0.4802984 0.4833191453125 0.43408100781250003