0 0.5136840968749999 0.781419065625 0.40878938125 0.9674892249999999 0.6129507875 0.9677555359375001 0.667343584375 0.8567074296875001 0.5136840968749999 0.781419065625
0 0.6255256203124999 0.5889017125 0.53771850625 0.744721290625 0.68456581875 0.8073200015625 0.7526874546875 0.6399915140625 0.6255256203124999 0.5889017125
0 0.47586926875 0.5380251015625 0.3815174953125 0.6526295156249999 0.5006679453125 0.692442159375 0.5780115765625 0.57799804375 0.47586926875 0.5380251015625
0 0.3470587765625 0.9206601093750001 0.47216449374999997 0.731337553125 0.3632936390625 0.6675921203125 0.2203344828125 0.84688438125 0.34303610625 0.9332990203125 0.3470587765625 0.9206601093750001
0 0.21332635 0.624890840625 0.087277575 0.744080671875 0.1797731890625 0.81087746875 0.30859999375 0.6739964984375 0.21332635 0.624890840625
0 0.3335598703125 0.51331639375 0.2389404453125 0.5978390015625 0.3308074109375 0.6450522249999999 0.41850291874999995 0.546880090625 0.3335598703125 0.51331639375
1 0.18139652343749998 0.6287337156249999 0.184062203125 0.6250497453125 0.1929961390625 0.6269470187499999 0.20770612812499997 0.6137573109375001 0.33004565937499997 0.6836327171875001 0.340426128125 0.6742181296875 0.34054299062500004 0.662975934375 0.3322928921875 0.6693220265625001 0.2100564453125 0.6029894359375 0.198449215625 0.6160165546874999 0.192923953125 0.6092096625 0.1832066171875 0.6109016656249999 0.18139652343749998 0.6287337156249999
1 0.21041378281249998 0.6000138390624999 0.2441804625 0.5704497328125 0.2419950890625 0.5563713421875 0.2274328046875 0.544124340625 0.2260824328125 0.5282280796875 0.2875820234375 0.47532978281249993 0.28458908437499997 0.4334992265625 0.2921725890625 0.4195002609375 0.2871592921875 0.4150319984375 0.2772048859375 0.42383290625000003 0.2766792 0.43627928593750004 0.2811702140625 0.468569371875 0.21922738125 0.5214908578124999 0.22054685312500003 0.5515816765625 0.2351091375 0.5638286796875 0.20517713437500001 0.5878694906249999 0.20465139062499998 0.6003158328125 0.21041378281249998 0.6000138390624999
1 0.0859501859375 0.7012510890625 0.0760129296875 0.7106424484375 0.0758789140625 0.721294171875 0.08038024375 0.723423746875 0.08609106562499999 0.7213503453125 0.092142071875 0.7157108765625 0.097749809375 0.7100946359375 0.097048821875 0.7012608046875 0.0951211625 0.696039478125 0.089101084375 0.6874844078125 0.0844451265625 0.6800405859375 0.0752019921875 0.6675148171874999 0.0726077078125 0.6546405984375 0.0728447796875 0.6475317140625 0.072569884375 0.6380841609375 0.0713569296875 0.6269116593749999 0.06927464375 0.6163761062499999 0.0649760515625 0.6059566875 0.059059059375 0.6009444328125 0.051523664062499995 0.6013393453125 0.0436652640625 0.6058907984374999 0.038466409374999996 0.6103028687500001 0.03701981875 0.62161473125 0.037957875 0.6233397 0.0403459890625 0.6291282640625 0.0459709046875 0.6241024953125 0.0505890375 0.6149898781250001 0.055602335937500004 0.6194581218749999 0.056200235937499995 0.6247491375 0.061265075 0.6309887921875 0.056698484375000004 0.641872815625 0.060519440625 0.6511345078125 0.062210028125000004 0.66346471875 0.0664398953125 0.6715222390625 0.07314375 0.6883206953125 0.0859501859375 0.7012510890625
1 0.20806502343750002 0.8091758515624999 0.19645779375 0.8222029703124999 0.19993859375 0.835030728125 0.20963874843750002 0.8327482546875 0.213796459375 0.8230684 0.2185004984375 0.816908171875 0.3628552359375 0.9110587984375 0.3791905515625 0.9232128812499999 0.3757132140625 0.9257606109375001 0.3687619421875 0.9462315515625 0.37829375 0.9534198406250001 0.3876674671875 0.93991840625 0.39484203125 0.9271235921875001 0.387148575 0.9068287796875 0.22507719062499998 0.798822340625 0.21345284062499997 0.8112589874999999 0.20806502343750002 0.8091758515624999
1 0.3087422890625 0.5007376609375 0.30386384375 0.5090585515625 0.3103297921875 0.509525053125 0.31525718281250004 0.5110409296875 0.321359734375 0.50717286875 0.3310083453125 0.503118984375 0.42181804375 0.5421213515625001 0.42423702656250006 0.5337153781249999 0.432916709375 0.542131065625 0.4362943640625 0.551416009375 0.448468565625 0.557874446875 0.4528977109375 0.5422666640625 0.443383084375 0.5356688453125 0.326709725 0.492699565625 0.32553456718749996 0.49808350468749996 0.3202326546875 0.4989527359375 0.316566328125 0.4950052703125 0.310429415625 0.49769239218749994 0.3087422890625 0.5007376609375
1 0.7626913656250001 0.6755844421874999 0.7708681890625 0.6771138234375 0.7785308468750001 0.6540665046874999 0.7701715671875 0.6531724984375 0.7669207296875 0.6560070640625 0.5998023625 0.59460800625 0.5969849828125 0.5894272671875 0.5946423171874999 0.58910599375 0.587307315625 0.5890463578125 0.5857851000000001 0.5940105078125 0.5854806671875 0.6064594343749999 0.5891675203125 0.6071542796875 0.59143278125 0.6048153843749999 0.600099071875 0.6048052515625 0.7625966140625 0.6677785734375 0.7626913656250001 0.6755844421874999
1 0.4932976203125 0.73760991875 0.48017949687500006 0.7671212374999999 0.49065570000000003 0.7728270562499999 0.49303447812499995 0.7629336421875 0.6889639812499999 0.8636738875000001 0.6882493140625 0.873480096875 0.698721628125 0.8782596734375 0.7084947421875001 0.847553171875 0.7006592031250001 0.84174734375 0.6935177046875001 0.8483380859375 0.5006868124999999 0.7509877234375 0.50319459375 0.745527875 0.4932976203125 0.73760991875