1 0.6189170078124999 0.6760010421875 0.7668332875 0.759613525 0.7566681265625 0.3726980109375 0.6130588953125 0.34777706406250003 0.6189170078124999 0.6760010421875
1 0.751323515625 0.328223878125 0.7441985359375 0.048749074999999996 0.6008797140625 0.0399164796875 0.6116317312499999 0.3087509578125 0.751323515625 0.328223878125
1 0.5775860890625 0.6038288359374999 0.5686283750000001 0.2850044828125 0.4742143453125 0.2725009578125 0.4863979734375 0.557530825 0.5775860890625 0.6038288359374999
1 0.565837621875 0.2110290171875 0.5590456671874999 0.0370930890625 0.46589491406250005 0.0320545109375 0.47356659843750004 0.2117592578125 0.565837621875 0.2110290171875
1 0.44770249062499995 0.2608324359375 0.439245565625 0.037092031250000004 0.3715575078125 0.031359220312500005 0.3831283984375 0.25183906718750004 0.44770249062499995 0.2608324359375
1 0.456388140625 0.57381636875 0.44986935156249996 0.3214108015625 0.3850102828125 0.30473946875 0.39030713437500003 0.532468946875 0.456388140625 0.57381636875
0 0.5815098359374999 0.589684571875 0.618305634375 0.60665278125 0.6089167390625 0.3488476328125 0.575973225 0.3443127140625 0.5815098359374999 0.589684571875
0 0.6043158484375 0.20789780625 0.5969489484375 0.035672537500000004 0.5632990078125 0.03676780625 0.569932496875 0.21461585625000001 0.6043158484375 0.20789780625
0 0.46884293593750004 0.208728059375 0.46574520625 0.0297749078125 0.441172915625 0.026775228125 0.44726233281249994 0.2092152515625 0.46884293593750004 0.208728059375
0 0.482125303125 0.536072628125 0.47555140781249994 0.3246507296875 0.4505589828125 0.3210352640625 0.456855284375 0.5276243421875 0.482125303125 0.536072628125
0 0.3596419546875 0.4644062171875 0.356855709375 0.33430667812500003 0.3058223765625 0.33564166093750003 0.31352922968749997 0.45823215937499995 0.3596419546875 0.4644062171875
0 0.3628019125 0.46197405468749997 0.38483051874999996 0.471105640625 0.3845477421875 0.338535734375 0.364834265625 0.33523932031250003 0.3628019125 0.46197405468749997
0 0.3276802015625 0.17172822031249999 0.321444096875 0.05189249218749999 0.294539740625 0.0470302453125 0.3000695765625 0.1692479953125 0.3276802015625 0.17172822031249999
0 0.3748631328125 0.186825071875 0.3697410484375 0.048740953125 0.3487228578125 0.0511459 0.3518474984375 0.184612503125 0.3748631328125 0.186825071875
0 0.7956344484375 0.52060188125 0.808518653125 0.5161199437499999 0.8052292578125 0.41738535624999995 0.78923548125 0.3972684609375 0.7621183921875 0.39132874375000004 0.761072496875 0.38807284375 0.776169353125 0.6930085125 0.7942593718750001 0.7019107 0.8073974671874999 0.6747699484374999 0.7996305875 0.5923437328125 0.798205128125 0.56173854375 0.7956344484375 0.52060188125
6 0.134901 0.271604 0.013264133374611475 0.017134292093374803
6 0.135788 0.33622 0.012519270678164319 0.017870039462538935
2 0.092894 0.303657 0.012519270678164673 0.017870039462538935
2 0.10841 0.305091 0.014045383374611475 0.017179794724210672
2 0.129788 0.398121 0.011701633374611475 0.017043286831702885
2 0.06632 0.472718 0.011774407981717161 0.018605786831702886
2 0.062453 0.438662 0.012592045285270359 0.019432539462538933
5 0.060032 0.507366 0.014681084160400103 0.01410029735504672
2 0.109612 0.53019 0.011665246071058278 0.016262036831702888
2 0.108521 0.553627 0.014118157981717516 0.01874229472421085
2 0.122834 0.614345 0.013264133374611475 0.017134292093374803
0 0.807545209375 0.20395483906249998 0.8200486890625 0.1559622921875 0.813652053125 0.053785109374999994 0.75573336875 0.049719142187499996 0.7598603859375 0.1880883609375 0.774707240625 0.1904074390625 0.7851071828125 0.1910131671875 0.793393534375 0.16968050625 0.8017398640625 0.17307531874999998 0.807545209375 0.20395483906249998
5 0.655173 0.024703 0.010066358767505612 0.015389781570031102
5 0.6535 0.060641 0.014863020678164408 0.018006547355046653
5 0.650863 0.10053 0.014081770678164495 0.017961044724210718
5 0.702354 0.065586 0.013936221463952769 0.014836044724210717
5 0.699336 0.096927 0.014081770678164407 0.017961044724210718
5 0.693292 0.29362 0.01709760876750561 0.015799305247554418
5 0.693326 0.326342 0.01858733416039975 0.014327810509226246
5 0.693251 0.361407 0.01593536910658786 0.02430204998588259
6 0.628146 0.186778 0.017769696856846907 0.013501057878390376
3 0.8258445812499999 0.26333164062500003 0.8317876468750001 0.2585441578125 0.8393962265624999 0.256420475 0.8394470328124999 0.24923631875000002 0.8361158453125 0.243908671875 0.8307567062500001 0.2364094234375 0.82517893125 0.2324910140625 0.8157340984375001 0.23656118125 0.8093807 0.24081142031249997 0.80114590625 0.2377650015625 0.7959785171875 0.23438382343750003 0.7855690609375 0.234290921875 0.7849908484375 0.23015032500000002 0.77568328125 0.23001774218749999 0.776622103125 0.265598421875 0.7920790703125 0.2664986875 0.7972492109375 0.26166615000000004 0.8027310828124999 0.2635255390625 0.8150726921875 0.2637309765625 0.8258445812499999 0.26333164062500003
3 0.5930882484375 0.29665603281249997 0.5823402828125 0.297570140625 0.5807917875 0.3056937734375 0.5858096640625 0.32241369375 0.58821846875 0.34103510625 0.6379205078125 0.3490635828125 0.6895306703124999 0.35668978125 0.7653628593749999 0.3713737953125 0.796084990625 0.3690562515625 0.79264805 0.32008646406249996 0.781446896875 0.3173698875 0.774912059375 0.3447216890625 0.7070001296874999 0.3346058796875 0.59515856875 0.31628447187500003 0.5948468890624999 0.309592584375 0.5930882484375 0.29665603281249997
6 0.037949 0.345814 0.01508134449948173 0.022694047355046633
6 0.063395 0.200972 0.014081770678164674 0.017961044724210673
6 0.0433 0.197468 0.011738020678164674 0.017824536831702886
3 0.3689205109375 0.2578153921875 0.36602668125000004 0.26956503593750003 0.374695603125 0.27098672343749997 0.3690930171875 0.1950257140625 0.34095171562500004 0.1892611375 0.33188100625 0.0388386234375 0.306307409375 0.029098075 0.3005083796875 0.0228012265625 0.2995966546875 0.040167015625000003 0.3241351328125 0.0498472828125 0.3312211890625 0.2019877765625 0.36098067968750003 0.20555463125 0.3630547546875 0.25747375156249996 0.3689205109375 0.2578153921875
3 0.5832411984375 0.25654636875 0.5960078531249999 0.257289940625 0.5919441171875001 0.2217570640625 0.5902856375 0.215701375 0.5819403171875 0.21384015625 0.45910185937500003 0.2140198828125 0.458880221875 0.23142588125 0.4562269125 0.2335633125 0.4566452 0.24915992656250002 0.46775819375000005 0.25211221875 0.46375367343749996 0.232626509375 0.573911109375 0.23354176249999997 0.581996984375 0.2372214609375 0.5832411984375 0.25654636875
3 0.46825337187500005 0.2849075640625 0.4594987953125 0.2816473078125 0.45934138124999996 0.30043221875000004 0.3733421109375 0.28625548749999996 0.368399403125 0.2983442015625 0.3687822453125 0.31395183125 0.36918444375 0.3293324734375 0.3798186375 0.32926316093749997 0.3799999625 0.303603765625 0.45426770000000005 0.3170972140625 0.468781015625 0.318400909375 0.46825337187500005 0.2849075640625
3 0.5963582875 0.63969388125 0.5986106 0.6597358375 0.6083083453125 0.6603006671875 0.6050167531249999 0.6179449234375001 0.5987634015625 0.6158238593750001 0.46819453437499997 0.5496579421875001 0.4649319296875 0.58343336875 0.474711725 0.5857598265624999 0.4767001984375 0.571820965625 0.5850372671875 0.6325927765625 0.5963582875 0.63969388125
3 0.34137413125 0.4790254296875 0.3549844421875 0.47864692187499996 0.37223059062499997 0.4808226140625 0.3718959703125 0.4925153625 0.3764954984375 0.4968825234375 0.38231123125 0.489608303125 0.3817368921875 0.4772770046875 0.38033564062499997 0.46606878281249997 0.3569728859375 0.4647080578125 0.340854490625 0.46786853749999996 0.31559176875 0.4634691015625 0.3145332078125 0.4973729203125 0.32246773281249996 0.49783505312500004 0.323902759375 0.49089129531250003 0.3247602203125 0.48098582968750003 0.3274597796875 0.4823143 0.34137413125 0.4790254296875
4 0.270004125 0.05100154531249999 0.2694603640625 0.02988785 0.2609515 0.017094428124999998 0.2603980828125 0.0240895328125 0.2616046890625 0.0405569359375 0.2630059390625 0.0517651671875 0.2633614828125 0.059398823437500005 0.261595034375 0.0686657375 0.2601053078125 0.0744350890625 0.2575666453125 0.085999446875 0.2569585296875 0.0918201453125 0.2533468109375 0.09922275625 0.251084871875 0.10728957187499999 0.252072653125 0.11905933906249999 0.2529784140625 0.12906748125 0.2531425125 0.13259071875 0.2546215015625 0.15155770625 0.2598575765625 0.154063840625 0.26036595 0.1177855203125 0.2596548625 0.10251820781250001 0.2655285203125 0.08704880312499999 0.27087930937500004 0.06979209374999999 0.270004125 0.05100154531249999
2 0.118101 0.74941 0.009357883374611475 0.016906778939195278
6 0.090974 0.211053 0.013336907981717161 0.018696792093374805
6 0.087624 0.600813 0.014118157981717162 0.018742294724210674