4 0.9275166562500001 0.5507434703125 0.995394096875 0.4612392296875 0.9745251984375001 0.4520788234375 0.9466175046874999 0.4991399875 0.895259246875 0.5601131265625 0.8474087765625 0.6298425890625 0.8117372093749999 0.6709399281249999 0.7680491953125 0.6973928875000001 0.7346740578125 0.742881015625 0.7313440921875001 0.777502215625 0.730100075 0.8092804078125001 0.7570489890625 0.76653426875 0.793057325 0.737011003125 0.809281834375 0.6983525875 0.8714486890625001 0.6361852406249999 0.9275166562500001 0.5507434703125
4 1 0.38676857187499997 0.9600404296875 0.438729671875 0.9144021921875 0.509956403125 0.870471034375 0.5653192921875 0.8371800921875 0.6137009390625 0.8136032375 0.6232726375000001 0.7789652078125 0.6253579874999999 0.7620998171875 0.6047245296875 0.7476665796875 0.6304126218749999 0.742914775 0.6534344937500001 0.7849799046875 0.64573889375 0.795124396875 0.6589870234374999 0.783693790625 0.676070328125 0.7980943671875 0.6865259609375001 0.827255515625 0.6452770906249999 0.9043513296875 0.5371922765625 0.9849128328125 0.436417025 1 0.39726014374999996 1 0.38676857187499997
1 0.55886884375 0.4771030234375 0.62505299375 0.292137925 0.4524238859375 0.2100478484375 0.3995973421875 0.40689008125 0.55886884375 0.4771030234375
1 0.3699636953125 0.394634115625 0.4119816421875 0.19898608906249998 0.2239089828125 0.10786188125 0.20292831875 0.3184573515625 0.3699636953125 0.394634115625
1 0.72330368125 0.501171196875 0.8030559171875 0.335317034375 0.68743976875 0.2747948609375 0.6154514046874999 0.4466128484375 0.72330368125 0.501171196875
1 0.3198313203125 0.684068940625 0.3450963796875 0.5834524296875 0.20411210781250003 0.5454722796875 0.21494901562500002 0.6570495281250001 0.3198313203125 0.684068940625
1 0.45868754999999994 0.72344534375 0.49084189218749996 0.636001196875 0.3759413828125 0.6000739281249999 0.3538052453125 0.6964259296875001 0.45868754999999994 0.72344534375
1 0.7589897703124999 0.6841700125 0.54855161875 0.6069830374999999 0.5194840984375 0.6887159109375001 0.70801038125 0.758163984375 0.7589897703124999 0.6841700125
1 0.9383296031249999 0.40063407968750003 0.8481752078125 0.35805389062500004 0.75827848125 0.510659921875 0.853774028125 0.550472871875 0.9383296031249999 0.40063407968750003
2 0.205122 0.023657 0.028275764185764985 0.032667682845659754
2 0.376995 0.108072 0.02584108597251955 0.029488131458888935
2 0.443665 0.145537 0.04298312186589683 0.02832567496187499
2 0.580109 0.219758 0.0337899782923877 0.03435746941479163
2 0.660191 0.20835 0.028048443652651578 0.02485518284565975
2 0.773615 0.269544 0.023247283386094962 0.020839830072118027
2 0.634245 0.148411 0.03351719365265158 0.02498246941479172
2 0.820345 0.292492 0.02315635517284953 0.017714830072118028
2 0.92111 0.347926 0.019591085972519552 0.029342661094166722
2 0.37236 0.378094 0.017042747492717503 0.022256859707395903
2 0.519309 0.437726 0.030323997492717504 0.022565984232430482
2 0.171536 0.291444 0.02333821159934022 0.023964830072118116
2 0.172858 0.47104 0.022716085972519572 0.029415396276527873
2 0.317903 0.518917 0.031841033386094876 0.021039851823611143
2 0.343867 0.525767 0.02662233597251955 0.029506315254479176
2 0.468509 0.570047 0.03130983597251955 0.029615418028020812
2 0.738464 0.617708 0.025886550079142267 0.031050631458888846