2 0.988208 0.10147 0.03515625 0.0390625
2 0.906177 0.302251 0.0390625 0.03203125
2 0.876489 0.369439 0.0390625 0.028125
2 0.80149 0.531158 0.0484375 0.0234375
2 0.813989 0.633501 0.03359375 0.028125
2 0.762427 0.760845 0.0375 0.0296875
2 0.735083 0.81397 0.03515625 0.0234375
2 0.691333 0.925689 0.0375 0.0234375
2 0.521802 0.80147 0.03359375 0.0265625
2 0.563208 0.681939 0.0296875 0.025
2 0.578052 0.655376 0.040625 0.02265625
2 0.622583 0.518658 0.0375 0.02109375
2 0.588208 0.455376 0.04296875 0.0265625
2 0.646021 0.290533 0.03515625 0.0296875
2 0.656177 0.252251 0.0296875 0.028125
2 0.720239 0.065533 0.04296875 0.025
2 0.413208 0.709283 0.03515625 0.01796875
2 0.481177 0.453033 0.0296875 0.02109375
2 0.375708 0.40772 0.03515625 0.02109375
2 0.316333 0.624908 0.028125 0.02265625
2 0.453833 0.39522 0.02421875 0.01796875
2 0.495239 0.248345 0.03125 0.02265625
2 0.503833 0.221001 0.02578125 0.0296875
2 0.364771 0.224126 0.04296875 0.02109375
2 0.342896 0.331939 0.03125 0.028125
2 0.379614 0.171001 0.03515625 0.03515625
2 0.401489 0.060845 0.02578125 0.015625
2 0.535864 0.06397 0.0203125 0.01953125
5 0.504614 0.954595 0.0390625 0.025
5 0.446802 0.896001 0.03125 0.03046875
5 0.402271 0.856939 0.0390625 0.02265625
5 0.353833 0.805376 0.04296875 0.0265625
5 0.32649 0.764751 0.03359375 0.025
5 0.285864 0.725689 0.040625 0.0359375
5 0.248365 0.696001 0.03359375 0.028125
4 0.6175595234375 0.7435825890625 0.645461309375 0.7170758921875 0.682663690625 0.6863839281249999 0.703125 0.6570870531249999 0.7459077375 0.6236049109375 0.7719494046875 0.6068638390625 0.7533482140625 0.5831473218750001 0.703125 0.6026785718750001 0.643601190625 0.6291852671875 0.6138392859375 0.6612723218750001 0.5859375 0.6696428578125 0.5729166671875 0.693359375 0.5394345234375 0.7393973218750001 0.5133928562500001 0.771484375 0.4985119046875 0.7840401781249999 0.448288690625 0.8091517859374999 0.4427083328125 0.830078125 0.4166666671875 0.8607700890625001 0.3980654765625 0.8719308031249999 0.36830357187499996 0.888671875 0.3552827390625 0.9026227671875 0.3255208328125 0.9263392859374999 0.3385416671875 0.9430803578125 0.372023809375 0.9402901781249999 0.412946428125 0.9486607140625001 0.485491071875 0.8663504468750001 0.5561755953125 0.80078125 0.58407738125 0.771484375 0.6175595234375 0.7435825890625
1 0.26785714375 0.0083705359375 0.061383928125 0.01953125 0.1655505953125 0.2580915171875 0.2604166671875 0.48967633906249997 0.42410714374999997 0.40876116093750003 0.26785714375 0.0083705359375
1 0.23809523906250002 0.5580357140625 0.35714285625 0.8579799109374999 0.4836309515625 0.7700892859375 0.379464284375 0.481305803125 0.23809523906250002 0.5580357140625
1 0.5133928562500001 0.012555803125 0.5989583328125 0.34040178593750003 0.6715029765625 0.2985491078125 0.6026785718750001 0.005580357812500001 0.5133928562500001 0.012555803125
1 0.5710565484375 0.39341517812500004 0.6305803562500001 0.64453125 0.6975446437499999 0.5887276781249999 0.6491815484375 0.3655133921875 0.5710565484375 0.39341517812500004
3 0.3469576859375 0.0499490171875 0.33299344375 0.0588109390625 0.445781546875 0.3891189515625 0.55534713125 0.3415868234375 0.4747842015625 0.042698353125 0.445781546875 0.0467264984375 0.5306411671875 0.3222517203125 0.4758583734375 0.34642059999999997 0.4490040640625 0.3504487453125 0.3469576859375 0.0499490171875
3 0.42107558125000005 0.45598618437500005 0.5037868546875 0.71056504375 0.5134544078125 0.708953784375 0.432891478125 0.4535692953125 0.42107558125000005 0.45598618437500005
3 0.4758583734375 0.417315978125 0.484451753125 0.43423419374999994 0.46189413281249997 0.44551300312500003 0.4887484421875 0.481766321875 0.5424570625 0.45034677968750003 0.5220477859375 0.4052315375 0.4758583734375 0.417315978125