2 0.646602 0.389359 0.019514003954332716 0.01940476442797028
2 0.792588 0.454699 0.018365339429596263 0.029506450725639333
2 0.755614 0.670905 0.02582767095052709 0.021185519237293705
2 0.372379 0.552685 0.02155400642579064 0.031178078130301046
2 0.59676 0.594945 0.029924921939110227 0.02600942849312098
2 0.542437 0.564883 0.030084089429596263 0.029915678493120802
2 0.428259 0.50613 0.04027217292769336 0.031051592558271324
2 0.347695 0.505664 0.021363005437207504 0.026490578130301045
2 0.249941 0.466262 0.033431923916276675 0.03549355589778251
2 0.342181 0.314575 0.012514587452429815 0.01994047776748147
2 0.443715 0.357239 0.021857753954332714 0.019486609981466608
2 0.31962 0.31144 0.022462590418179395 0.03433035998146661
2 0.678194 0.266849 0.022639003954332715 0.01951389183263199
2 0.805541 0.309632 0.03783292243340188 0.028625997004775083
2 0.802344 0.196078 0.03603034190105418 0.041825401451278846
2 0.706647 0.163789 0.02126750494291585 0.024146828130301133
2 0.441818 0.134982 0.02624150642579064 0.03134176923729368
2 0.49342 0.251009 0.03448508794672147 0.02304811960011337
2 0.536797 0.165681 0.03631684338392897 0.04885665145127884
2 0.302535 0.17393 0.031646589429596264 0.029970242195451656
2 0.122019 0.399206 0.019864172433401706 0.02799851442797028
2 0.20874 0.44057 0.03086533942959626 0.029942960344286274
1 0.2574672421875 0.5903367390625001 0.39726878593750004 0.512524525 0.364147384375 0.36421026562500003 0.22581580781250002 0.4116437234375 0.2574672421875 0.5903367390625001
1 0.561846665625 0.4446783234375 0.5121370062499999 0.30127583125 0.3948963046875 0.3479727765625 0.4534936765625 0.49684155781249995 0.561846665625 0.4446783234375
1 0.7468332296875 0.3992260453125 0.6592736593749999 0.28386231875 0.5790243937499999 0.3213245984375 0.6517649875 0.4451487140625 0.7468332296875 0.3992260453125
1 0.861981465625 0.34104886562500003 0.7724056328125 0.22936595468749998 0.7067283625 0.2655972875 0.7775233890625 0.381546446875 0.861981465625 0.34104886562500003
1 0.6766634859375 0.125841271875 0.63748043125 0.06799888750000001 0.5813436828125 0.08584502031249999 0.608206053125 0.1470059796875 0.6766634859375 0.125841271875
1 0.450018521875 0.15902874375 0.4105416578125 0.0939758015625 0.3244143828125 0.12009004375000001 0.3501244703125 0.1928445453125 0.450018521875 0.15902874375
1 0.7530853703125 0 0.7479791453125 0.0020411734375 0.9601135968750001 0.1975381921875 1 0.1427250078125 1 0.1380046328125 0.8284063890625 0 0.7530853703125 0
1 0.2182370875 0.2357803953125 0.29386219687500004 0.198367878125 0.28414447656249997 0.1465497859375 0.22693055156250003 0.15579183125 0.2182370875 0.2357803953125