2 0.311364 0.622772 0.016402927973732773 0.015389387023308564
2 0.305861 0.59244 0.013854460085908116 0.011401291469812235
2 0.294773 0.530213 0.014263895861557074 0.019213791469812235
2 0.452346 0.490272 0.01878762155129756 0.016252482576804894
2 0.474123 0.562301 0.01858290366347326 0.012346232576804894
2 0.480329 0.576173 0.008921298620519024 0.006550100362819755
2 0.583808 0.459853 0.011510710085908293 0.011319445916316085
2 0.613973 0.527676 0.016443871551297562 0.016170637023308565
2 0.624167 0.542973 0.014758540818602839 0.013772323320977619
2 0.723219 0.551254 0.021254202283992107 0.018678078130301045
2 0.775818 0.509501 0.012660452283992107 0.018377977767481467
2 0.757361 0.485882 0.014304839439121864 0.019995041469812236
2 0.725712 0.434548 0.011016065128862352 0.016760914065150522
2 0.70443 0.357023 0.012619508706427317 0.017596727767481467
2 0.677919 0.314119 0.014594766508343326 0.010647323320977708
2 0.665917 0.294188 0.014100121551297562 0.016088791469812236
2 0.637348 0.256835 0.015416960085908293 0.01145585517214318
2 0.510042 0.276934 0.017429839439121863 0.02010416887447395
2 0.53277 0.322318 0.017184177973732773 0.01541666887447395
2 0.539017 0.336971 0.01784259724103805 0.013100200725639333
2 0.566883 0.390786 0.015580734396167629 0.014580855172143182
2 0.437025 0.421932 0.013813516508343327 0.010620041469812236
2 0.413559 0.362485 0.014881371551297562 0.016116073320977708
2 0.408094 0.347805 0.018582903663473083 0.012346232576804894
2 0.39137 0.297514 0.01878762155129756 0.016252482576804894
2 0.250988 0.321984 0.01632104081860284 0.013826887023308565
2 0.261257 0.368586 0.015416960085908116 0.01145585517214318
2 0.267913 0.391051 0.01882856512886235 0.017033732576804805
2 0.28262 0.447673 0.022857645861557075 0.01951389183263199
2 0.326035 0.842976 0.014345783016686653 0.020776291469812237
2 0.38494 0.921535 0.016525758706427317 0.017733137023308386
2 0.439794 0.907879 0.021295145861557074 0.019459328130301046
2 0.491401 0.891989 0.014922315128862352 0.01689732332097762
2 0.544652 0.877606 0.015045145861557075 0.01924107332097762
2 0.831265 0.790895 0.01870573439616776 0.014689982576804895
2 0.786566 0.804196 0.016321040818602927 0.013826887023308565
5 0.458554 0.862611 0.01981453301668683 0.020967264427970277
5 0.538617 0.837118 0.01882856512886235 0.017033732576804895
5 0.833165 0.752477 0.015045145861556985 0.01924107332097762
5 0.904262 0.735123 0.019814533016686765 0.020967264427970277
1 0.341313 0.372834 0.11633873021229632 0.12181549101432534
1 0.599626 0.328593 0.09557917288534998 0.09769594473518968
1 0.681618 0.504181 0.0918400192218769 0.08586806733052796
1 0.383785 0.570935 0.13941438206674714 0.08596976025161904
4 0.5181244484375 0.3608172234375 0.529045896875 0.339628571875 0.5202193609375 0.3364443375 0.51492846875 0.3515982671875 0.5043329953125 0.366566959375 0.47571517031250005 0.3900136453125 0.45119602187499996 0.405454778125 0.4312975875 0.426329946875 0.42332590625 0.4380349234375 0.42977939843749996 0.4396982859375 0.44373953125 0.42292975625 0.4633872171875 0.406839171875 0.49978296875000006 0.383184765625 0.5181244484375 0.3608172234375