2 0.926596 0.046953 0.03515625 0.0390625
2 0.844565 0.247734 0.0390625 0.03203125
2 0.814877 0.314922 0.0390625 0.028125
2 0.739878 0.476641 0.0484375 0.0234375
2 0.752377 0.578984 0.03359375 0.028125
2 0.700815 0.706328 0.0375 0.0296875
2 0.673471 0.759453 0.03515625 0.0234375
2 0.629721 0.871172 0.0375 0.0234375
2 0.46019 0.746953 0.03359375 0.0265625
2 0.501596 0.627422 0.0296875 0.025
2 0.51644 0.600859 0.040625 0.02265625
2 0.560971 0.464141 0.0375 0.02109375
2 0.526596 0.400859 0.04296875 0.0265625
2 0.584409 0.236016 0.03515625 0.0296875
2 0.594565 0.197734 0.0296875 0.028125
2 0.658627 0.011016 0.04296875 0.025
2 0.351596 0.654766 0.03515625 0.01796875
2 0.419565 0.398516 0.0296875 0.02109375
2 0.314096 0.353203 0.03515625 0.02109375
2 0.254721 0.570391 0.028125 0.02265625
2 0.392221 0.340703 0.02421875 0.01796875
2 0.433627 0.193828 0.03125 0.02265625
2 0.442221 0.166484 0.02578125 0.0296875
2 0.303159 0.169609 0.04296875 0.02109375
2 0.281284 0.277422 0.03125 0.028125
2 0.318002 0.116484 0.03515625 0.03515625
2 0.339877 0.006328 0.02578125 0.015625
2 0.474252 0.009453 0.0203125 0.01953125
5 0.443002 0.900078 0.0390625 0.025
5 0.38519 0.841484 0.03125 0.03046875
5 0.340659 0.802422 0.0390625 0.02265625
5 0.292221 0.750859 0.04296875 0.0265625
5 0.264878 0.710234 0.03359375 0.025
5 0.224252 0.671172 0.040625 0.0359375
5 0.186753 0.641484 0.03359375 0.028125
4 0.6175595234375 0.7435825890625 0.645461309375 0.7170758921875 0.682663690625 0.6863839281249999 0.703125 0.6570870531249999 0.7459077375 0.6236049109375 0.7719494046875 0.6068638390625 0.7533482140625 0.5831473218750001 0.703125 0.6026785718750001 0.643601190625 0.6291852671875 0.6138392859375 0.6612723218750001 0.5859375 0.6696428578125 0.5729166671875 0.693359375 0.5394345234375 0.7393973218750001 0.5133928562500001 0.771484375 0.4985119046875 0.7840401781249999 0.448288690625 0.8091517859374999 0.4427083328125 0.830078125 0.4166666671875 0.8607700890625001 0.3980654765625 0.8719308031249999 0.36830357187499996 0.888671875 0.3552827390625 0.9026227671875 0.3255208328125 0.9263392859374999 0.3385416671875 0.9430803578125 0.372023809375 0.9402901781249999 0.412946428125 0.9486607140625001 0.485491071875 0.8663504468750001 0.5561755953125 0.80078125 0.58407738125 0.771484375 0.6175595234375 0.7435825890625
1 0.26785714375 0.0083705359375 0.061383928125 0.01953125 0.1655505953125 0.2580915171875 0.2604166671875 0.48967633906249997 0.42410714374999997 0.40876116093750003 0.26785714375 0.0083705359375
1 0.23809523906250002 0.5580357140625 0.35714285625 0.8579799109374999 0.4836309515625 0.7700892859375 0.379464284375 0.481305803125 0.23809523906250002 0.5580357140625
1 0.5133928562500001 0.012555803125 0.5989583328125 0.34040178593750003 0.6715029765625 0.2985491078125 0.6026785718750001 0.005580357812500001 0.5133928562500001 0.012555803125
1 0.5710565484375 0.39341517812500004 0.6305803562500001 0.64453125 0.6975446437499999 0.5887276781249999 0.6491815484375 0.3655133921875 0.5710565484375 0.39341517812500004
3 0.3469576859375 0.0499490171875 0.33299344375 0.0588109390625 0.445781546875 0.3891189515625 0.55534713125 0.3415868234375 0.4747842015625 0.042698353125 0.445781546875 0.0467264984375 0.5306411671875 0.3222517203125 0.4758583734375 0.34642059999999997 0.4490040640625 0.3504487453125 0.3469576859375 0.0499490171875
3 0.42107558125000005 0.45598618437500005 0.5037868546875 0.71056504375 0.5134544078125 0.708953784375 0.432891478125 0.4535692953125 0.42107558125000005 0.45598618437500005
3 0.4758583734375 0.417315978125 0.484451753125 0.43423419374999994 0.46189413281249997 0.44551300312500003 0.4887484421875 0.481766321875 0.5424570625 0.45034677968750003 0.5220477859375 0.4052315375 0.4758583734375 0.417315978125