1 0.25788594374999996 0.27664246718749996 0.10472697500000001 0.2809489328125 0.079379184375 0.6517219640625 0.24188771875 0.6546522640625 0.25788594374999996 0.27664246718749996
1 0.1250973453125 0.003426871875 0.10379756874999999 0.2646861734375 0.25788594374999996 0.2646861734375 0.264622028125 0.008284159374999999 0.1250973453125 0.003426871875
1 0.3193528984375 0.017075109375 0.313458796875 0.273477121875 0.45575897187500003 0.26615132343750003 0.45407495156250005 0.011214509374999999 0.3193528984375 0.017075109375
1 0.3084306796875 0.28563941875 0.3050386375 0.664673315625 0.4599690515625 0.66027781875 0.45912701250000004 0.279337721875 0.3084306796875 0.28563941875
1 0.5038010484375001 0.0018142296874999997 0.5113318234374999 0.26615132343750003 0.6519479203125 0.2676164734375 0.6376337734375 0.0053538609375 0.5038010484375001 0.0018142296874999997
1 0.513986234375 0.28886470468750003 0.5205939671875 0.6500217203124999 0.6746823421875 0.6441611203125001 0.6561580578124999 0.27787257187500003 0.513986234375 0.28886470468750003
3 0.2907886375 0.30107992499999997 0.2739483734375 0.311336021875 0.08954756875 0.311336021875 0.0835892640625 0.2981496234375 0.0743913265625 0.29375412500000003 0.0701812453125 0.33331331875000003 0.29499871718750004 0.33477851875 0.2907886375 0.30107992499999997
3 0.481925525 0.2366131328125 0.4861356609375 0.21903133437500003 0.28256030781249997 0.22113369375 0.282368534375 0.2571253296875 0.2907886375 0.2585904296875 0.29415667968750003 0.23807833281250002 0.481925525 0.2366131328125
3 0.6966388718750001 0.3640816140625 0.6974808546875 0.32891791875 0.6823246109375 0.311336021875 0.489503703125 0.3084057234375 0.49202976249999997 0.289358725 0.48163438281250004 0.28886470468750003 0.481925525 0.33477851875 0.6680104640625 0.33038301875 0.6739045640625 0.3640816140625 0.6966388718750001 0.3640816140625
3 0.4878196265625 0.623649021875 0.49118766718750007 0.636835321875 0.4979238640625 0.6353702203125 0.4937137265625 0.5987413265625 0.2731063921875 0.6016716265625 0.2731063921875 0.6397657203125 0.282368534375 0.64562631875 0.2806845140625 0.626579321875 0.4878196265625 0.623649021875
3 0.7320033640625 0.5738337296875 0.7454756421875001 0.56943823125 0.760631884375 0.5489261328125 0.7639999265624999 0.5709034296875 0.7715779921875 0.56357763125 0.765683890625 0.5181578390625 0.7564217484375 0.5210881374999999 0.74126550625 0.5518564328125 0.7025329734375 0.5577170312499999 0.7103380859375 0.601717471875 0.7218992390625 0.5987413265625 0.717689215625 0.5752989281249999 0.7320033640625 0.5738337296875
3 0.717689215625 0.2058449359375 0.7235833171875 0.173611540625 0.7168471203125 0.0168400125 0.7050590328124999 0.002188465625 0.7168471203125 0.1824024390625 0.691586753125 0.1882630390625 0.69327083125 0.26005562968749996 0.6848506703125 0.2585904296875 0.6871899390625 0.296927921875 0.7000069140625 0.2849632265625 0.7025329734375 0.2102403375 0.717689215625 0.2058449359375
3 0.7488436843749999 0.15456454375 0.7623158484375 0.1692160421875 0.7623158484375 0.15602964375 0.7564217484375 0.12965689687499998 0.7404235234375001 0.136982646875 0.727793340625 0.1457735453125 0.7316343828125 0.1727544 0.7429495828125 0.1867979390625 0.743791565625 0.1648206421875 0.7488436843749999 0.15456454375
3 0.7682099499999999 0.2322177328125 0.7690519328125001 0.2029146375 0.7623158484375 0.1999843375 0.7547377843749999 0.21317063749999998 0.7488436843749999 0.22635703437500002 0.7429495828125 0.22049643593749998 0.743791565625 0.21317063749999998 0.733687440625 0.2102403375 0.7353714046875 0.25566013125 0.7505276484375 0.24979953125 0.760631884375 0.24100863125 0.7682099499999999 0.2322177328125
0 0.26973835 0.0109794140625 0.2630022109375 0.2087752359375 0.3067868625 0.21170553593750002 0.31099694218749996 0.0109794140625 0.26973835 0.0109794140625
0 0.25848623437499996 0.342081928125 0.25205604843749996 0.578464275 0.298366759375 0.5755339734375 0.3034188203125 0.3381790078125 0.25848623437499996 0.342081928125
2 0.22319 0.502924 0.01796875 0.02890625
2 0.223971 0.579487 0.01640625 0.0234375
2 0.23569 0.156049 0.0125 0.02265625
2 0.426315 0.164643 0.0109375 0.0265625
2 0.431002 0.501362 0.015625 0.03515625
2 0.434127 0.577924 0.0125 0.0234375
2 0.637252 0.559174 0.01171875 0.0203125
2 0.618502 0.22558 0.01171875 0.0171875
5 0.686471 0.059955 0.01640625 0.021875
5 0.689596 0.103705 0.01171875 0.025
5 0.712252 0.383393 0.0125 0.021875
5 0.716159 0.434955 0.01328125 0.0203125
5 0.721627 0.490424 0.01015625 0.0203125
6 0.675534 0.411518 0.01015625 0.021875
6 0.681784 0.484955 0.0125 0.01875
6 0.686471 0.556049 0.01015625 0.015625
5 0.852096 0.052143 0.01953125 0.0359375
5 0.859127 0.091205 0.015625 0.0203125
5 0.863815 0.13808 0.01171875 0.0234375
5 0.86694 0.199799 0.015625 0.0203125
5 0.870065 0.22558 0.01640625 0.02109375
5 0.888815 0.374018 0.02109375 0.025
5 0.895065 0.424799 0.01640625 0.03359375
5 0.902877 0.480268 0.015625 0.02421875
2 0.737252 0.653705 0.01171875 0.0171875
2 0.692721 0.659955 0.0125 0.0234375
4 0.8205448140625 0.618002459375 0.808014909375 0.6511804953125 0.7992985171875 0.678670884375 0.76715673125 0.68909826875 0.7241194171875 0.6928900328125 0.67890300625 0.68909826875 0.6424029859375 0.680566765625 0.556873115625 0.6824626484375 0.507843265625 0.6957338890625 0.41523134375000004 0.68909826875 0.3869029796875 0.6872023875 0.393985065625 0.7052133 0.4680746171875 0.7071091828125 0.5083880578125 0.7109009484375 0.531268659375 0.7023694453125 0.5655895453124999 0.6957338890625 0.6102612 0.6966817984375 0.6413134375 0.6928900328125 0.6543880625 0.6995256546874999 0.6680074796875 0.7071091828125 0.72902240625 0.7099530390625 0.7938507359375 0.6995256546874999 0.8221790828125 0.67013938125 0.8347089890625 0.644544875 0.8494179171875 0.6350654625 0.8722984828125 0.6350654625 0.9327686906249999 0.615158634375 0.9289552515624999 0.596199746875 0.9087985390625001 0.5905120687500001 0.895723878125 0.5772408609374999 0.876656753125 0.5601778562499999 0.8532313578125 0.5592299140625 0.820186053125 0.5666793703125 0.8205448140625 0.5886161875 0.8341641578125 0.6009394546875 0.8205448140625 0.618002459375
0 0.500753315625 0.0051743 0.4565522296875 0.005347265625 0.45935030625 0.21372199531249997 0.5040219984375 0.2070863765625 0.500753315625 0.0051743
0 0.5111040484375 0.3345671890625 0.461943834375 0.330878153125 0.46261899062499995 0.5781888015625001 0.5138279765625 0.582928540625 0.5111040484375 0.3345671890625
0 0.7181190156249999 0.3685410609375 0.6668248359375 0.3746996171875 0.6767160078125001 0.5704531359375 0.7317384328125 0.552442221875 0.7181190156249999 0.3685410609375
0 0.6985070609374999 0.02762074375 0.6464565484375 0.02412789375 0.656559296875 0.1887712203125 0.7083130390625 0.1792918078125 0.6985070609374999 0.02762074375
4 0.8436700359374999 0.1317943421875 0.8461283125 0.161736959375 0.8485865875 0.18882790625 0.8485865875 0.21734468749999997 0.8420312593749999 0.2344547 0.8338370453125 0.24871313750000001 0.8133515625 0.25584235781250003 0.7904078046875 0.2601198125 0.791227303125 0.2743782515625 0.8362953203125001 0.28293325625 0.8518642515625 0.27295236875 0.8608778546875 0.2444355875 0.8616972437499999 0.221622190625 0.8657942953125 0.181698734375 0.8625166312499999 0.14747856718750002 0.85923896875 0.1218135015625 0.8502253640624999 0.093296721875 0.8485865875 0.0662057734375 0.8453089234375 0.039114873437499996 0.840392371875 0.026282317187499998 0.8313787687499999 0.006320540625 0.8133515625 0.0091722578125 0.8338370453125 0.044818212499999996 0.839572984375 0.0818899984375 0.8420312593749999 0.108980946875 0.8436700359374999 0.1317943421875
2 0.115377 0.730268 0.01640625 0.01484375
2 0.178659 0.727924 0.01171875 0.01953125
2 0.327096 0.726362 0.01015625 0.01640625