2 0.586339 0.698144 0.0265625 0.03359375
2 0.486339 0.541894 0.02109375 0.0203125
2 0.351964 0.431738 0.02578125 0.034375
2 0.387902 0.390332 0.02734375 0.02265625
2 0.454308 0.488769 0.02265625 0.02421875
2 0.647277 0.379394 0.01796875 0.01953125
2 0.669152 0.397363 0.01640625 0.02421875
2 0.798839 0.523925 0.0234375 0.01953125
2 0.321495 0.322363 0.021875 0.025
2 0.302745 0.291113 0.0140625 0.02265625
2 0.273839 0.236425 0.0265625 0.034375
2 0.404308 0.180957 0.01328125 0.015625
2 0.463683 0.243457 0.02421875 0.02890625
2 0.55587 0.284863 0.01484375 0.01484375
2 0.76837 0.291113 0.0203125 0.015625
2 0.921495 0.396582 0.01796875 0.01484375
2 0.675401 0.221582 0.01640625 0.01640625
2 0.785558 0.168457 0.01328125 0.01484375
2 0.862901 0.21455 0.02265625 0.015625
4 0.5367630890624999 0.146389934375 0.5110093046874999 0.143679009375 0.4872887140625 0.131028028125 0.464245853125 0.1183770453125 0.4229042515625 0.1111479125 0.4073164359375 0.1012078546875 0.39308408125 0.1066297046875 0.3883399625 0.12650981875 0.3978282 0.1391608015625 0.43984753125 0.1491008578125 0.45611307968750003 0.15090814218749998 0.468312240625 0.15090814218749998 0.477122746875 0.1536190671875 0.4601794671875 0.16536640625000001 0.4662790484375 0.1789210296875 0.473734090625 0.174402821875 0.48254459531249994 0.16627004843749998 0.47847820937499996 0.18343923906249998 0.48051140312499996 0.18163195468749999 0.49203283124999997 0.1888610875 0.5021988000000001 0.18072831250000002 0.5096538421875 0.18072831250000002 0.520497540625 0.179824671875 0.54692905625 0.18163195468749999 0.5699719171875001 0.1960902203125 0.6133467125000001 0.21506669218750002 0.637745034375 0.23223588125 0.66620974375 0.24307958125 0.689930334375 0.234043165625 0.688574871875 0.20060842656250003 0.6601101625 0.1879574453125 0.6228349484375 0.1725955390625 0.574038303125 0.1581372734375 0.5367630890624999 0.146389934375
1 0.41477147812500004 0.3117563390625 0.17282145 0.562065053125 0.3530979421875 0.714780478125 0.5631946046875 0.393987721875 0.41477147812500004 0.3117563390625
1 0.5462513265625 0.21054848437499998 0.45475761718749996 0.3171781890625 0.5909815828125 0.3985059296875 0.6750202484375001 0.2566342046875 0.5462513265625 0.21054848437499998
1 0.18434287968750002 0.1897647296875 0.00474411875 0.30723813125 0.0230428609375 0.407542346875 0.2731256625 0.236754090625 0.18434287968750002 0.1897647296875
2 0.655089 0.140332 0.01953125 0.01640625
2 0.605089 0.106738 0.015625 0.0140625
2 0.572276 0.191113 0.0125 0.01484375
2 0.558214 0.17705 0.0125 0.01484375
1 0.33229913125 0.2539655890625 0.4345450171875 0.160515046875 0.36115885625 0.1308307578125 0.2547901515625 0.206690609375 0.33229913125 0.2539655890625
5 0.90587 0.515332 0.02734375 0.01875
3 0.35538691093749997 0.327626603125 0.3710536203125 0.3089364953125 0.302614840625 0.26276093437500003 0.28529900625 0.2803516234375 0.32652718593749996 0.3012405671875 0.35538691093749997 0.327626603125
1 0.7322124765625 0.115438903125 0.766844146875 0.06486566875000001 0.45515910625 0 0.3999133453125 0.026386035937500003 0.7322124765625 0.115438903125
5 0.24337 0.131738 0.01328125 0.0171875
5 0.298839 0.112988 0.0171875 0.015625
5 0.351183 0.097363 0.01171875 0.0203125
5 0.400401 0.081738 0.0140625 0.015625
5 0.441808 0.066894 0.0140625 0.01796875
5 0.484777 0.061425 0.0203125 0.01640625
5 0.522277 0.046582 0.00859375 0.0109375
5 0.560558 0.038769 0.01484375 0.01328125