2 0.120412 0.626041 0.04068922970746054 0.04982887440943671
2 0.383121 0.602422 0.043691498782184014 0.0429067518140986
2 0.183268 0.782829 0.02348809293798535 0.048447423683797376
2 0.418766 0.810572 0.03465741801906326 0.06211061960011355
2 0.206043 0.835156 0.02553183400953163 0.031341769237293704
2 0.250017 0.938973 0.029519904626382674 0.03616567849312098
2 0.445466 0.953605 0.03100058400953163 0.03153274219545175
2 0.657766 0.591713 0.03018810633066593 0.0744469284931208
2 0.918195 0.616423 0.032050615259119654 0.09168899219545175
2 0.651097 0.835862 0.03239548863591431 0.06671627404661713
2 0.883927 0.80027 0.025654564934808378 0.03837301923729371
2 0.86461 0.856592 0.02553183400953154 0.031341769237293704
2 0.836641 0.953992 0.0201449046263825 0.03583829627913602
2 0.793037 0.997307 0.023269904626382676 0.019436908769704785
2 0.637599 0.957192 0.02553183400953163 0.031341769237293704
2 0.624491 1.0 0.02550456047058134 0.010526961398185364
1 0.37080710156249996 0.9403186984374999 0.2948329 0.5886853703125 0.08847046562500001 0.58982119375 0.21649605312500003 0.9377107578125001 0.37080710156249996 0.9403186984374999
1 0.7924050703125001 0.729802975 0.8267465656249999 0.5474747437499999 0.6242646125 0.5320617609375 0.6089637031249999 0.730348859375 0.7924050703125001 0.729802975
1 0.723033390625 1 0.72643571875 0.9513471656249999 0.764055503125 0.9568319546874999 0.78049774375 0.8239316125 0.61881305 0.8168951 0.602337340625 1 0.723033390625 1
5 0.54931 0.730027 0.0217483149348082 0.03823660998146643
5 0.503285 0.732323 0.029025026785361164 0.05254464664195542
6 0.120578 0.456619 0.026217626623205436 0.025900301088459088
6 0.270769 0.472794 0.023065353084255058 0.024228673683797552
6 0.427936 0.486091 0.03244035308425506 0.024556055897782515
6 0.598181 0.488132 0.028588650162155817 0.027544646641955238
6 0.75265 0.481034 0.028588650162155817 0.02754464664195542
6 0.91252 0.47022 0.015307400162155815 0.027080855172143002
6 0.970229 0.555778 0.02262502232113448 0.043732641832631994
6 0.91994 0.716423 0.018432400162155815 0.027189982576804893