0 0.66525 0.358402 0.1224473388775003 0.34948082594338975
0 0.503773 0.421724 0.12458653733537269 0.33783027210332384
0 0.333315 0.373532 0.12047573579324525 0.32599786183676704
0 0.351057 0.763057 0.117009816556366 0.30637568362352174
0 0.510496 0.80688 0.11363935470581303 0.29222225541027635
0 0.664215 0.746911 0.12395924593951495 0.30189277210332366
1 0.7844828953125 0.4994188046875 0.7845244578125 0.457738059375 0.7770950671875 0.45597362031250005 0.7766644703125001 0.46390859375 0.7584617703125 0.4644382375 0.7580497453125 0.5060431890625 0.6151688421875 0.5042587671875001 0.6156007703124999 0.5290039015625 0.7646006265625 0.5226878375 0.766788275 0.48499244375000006 0.7758550734375 0.482748015625 0.7778725375 0.500514878125 0.7844828953125 0.4994188046875
1 0.6171729874999999 0.61907621875 0.6162974718750001 0.58061230625 0.6090351984375 0.5767297359375 0.61175973125 0.6023984703124999 0.6055198390625 0.6035703359375 0.46051910156250003 0.6107603765625 0.4594837296875 0.5840521562500001 0.4498136046875 0.584333528125 0.450003653125 0.5952213890625 0.452142096875 0.6199169046875 0.45803770312500003 0.631629059375 0.6086404875 0.6193244890625 0.6171729874999999 0.61907621875
1 0.77204965625 0.862749653125 0.7737884296875001 0.820821146875 0.7663935937499999 0.821036315625 0.7660493453125 0.8339203359375 0.751828525 0.83433411875 0.75070943125 0.8680371656249999 0.618705428125 0.8698974796875 0.6157749015625 0.8650311890625 0.609500453125 0.864223453125 0.60946723125 0.8949239875 0.61700024375 0.9026272437499999 0.6167065328125 0.8858005625 0.7555019671875 0.8817620265624999 0.7578623890625 0.853964728125 0.7657742421875 0.8507635656250001 0.77204965625 0.862749653125
1 0.46816189374999995 0.914101775 0.46730930312499996 0.8693510968749999 0.46103485624999996 0.8685433609375 0.46069064375 0.8814273796875 0.3162586453125 0.8886008703125 0.308708353125 0.8799077796875 0.308296290625 0.92151273125 0.3151223515625 0.9213141140625 0.3165869109375 0.90740715625 0.4570370671875 0.9003495906250001 0.4633115140625 0.9011572953125 0.46241569374999997 0.9150477031250001 0.46816189374999995 0.914101775
1 0.6168579765625 0.20977019375 0.6171840468750001 0.1652975671875 0.6086683546875 0.1644542875 0.6079972125 0.1912121453125 0.5977754734375 0.192499871875 0.5181042078125 0.1928374578125 0.4446901125 0.192992978125 0.4430859265625 0.16630132656250002 0.436949696875 0.173412025 0.43796771406249996 0.19913043125000002 0.4382441484375 0.21496732500000001 0.44570812968749995 0.2187113671875 0.6094803796875 0.210975165625 0.6168579765625 0.20977019375
1 0.45676823437499997 0.5481942281250001 0.4557515796875 0.5006570546875 0.45063211093750005 0.500806015625 0.44856410625 0.512749853125 0.2926518046875 0.5143155546875 0.28454989999999997 0.5066287859374999 0.28330994375 0.5334032125 0.28250050781249997 0.5522426015625 0.2916190984375 0.552967615625 0.29132538750000003 0.5361409359375 0.308373184375 0.5346545578125 0.3629812109375 0.5330656265625 0.40507489531249996 0.531840825 0.43522305 0.530963603125 0.440342596875 0.5308146390624999 0.44603087812500003 0.530649128125 0.4492206375 0.550362490625 0.45676823437499997 0.5481942281250001
1 0.7817851250000001 0.5616412359375 0.7813186437499999 0.5349164953125001 0.772907084375 0.5420933859375 0.7720458546875 0.5579633984375 0.7729256546875 0.57576333125 0.7727887703125 0.6005250171875 0.77818600625 0.64889310625 0.7948204078125001 0.6563315390625 0.7968205968750001 0.67310863125 0.7960816390625001 0.728587371875 0.798703803125 0.78099743125 0.7922073765625 0.8326824734375 0.79698396875 0.8780976734375001 0.803035146875 0.8987181171874999 0.8016050671875 0.9146046828125 0.8018815 0.9304415265625 0.81194774375 0.920245575 0.808964053125 0.879729765625 0.7993789437500001 0.8522799796875 0.8035096953125 0.6976716671875 0.8007665906250001 0.638333025 0.7819259671875 0.6349199421875 0.781753196875 0.625021915625 0.78233799375 0.5933150578124999 0.7817851250000001 0.5616412359375
1 0.8323780203125001 0.2974195828125 0.8359438828125001 0.24086824999999998 0.8284972156249999 0.238114009375 0.8294116078125 0.25789357968750004 0.8233272093749999 0.26797370625 0.8195686359375 0.2482768921875 0.8165171687500001 0.23648198125 0.8050541046875 0.2318639625 0.7953666265625 0.23115553281249998 0.7941598546875 0.22722942499999998 0.795538103125 0.20837345156249998 0.7890736078125 0.19667785 0.78073115625 0.20781398437499998 0.7813358546875 0.24245718125 0.785455915625 0.2502597765625 0.7929371359374999 0.254993621875 0.802055725 0.255718603125 0.8117259265625 0.255437228125 0.8130363624999999 0.2653021875 0.8179152859375 0.283976096875 0.819829125 0.2958041078125 0.8323780203125001 0.2974195828125