1 0.23842516875 0.9692069703125 0.7236849234375 0.9500356421875 0.6658208890624999 0.746455025 0.2786033390625 0.7620093875 0.23842516875 0.9692069703125
1 1 0.7425308453125 0.7066974046875 0.7588280890625 0.7633018015624999 0.9437856984374999 1 0.9274647843749999 1 0.7425308453125
1 0.6029157281249999 0.47553764843749996 0.6249963953125001 0.5388286140625 0.8464295046875 0.53764923125 0.8045842890625 0.4725507890625 0.6029157281249999 0.47553764843749996
1 0.3223228265625 0.54237006875 0.600894209375 0.544830575 0.5807702484374999 0.4662728078125 0.3320736734375 0.463194428125 0.3223228265625 0.54237006875
1 0.24990383125 0.6962806031250001 0.5470959843750001 0.6939741796875001 0.5308304640625 0.5801468421875 0.2629577828125 0.579968965625 0.24990383125 0.6962806031250001
3 0.7321099578125 0.464263903125 0.7583200921875 0.46523034531249996 0.7527757078125 0.4518076578125 0.7466891796875 0.4331713 0.7464467046875 0.4123331390625 0.74465948125 0.39631475312500003 0.7496616703125001 0.36761962187499997 0.7602831859375 0.3632718828125 0.7591284890625001 0.3557502859375 0.7446637093749999 0.3508217390625 0.729941278125 0.3696008875 0.732750940625 0.3817746 0.7298268343750001 0.40562200624999994 0.7321583421875 0.42255962968749994 0.7321099578125 0.464263903125
3 0.334820415625 0.354293140625 0.35455183125 0.35325906093750004 0.3556913140625 0.4053265125 0.4939435109375 0.4094542203125 0.49500580781250003 0.45489137187499995 0.5628869046875 0.4646026 0.561677028125 0.4523450453125 0.5354911453125 0.4489785390625 0.5066828953125 0.44954055156250006 0.5033442 0.3919017703125 0.36985847656250004 0.3846809390625 0.3671742421875 0.33743329375000003 0.33888826875 0.337020171875 0.334820415625 0.354293140625
3 0.2783838515625 0.5707070625 0.3080973953125 0.5682660453125 0.3318831453125 0.4570785609375 0.3585582765625 0.4566283390625 0.358403975 0.44336770000000003 0.3195625796875 0.452985403125 0.2992673328125 0.5431391203125 0.2783838515625 0.5707070625
3 0.1934562890625 0.9882356390625 0.22168711874999997 0.9839128031250001 0.2758385921875 0.7308644546874999 0.24957552187499998 0.7208676109375001 0.1934562890625 0.9882356390625
3 0.6638481171875 0.7133729953125 0.7429588140625001 0.9604994250000001 0.7670257578124999 0.9591239015624999 0.6873455734375 0.71498486875 0.6638481171875 0.7133729953125
3 0.9316829 0.6984472015625001 0.934385271875 0.7199259421875001 0.9681885578125 0.7173848890625 0.9637789671875 0.7052950234375001 0.9476923578124999 0.6985559453125 0.8557712546875 0.548887371875 0.83516068125 0.56607954375 0.9316829 0.6984472015625001
3 0.563349203125 0.7075999171875 0.5630473953124999 0.727518821875 0.6067985421875 0.727121465625 0.580991584375 0.7104663734375001 0.5509201203125 0.556608603125 0.535532096875 0.564049434375 0.563349203125 0.7075999171875
1 0.6361265687500001 0.6902977453125 0.9138933984375001 0.6790094515625 0.8306777234375 0.5656936265625 0.6044102515625001 0.574283009375 0.6361265687500001 0.6902977453125
3 0.580967578125 0.4575723625 0.6096969 0.554130875 0.6153287749999999 0.5636421046875 0.6270939203125 0.5466814921875 0.6020431171875 0.4499302515625 0.580967578125 0.4575723625
0 0.29598678437500003 0.7564711234375 0.5565123640625 0.7441802859375 0.5510994203124999 0.701396071875 0.30081070312499997 0.7068389703125 0.29598678437500003 0.7564711234375
0 0.7039512375 0.7418867703124999 0.9293276015625 0.73247834375 0.9026852984374999 0.6895835046875 0.6852346875 0.701693978125 0.7039512375 0.7418867703124999
0 0.6360399296875 0.5722486921875001 0.8206582390625 0.5667786953125 0.8071332124999999 0.54393711875 0.6305015734375 0.5439420546875 0.6360399296875 0.5722486921875001
0 0.3244077546875 0.576161590625 0.5295230546874999 0.5753077578125 0.5244579375 0.54697631875 0.329340021875 0.5454268046874999 0.3244077546875 0.576161590625
0 0.6204577609374999 0.4652937796875 0.730189490625 0.46784771875000003 0.72459245 0.4344976359375 0.6156949093749999 0.43599928906249996 0.6204577609374999 0.4652937796875
0 0.36524824218749996 0.4610794484375 0.4845448484375 0.46137644375000003 0.4845388828125 0.4201636015625 0.3648054015625 0.4264385671875 0.36524824218749996 0.4610794484375
0 0.6188571171875 0.4172385453125 0.7253836390624999 0.41692276875 0.720883603125 0.3557593859375 0.6199727328125 0.351795965625 0.6188571171875 0.4172385453125
0 0.3787692546875 0.37789428125 0.474484103125 0.382971096875 0.48013755312499995 0.3397794640625 0.3764262859375 0.3393271625 0.3787692546875 0.37789428125