0 0.469708 0.254519 0.31953125 0.1421875
0 0.837677 0.269362 0.259375 0.125
0 0.878302 0.441237 0.26015625 0.11796875
0 0.529083 0.437331 0.296875 0.12421875
0 0.471271 0.620925 0.29609375 0.12265625
0 0.822833 0.61155 0.26796875 0.1140625
1 0.30680317343749997 0.5409113734375001 0.28109622500000003 0.5392728531250001 0.28300043750000003 0.550742403125 0.32584535 0.5491039015625 0.329653771875 0.5387266859375 0.3334621953125 0.531080325 0.329653771875 0.52671096875 0.3267974234375 0.35412158125 0.282798296875 0.3499437015625 0.28300043750000003 0.36286028593749997 0.307755246875 0.3617679421875 0.3048989625 0.5338111609375 0.30680317343749997 0.5409113734375001
1 0.6790776000000001 0.39617659375000003 0.682886021875 0.5338111609375 0.656227 0.5343573296875 0.6571790734375 0.5420037078125 0.6733649015625 0.5430960421875 0.6971676390625 0.5409113734375001 0.7009760609375 0.53326499375 0.703832409375 0.37159898125 0.68764651875 0.35794476249999996 0.6628569078125001 0.357758634375 0.66574805625 0.3688681453125 0.6847902968749999 0.3694143125 0.6790776000000001 0.3808838546875 0.6790776000000001 0.39617659375000003
1 0.5924356984375 0.36906375625 0.627663703125 0.3685176078125 0.628615840625 0.3603250421875 0.6143342234375 0.3581403734375 0.6105258015625 0.3499478453125 0.6133820859375 0.1882818328125 0.627663703125 0.18664333125000002 0.626711628125 0.1789969609375 0.5867230640625001 0.176266115625 0.5914836234374999 0.20575923281250003 0.5895794125 0.3625097484375 0.5924356984375 0.36906375625
1 0.9209131359375 0.367971421875 0.9199610625 0.37397928125 0.9532847921875 0.37397928125 0.9532847921875 0.36906375625 0.9447158734375 0.3663329015625 0.9494763703125001 0.20903625468749998 0.9599495625 0.20739775312500003 0.9666143359375001 0.2002975515625 0.95423699375 0.2002975515625 0.9399553781250001 0.2002975515625 0.9275779078124999 0.1997513828125 0.932338403125 0.20794392031250003 0.9332906046874999 0.242352553125 0.92852998125 0.3668790859375 0.9209131359375 0.367971421875
1 0.9209131359375 0.6791797640625 0.892349903125 0.6802720984375 0.8913978281249999 0.6966571546875 0.8913978281249999 0.7075805374999999 0.9209131359375 0.703757346875 0.9152004390625 0.6988418234375 0.9066315203125 0.697203340625 0.9056794453125001 0.6906492953125001 0.9342426796875 0.6911954812500001 0.9390031750000001 0.685187621875 0.9399553781250001 0.538814321875 0.9523327187499999 0.536629653125 0.9507800984375001 0.5290860203125 0.9085357953125 0.53062179375 0.9171047140624999 0.5382681546875 0.9228174109375 0.539360490625 0.9209131359375 0.6791797640625
1 0.561016115625 0.697203340625 0.5581598296875 0.7152269171875 0.5629203265625 0.725057928125 0.5895794125 0.7261502984375 0.5943399078125 0.717957734375 0.57815408125 0.7124960609375 0.58005829375 0.7086728718749999 0.606717315625 0.7092190578124999 0.608621525 0.545914515625 0.6295679140625 0.54482218125 0.6272591328125 0.5326929140625001 0.5838667156249999 0.5360834859375 0.5924356984375 0.5573840671875 0.5914836234374999 0.6977494890625 0.561016115625 0.697203340625
1 0.717161953125 0.74161829375 0.7409646890625 0.7448952984375 0.9132962906250001 0.736156603125 0.9428115984375 0.7476261531249999 0.9856565765624999 0.7465338187499999 0.9818481531250001 0.7356104359375 0.95138064375 0.7367027703125 0.9332906046874999 0.7334257484375 0.9066315203125 0.7285102234374999 0.736204065625 0.738341271875 0.7247787984375 0.717586859375 0.70859290625 0.7121251671875 0.6552748625 0.71649450625 0.6514664390625 0.7093943125 0.616789196875 0.7124363812500001 0.6238552796875 0.72141003125 0.639089034375 0.7208638640625 0.70859290625 0.7192253609375 0.717161953125 0.74161829375
1 0.36964233750000003 0.7705652546875 0.387732378125 0.773296071875 0.351552234375 0.7738422578125 0.35726493125 0.7880426453125 0.3829718171875 0.786950309375 0.40582241718749995 0.7825809718750001 0.40201399374999996 0.7727499234375 0.374402834375 0.7585495359375 0.3677381265625 0.7399797734375 0.35821700624999997 0.724687053125 0.321537053125 0.7292685453125001 0.3267974234375 0.7399797734375 0.3477438109375 0.738341271875 0.352504371875 0.76510354375 0.36964233750000003 0.7705652546875
1 0.66765233125 0.7683805484375 0.6733649015625 0.7787577828125001 0.678125525 0.78421945625 0.68955079375 0.785311790625 0.706688759375 0.7820347859375001 0.7190661 0.7814886375000001 0.703832409375 0.771111403125 0.6924071421875 0.7683805484375 0.6924071421875 0.762918875 0.7076408328125 0.7623726890625 0.7026426578125 0.7527133453125 0.6809817453125 0.7530878265625 0.66670013125 0.7530878265625 0.6590832843750001 0.7623726890625 0.66765233125 0.7683805484375
1 0.770479996875 0.77001906875 0.7409646890625 0.775480778125 0.7523899578125001 0.7803962656250001 0.77428841875 0.777665446875 0.7866658875 0.771111403125 0.7866658875 0.761826540625 0.783809540625 0.754726346875 0.772384271875 0.7481723031249999 0.760006803125 0.7487184890624999 0.737193440625 0.7509098984375 0.7428688375 0.7596418703125 0.7561983796875 0.7596418703125 0.770479996875 0.761826540625 0.770479996875 0.77001906875
1 0.353387684375 0.16931405 0.386600065625 0.1729430125 0.422975634375 0.1756647375 0.4593512015625 0.18020092031249998 0.47674819062499996 0.165685103125 0.47674819062499996 0.159334415625 0.47042192656250004 0.14935478124999998 0.4419542140625 0.1502620328125 0.4213940421875 0.15207650625 0.396089409375 0.15298374374999998 0.3945078171875 0.15570546875 0.38976325156249997 0.1575199421875 0.353387684375 0.15661270624999998 0.2996151265625 0.15661270624999998 0.27323053750000004 0.15390400937499998 0.288544403125 0.170221303125 0.31226754843750004 0.170221303125 0.315430628125 0.1684068140625 0.353387684375 0.16931405