1 0.49034387500000004 1 0.5100880703125 0.9803865734375 0.501561465625 0.9649698953125 0.504492125 0.9481289796875 0.3839350703125 0.865004671875 0.3233689140625 0.822167615625 0.298694 0.8461115359375 0.310529975 0.8556870406250001 0.31974485937499997 0.8415287812500001 0.4875669375 0.9663350765625 0.49684585312499996 0.976696515625 0.482674271875 0.985666684375 0.4888501625 1 0.49034387500000004 1
1 0.6117279046874999 0.8128156000000001 0.6211641609375 0.8164170437499999 0.6258208125 0.807225440625 0.8411978124999999 0.9339840421875 0.8353511749999999 0.9397661656249999 0.8486209515625 0.9466627781250001 0.858103396875 0.91662294375 0.8543957515624999 0.91230938125 0.839806209375 0.9119698062499999 0.6342834296875 0.79812239375 0.6357094234375 0.7913918984375 0.6263715046875 0.783565446875 0.6117279046874999 0.8128156000000001
1 0.3083163453125 0.6235735640625 0.304549759375 0.6217949890625001 0.29693775 0.62161781875 0.2864541703125 0.6357465765625 0.28940944062499996 0.6451153781250001 0.2959494296875 0.636813034375 0.30532668125 0.6429494671875 0.32025057343749996 0.6289240859375 0.4467330203125 0.7028863203125 0.44580361562500004 0.71554651875 0.45404993125 0.7157384546875 0.46488947343750003 0.7013682328125 0.46419421875 0.6889199671874999 0.46042755 0.687141390625 0.4557905625 0.6954880265625001 0.44958500937499996 0.6894253875 0.3231813171875 0.6120831718749999 0.31670033124999997 0.617850528125 0.3083163453125 0.6235735640625
1 0.743269309375 0.6421517703124999 0.9291622578125001 0.726796815625 0.9270429328124999 0.7360475046875 0.9392246609375 0.742186534375 0.9460088390625 0.7119707046875 0.9351072328125 0.7167897171875001 0.75244494375 0.6296835046875 0.7410073453125 0.6302627453125 0.7303270484375 0.6528414609375 0.7411696734375 0.6505574640625 0.743269309375 0.6421517703124999
1 0.49598610625 1 0.500935259375 0.9918742578125 0.5082275593750001 0.978516690625 0.506521275 0.9700224125 0.506678615625 0.9632624312500001 0.49874702343750005 0.9495505375000001 0.327753375 0.82467039375 0.2986774875 0.8468209468750001 0.308453121875 0.8631121500000001 0.3210363796875 0.8405776984375001 0.49175468125000005 0.9772878265625 0.480100784375 0.9871620484375001 0.48898638125 1 0.49598610625 1
0 0.83068799375 0.878658971875 0.9027661312499999 0.7278412249999999 0.7618898359374999 0.65212155625 0.670180815625 0.789631375 0.83068799375 0.878658971875
0 0.7642338609375 1 0.8021379984375001 0.9289005359375 0.6467135515625 0.8269822296875 0.5378723953125 1 0.7642338609375 1
0 0.4943913875 0.6829563296875001 0.3589847140625 0.8370091453124999 0.4880395828125 0.9298731312499999 0.5645463046875 0.824233546875 0.609255465625 0.7642320687499999 0.4943913875 0.6829563296875001
0 0.27809479375 0.8333198296875001 0.4237195515625 0.698737321875 0.3278762109375 0.6363006109375 0.184444840625 0.75755505625 0.27809479375 0.8333198296875001
0 0.357988653125 0.6101091125 0.45893504687500003 0.6678110375 0.5605640609375 0.56381630625 0.46368491250000005 0.5189155296875 0.357988653125 0.6101091125
0 0.5216729546875001 0.6705117265625 0.641014678125 0.7337136828124999 0.7235626484375 0.6267115343749999 0.6188971578125 0.56574186875 0.5216729546875001 0.6705117265625
1 0.1671538390625 0.6150980421875001 0.1612929109375 0.60306260625 0.15234795625 0.603598096875 0.1364305890625 0.6158703234375 0.1417853859375 0.625662940625 0.15533253281249998 0.6192850453125 0.16130595781249998 0.67445708125 0.17895794062499998 0.7075902734375 0.1676600640625 0.7132768359375 0.17982471093750002 0.732046903125 0.19486243125 0.7198595 0.19517383593749998 0.706480328125 0.1850048203125 0.6876514109375 0.1785340359375 0.67783284375 0.17073531718749999 0.6531095734375 0.16991343750000001 0.6404477109375 0.1671538390625 0.6150980421875001
1 0.3755898625 0.5106271234374999 0.401585471875 0.497102046875 0.42034466718749997 0.48266487812500003 0.41863177656249995 0.4603143421875 0.4188220796875 0.4521381875 0.41904698125 0.44247546406250005 0.42194063281250005 0.438080690625 0.42601946875 0.43073870468750003 0.4251110859375 0.421793315625 0.4167760625 0.42011189218749995 0.40757167968749997 0.431796703125 0.405569034375 0.4458802234375 0.40806478124999995 0.45858101875 0.40841520937500003 0.467513421875 0.40662016875000007 0.47267747812499994 0.397398409375 0.48510554531250005 0.3675662421875 0.49556657812499993 0.357176671875 0.5101985515624999 0.3508486421875 0.5182318 0.338958134375 0.5253919671875 0.3371112671875 0.532785853125 0.3388587578125 0.5536498421875 0.3436209984375 0.56491604375 0.3479117859375 0.572452809375 0.34723273125 0.577642815625 0.3392653578125 0.5841505828125 0.3319252171875 0.587698175 0.32620704218749996 0.5935146046875001 0.322686159375 0.600869553125 0.31972330625 0.6082374890625 0.31970600625 0.6089807734375 0.3286162875 0.6099318484375 0.34329664531250004 0.602836640625 0.3587599328125 0.5860916984375 0.36126863125 0.5742510671875001 0.3598368953125 0.5638060734375 0.3506107875 0.5524359999999999 0.34485366093750003 0.5359408578125 0.35963789375 0.52438591875 0.3755898625 0.5106271234374999
1 0.3066339171875 0.460925690625 0.297744665625 0.4607187921875 0.28623689375 0.4638361015625 0.28099985312500003 0.470484409375 0.2826290921875 0.4823702390625 0.2785240890625 0.49496884999999996 0.28461763906250004 0.5061122859375 0.28505569375 0.5145852328125 0.292458546875 0.5240665921875001 0.302120528125 0.5183675234375 0.30680139375 0.5083211671875 0.315252503125 0.50005511875 0.3234871453125 0.501093028125 0.323733796875 0.5012418421875 0.3433869671875 0.49224714687500004 0.3411818671875 0.47780911562500006 0.33685536250000003 0.47263076406250004 0.3319333078125 0.4657459453125 0.32115889062499997 0.46464892031250005 0.3148094984375 0.46450113593750003 0.309572371875 0.4711494421875 0.3066339171875 0.460925690625
1 0.183875 0.95459 0.017605727298576568 0.01836879350298588
1 0.419045 0.748227 0.0015988675911806638 0.0015988675911806638
1 0.4432057546875 0.5253598515625 0.444827496875 0.525397596875 0.4530203765625 0.5219856187499999 0.4563645015625 0.517740278125 0.5763527390625 0.5680881125 0.58250473125 0.5826419328125 0.595328809375 0.5662182875 0.5771950625 0.5551381421875 0.460500703125 0.5027053859375 0.448439878125 0.509629984375 0.44041468437500003 0.5058405265625 0.43590551875 0.5136614203125001 0.4356038125 0.526623971875 0.4432057546875 0.5253598515625
1 0.48656179843749997 0.68439656875 0.49228629062499996 0.670839728125 0.53778475625 0.6913530546875 0.648348134375 0.7515689546875 0.6416262890625 0.7614999609375 0.641391628125 0.7715819328125 0.6498735921875001 0.7789846687499999 0.6633173218749999 0.7591226828125001 0.6564906578125 0.750317415625 0.6589547953125 0.73740521875 0.49540830312499995 0.6528991140625 0.4847681578125 0.668503128125 0.4754941875 0.6718899453125 0.47851984375 0.6813272734375 0.48656179843749997 0.68439656875
1 0.3109706171875 0.5814070171875 0.3260860953125 0.5622182515625 0.3202699625 0.516525990625 0.30949745 0.5235025359375001 0.3028096171875 0.5684405390625 0.26108679375 0.59151936875 0.2605448125 0.6148051578125 0.26741626875 0.6104557390625 0.294250896875 0.5968006515625001 0.3109706171875 0.5814070171875
1 0.1708514984375 0.638511790625 0.1715901921875 0.63101339375 0.171428446875 0.613723696875 0.15704726875 0.601363978125 0.1435491203125 0.5995466859375 0.13253809218749998 0.6120669796875 0.1361530890625 0.626430765625 0.1573313953125 0.613395584375 0.1575281828125 0.6291829796874999 0.158363084375 0.666028878125 0.1811545 0.7048889875000001 0.1696845109375 0.7128891937499999 0.1819694921875 0.72755613125 0.1828680359375 0.7282272734374999 0.19352492500000001 0.7066800296875 0.1892761375 0.695307728125 0.1810626875 0.6845947078125 0.1751397234375 0.6724318796875 0.17039693281249998 0.65804179375 0.1708514984375 0.638511790625