6 0.03125 0.12421875 0.03828125 0.0265625
6 0.07265625 0.1515625 0.0453125 0.01875
6 0.28671875 0.1703125 0.01953125 0.025
6 0.45625 0.2 0.03046875 0.04140625
6 0.57578125 0.20703125 0.01953125 0.03203125
5 0.165625 0.32421875 0.0421875 0.03359375
5 0.33046875 0.3171875 0.02265625 0.0234375
5 0.45234375 0.31328125 0.03046875 0.02421875
5 0.575 0.31328125 0.0375 0.0328125
6 0.04609375 0.51875 0.0328125 0.03203125
6 0.08203125 0.48515625 0.03671875 0.03671875
6 0.30078125 0.46171875 0.03359375 0.02265625
6 0.4625 0.43359375 0.0375 0.03203125
6 0.578125 0.4109375 0.0328125 0.04140625