1 0.29917141875 0.0098774453125 0.2890404125 0.16822108125 0.42965656562500004 0.16675593125 0.43386664531249997 0.009984429687500001 0.29917141875 0.0098774453125
1 0.2880603078125 0.2259716234375 0.27220014843749996 0.502511378125 0.4254464859375 0.5010462296875 0.432182625 0.22852751875 0.2880603078125 0.2259716234375
1 0.4871343828125 0.1775923296875 0.4843873796875 0.46734768437499996 0.6401598328125 0.4644173359375 0.6283716312500001 0.186038025 0.4871343828125 0.1775923296875
1 0.6266875546875 0.0024235609375000003 0.48991215937500004 0.008264803125000001 0.49112346249999994 0.1137752953125 0.6266875546875 0.11670559375 0.6266875546875 0.0024235609375000003
1 0.8245605812499999 0.012679659375 0.6880603078124999 0.005039515625 0.6881545078125 0.1650556875 0.8355068015624999 0.1650556875 0.8245605812499999 0.012679659375
1 0.838032859375 0.22805732812500001 0.6899121593750001 0.2340348390625 0.699100728125 0.5035063390625 0.8573991265625001 0.5093669390625 0.838032859375 0.22805732812500001
3 0.2764318421875 0.2204204125 0.44788133906249994 0.22316576562499998 0.46313298906249994 0.230486853125 0.45892565156250004 0.191136184375 0.4494591078125 0.1966270140625 0.4505109765625 0.2094388109375 0.26749123125 0.20577829687500002 0.26012835624999997 0.228656596875 0.25381735 0.23689272187500002 0.2429596546875 0.22575038906249997 0.24066936718749998 0.2643466921875 0.255395084375 0.2597710203125 0.2738022390625 0.25428025 0.2764318421875 0.2204204125
3 0.650480621875 0.13832154531250002 0.65141573125 0.15784669843750002 0.6584288234375 0.15784669843750002 0.6584288234375 0.131813153125 0.6500131 0.1187963953125 0.46159451875 0.12367766875 0.4531787953125 0.1293725171875 0.450435259375 0.1568145421875 0.46393225937500004 0.14157572812500002 0.6355193921875 0.13832154531250002 0.650480621875 0.13832154531250002
3 0.6500131 0.4917930703125 0.6612340859375 0.492606615625 0.6612340859375 0.5121317671875001 0.6705848546875 0.51131825 0.6691822234375 0.495047253125 0.6654419171875 0.47552210156249997 0.657493715625 0.47226791874999996 0.470477765625 0.47145437343749996 0.4471008109375 0.4706408265625 0.445293921875 0.509619275 0.4545814265625 0.5121317671875001 0.4541139046875 0.4893524328125 0.6500131 0.4917930703125
2 0.593681 0.362234 0.0125 0.021875
2 0.594463 0.43489 0.01171875 0.01875
2 0.588994 0.052077 0.01171875 0.01953125
2 0.589775 0.113015 0.009375 0.0171875
2 0.399931 0.051296 0.01171875 0.01875
2 0.398369 0.113796 0.01015625 0.01953125
2 0.392119 0.366921 0.0109375 0.02734375
2 0.389775 0.436452 0.0125 0.025
2 0.801494 0.416921 0.01171875 0.021875
2 0.782744 0.116921 0.0125 0.028125
5 0.87415 0.257546 0.0140625 0.02265625
5 0.877275 0.305202 0.01171875 0.01484375
5 0.882744 0.35364 0.01171875 0.01796875
5 0.838212 0.281765 0.01171875 0.01875
5 0.843681 0.34739 0.0125 0.01796875
5 0.84915 0.414577 0.0140625 0.015625
2 0.807744 0.540359 0.009375 0.01484375
3 0.1913565046875 0.42508213125000005 0.2007073046875 0.4454208265625 0.228292153125 0.45192922031249994 0.226889521875 0.47145437343749996 0.236240321875 0.461691796875 0.2418507828125 0.44135307187499995 0.22922722968749998 0.4324040421875 0.1974345203125 0.42020082812500004 0.1918240265625 0.39742149375 0.1792004421875 0.3957943765625 0.1792004421875 0.4153195546875 0.172654903125 0.41857373750000004 0.172288875 0.439774684375 0.1857460109375 0.44786146406249994 0.1843433796875 0.42589567656250005 0.1913565046875 0.42508213125000005
3 0.2465261984375 0.1684228203125 0.249798984375 0.178998940625 0.2460586453125 0.1944563640625 0.256812078125 0.195269909375 0.2600848609375 0.1684228203125 0.251201584375 0.162728 0.25447436875 0.10008478750000001 0.251201584375 0.0968305796875 0.22595444374999998 0.091135759375 0.23250001406249998 0.0179164125 0.22524465624999998 0 0.2203439515625 0.09276285 0.225486890625 0.1082202734375 0.24699372187500002 0.113101546875 0.2465261984375 0.1684228203125
0 0.68522175 0.23351717343749998 0.6404970718749999 0.23307174062499997 0.6449317015625 0.452761375 0.6940122796875 0.45148674531250005 0.68522175 0.23351717343749998
0 0.677163740625 0.002596353125 0.6340526703125 0.0015783687500000002 0.635408553125 0.11476781875 0.6800939171875 0.12114117656250001 0.677163740625 0.002596353125
0 0.4815738484375 0.0064203671875000005 0.44152618125 0.0057873390625 0.43981871093749997 0.1173171609375 0.4815738484375 0.1198665046875 0.4815738484375 0.0064203671875000005
0 0.293309446875 0.007695039062500001 0.24349630000000003 0.0064203671875000005 0.23543829062500002 0.087999621875 0.2867165265625 0.11476781875 0.293309446875 0.007695039062500001
0 0.278658515625 0.2681379296875 0.2256387359375 0.26814649375 0.2156595265625 0.41727500937500006 0.2676703296875 0.46061397968750006 0.278658515625 0.2681379296875
3 0.8676257984375001 0.1901782015625 0.85590499375 0.2041996359375 0.6654429359375 0.2067489796875 0.6525803234375 0.1867730671875 0.6529897109375 0.23734119062499998 0.663245378125 0.227143771875 0.861032828125 0.227143771875 0.8676257984375001 0.1901782015625