2 0.7066525502494091 0.8135988078815171 0.018532447663298514 0.024846232576804895
2 0.6333261126540967 0.7054837183184706 0.021402874525034754 0.01401785998146643
2 0.6181557075438536 0.685406831295162 0.01922277868534721 0.020967264427970277
2 0.560890027832326 0.5927084106065895 0.01675174211621524 0.01541666887447395
2 0.39900631725124946 0.6613343811176768 0.014571646276527784 0.02236607332097762
2 0.44010213630545075 0.7433036329317753 0.015298344889756876 0.020049605172143003
2 0.46099521134357574 0.7862550247644073 0.023201763867708357 0.024228673683797376
2 0.5092852813477077 0.8950595950901601 0.02002221248093754 0.021775796279135663
2 0.5374343440367356 0.5926712050716267 0.010774499050069507 0.026917164065150524
2 0.4921777018442704 0.521503044001701 0.012282447663298512 0.02462797776748147
2 0.4816584291428468 0.503152348085385 0.016170513867708357 0.023983137023308565
2 0.33451001899861066 0.5433631419174499 0.015298344889756964 0.020049605172143003
2 0.34640995374413147 0.5695809015360969 0.013826763867708359 0.023901291469812236
2 0.3139260684855204 0.48713050008481795 0.01773301386770836 0.02403770072563951
2 0.45938469206062466 0.45233389255042217 0.01704268284565984 0.02791666887447395
2 0.7722626325057287 0.648566574123586 0.016170513867708357 0.023983137023308565
2 0.7579643963734369 0.6246107189514427 0.013699477298576568 0.018432541469812234
2 0.6908873055677426 0.5503349160488851 0.020204050436840326 0.029588296279135663
2 0.8191402453472566 0.5157193577888499 0.025672800436840504 0.029779269237293703
2 0.8859997838162496 0.5657491288402421 0.01299096248093754 0.021530259618646852
2 0.9149962995838189 0.5964733391845284 0.01987674211621524 0.015525796279135662
2 0.7362381327900691 0.44949166786298367 0.011392094889756876 0.019913195916316084
2 0.717288764248958 0.423809621583848 0.015298344889756876 0.020049605172143003
2 0.6767735202328817 0.38408243347208026 0.013663109707395904 0.016870041469812237
4 0.655122178125 0.34159773125 0.634582259375 0.3493986 0.602286825 0.36885632031250004 0.55979080625 0.37802000156250004 0.5333318609375 0.3934224671875 0.5267096546875 0.4088078015625 0.529020428125 0.42166570625000005 0.53868291875 0.43265079999999995 0.548883503125 0.44294484218749997 0.563487884375 0.44345483750000003 0.563669478125 0.43565288437499994 0.5485930359375 0.43299686875 0.5399407 0.4234667390625 0.5338632703124999 0.4154462171875 0.5352035921875 0.40271581406249995 0.55059369375 0.39189572968749997 0.5811427796874999 0.38018531875 0.60257729375 0.37880429375 0.6348066921875 0.36218364687500004 0.655122178125 0.34159773125
4 0.3044979015625 0.4017578421875 0.29705381875 0.38517145625000004 0.2956969875 0.398611128125 0.2980903046875 0.4079226875 0.30622105781250003 0.41743460312499997 0.3138962578125 0.4240912328125 0.32106638125 0.43002037812499994 0.33459457656249997 0.4319124828125 0.341830734375 0.4350045546875 0.350681171875 0.43602346406250003 0.359010025 0.43702415781250004 0.374674084375 0.436861315625 0.38734070468750004 0.4309150375 0.404685078125 0.4258419578125 0.424620871875 0.42156921562500005 0.43725447031250003 0.4170414765625 0.4579692984375 0.424153459375 0.4719365375 0.42961012031249995 0.47956221250000003 0.43839455312500003 0.48366217499999997 0.46409214531250004 0.48804278281249996 0.4777321703125 0.506258559375 0.50250300625 0.5164096171875 0.5149248515625 0.5295416109375 0.5338394 0.5455291546875001 0.5422059906250001 0.549784378125 0.5388053609375001 0.5333908078125 0.5254556781249999 0.5208629421875 0.503013003125 0.5039312765624999 0.490354371875 0.49761290625 0.470258071875 0.49663576875000004 0.4673845703125 0.49419292812500004 0.4602008171875 0.493314840625 0.4530717046875 0.496741503125 0.44041415781250004 0.49693960312499996 0.43190293593750007 0.50347926875 0.42006394374999995 0.5069157546875 0.42941193125000005 0.5244680546875 0.437833165625 0.530304540625 0.4337779109375 0.5222728390625 0.420010384375 0.5176941328125 0.414881578125 0.5137360609375 0.40551537499999996 0.512841465625 0.39909553125 0.5114748125 0.39052966875 0.505364365625 0.3839276828125 0.493367909375 0.3835087578125 0.48081684999999996 0.384490153125 0.47252101562500004 0.38207092187499997 0.4579661578125 0.3794331203125 0.44183003750000005 0.3774499453125 0.43025611406250003 0.3813048453125 0.41970885312500006 0.38590543906249997 0.4000800390625 0.399416884375 0.3709966578125 0.41543754843749997 0.3368955265625 0.4227648484375 0.328467621875 0.4260197640625 0.317108309375 0.420654175 0.3044979015625 0.4017578421875
3 0.720886671875 0.74566649375 0.7363428078124999 0.7320093359375 0.72969426875 0.726098403125 0.714327359375 0.7134944171875001 0.701634409375 0.698144425 0.6867560671875 0.686977190625 0.6754958046875 0.6773559875 0.6658663312499999 0.6649523562499999 0.651932109375 0.658077159375 0.6433886484375 0.666296953125 0.6617364921875 0.685393640625 0.6791402171875001 0.700198290625 0.693836965625 0.7191674796874999 0.704948653125 0.735172096875 0.720886671875 0.74566649375
3 0.47603650000000003 0.4553077109375 0.468503190625 0.46498247031249995 0.48469866250000004 0.48684337656250004 0.5063674328125 0.52025293125 0.53202729375 0.5616101515625 0.545581821875 0.584798525 0.557172253125 0.58023435625 0.549107534375 0.5678853671875 0.491023715625 0.4842248734375 0.47603650000000003 0.4553077109375
1 0.8559673828125 0.7283784234375 0.9604695359375001 0.656784159375 0.9063205984374999 0.6059139390625 0.7857055171875 0.6521009546875 0.8559673828125 0.7283784234375
1 0.8755719921875 0.579995603125 0.8138469015625001 0.5182131437499999 0.7086714484375001 0.5514522687500001 0.7741565078125 0.631112153125 0.8755719921875 0.579995603125
1 0.7741966125 0.49482333125 0.72974318125 0.45351966875 0.6240461421875 0.48674058281250004 0.6692125765625 0.5422660421875001 0.7741966125 0.49482333125
1 0.7200971984375 0.44182530625 0.6758583765624999 0.391301153125 0.5686461078125 0.42233961875 0.608339240625 0.466316428125 0.7200971984375 0.44182530625
1 0.6933564 0.8057517765625001 0.6307434015625 0.71483466875 0.4783709796875 0.7797883515625 0.52443515 0.8864539953125 0.6933564 0.8057517765625001
1 0.6060276609375 0.6777694859375 0.5555695187499999 0.602893425 0.412767221875 0.660373009375 0.4531336546875 0.74270495625 0.6060276609375 0.6777694859375
1 0.5283217109375 0.5849056312500001 0.48900827343750003 0.52461565 0.357522446875 0.566873828125 0.386760684375 0.633910425 0.5283217109375 0.5849056312500001
1 0.47172010625 0.504846121875 0.4431783625 0.45274058906250003 0.323953128125 0.484069396875 0.3511380421875 0.549614603125 0.47012233437499995 0.5062100171874999 0.46960075 0.506191803125 0.47172010625 0.504846121875
4 0.7140716312500001 0.700708278125 0.7210008125 0.6945616453125 0.6929409515625 0.6666076671875001 0.6583316031249999 0.6284871484375001 0.6151953015625 0.5978771546874999 0.5548863921875 0.5425327515625 0.54541531875 0.5457512390625 0.5608152453125 0.5569366921875 0.6222003421875 0.610898984375 0.67076041875 0.6551854328125 0.7140716312500001 0.700708278125
5 0.6228140252668748 0.3173016720393349 0.012136977298576568 0.018377977767481467
5 0.5662003493550692 0.33096237875542406 0.011337543502986236 0.017569445916315908
5 0.38763828505052056 0.37711314854087197 0.014662565254479176 0.02627232332097771
5 0.31997800636517326 0.39507940934064517 0.026454050436840328 0.029806551088459088
1 0.6525543765624999 0.2956525359375 0.5938959171875 0.2404127640625 0.48872210625 0.26299030156250003 0.5422243484375 0.321504 0.6525543765624999 0.2956525359375
1 0.42770508593749995 0.3527355484375 0.382597378125 0.2827714453125 0.25851425156249996 0.31021502968750003 0.29348624375 0.379134390625 0.42770508593749995 0.3527355484375