0 0.440107 0.734603 0.32615373924663305 0.1570699071531479
0 0.807385 0.736898 0.2651969685684687 0.1370805847795724
0 0.840004 0.566915 0.26565073283649204 0.13008572208312524
0 0.490968 0.554556 0.3026605812649157 0.13804592535011295
0 0.424604 0.36827 0.3018065566578098 0.13644703804655994
0 0.776603 0.394019 0.27328129631872766 0.12654334511865456
1 0.312675696875 0.650320671875 0.31307515625 0.6632278406250001 0.35687969375 0.661099253125 0.3516975625 0.48864290312499997 0.3553024796875 0.4844509265625 0.35113792187500004 0.47662718593750003 0.3468461734375 0.4660725890625 0.303924946875 0.46243855468749995 0.3025549375 0.47381941406249994 0.3281855703125 0.4733782140625 0.32661205625 0.4803897359375 0.3374813828125 0.6525659890625 0.312675696875 0.650320671875
1 0.6951434953125 0.66213956875 0.6927697796875 0.673114421875 0.717550721875 0.6740828890625 0.7331006578125 0.661182540625 0.7227145937499999 0.499383490625 0.7185500359375 0.49155973125 0.6946455453125 0.48826643281250004 0.67851059375 0.4886049 0.67791465625 0.49620693437499996 0.704599115625 0.4979947671875 0.7072011265625 0.635451953125 0.7079133984375 0.6507446921875 0.714160296875 0.6624803078125 0.6951434953125 0.66213956875
1 0.6250890859375 0.8510609499999999 0.664950459375 0.8501926015624999 0.6655463984375001 0.842590575 0.6511884671875 0.8402868968749999 0.6408024671875 0.6784878515625 0.644229315625 0.670472703125 0.6584091812499999 0.6689532109375 0.65707546875 0.6607162984375 0.6218220265625 0.6585293796875 0.6192709984375 0.6649503546875 0.62847598125 0.8217895593750001 0.6250890859375 0.8510609499999999
1 1 0.840633021875 0.9968656046875 0.837312615625 0.9863160984375 0.8351863187499999 0.9742293921874999 0.677667946875 0.9826711203125 0.675336196875 0.9824421750000001 0.670420671875 0.9491184453124999 0.66886859375 0.9503503406249999 0.6749207968750001 0.9580180625000001 0.67636789375 0.9685786015625 0.8011161546875 0.9692290078125 0.8354804390625 0.9648500859375 0.843451253125 0.97720211875 0.8434815734375001 0.9914837343749999 0.84414675 1 0.8445434015625001 1 0.840633021875
1 0.9303974359374999 0.5116939406250001 0.9727132703124999 0.515197275 0.9739145390624999 0.50772595625 0.9614354468749999 0.504964803125 0.953665796875 0.358547153125 0.94862548125 0.3523175703125 0.9200876859375 0.35153340312500003 0.9207345015625 0.3450237015625 0.9292271062499999 0.34378432187499997 0.9347108593750001 0.339134871875 0.9050174828124999 0.333936984375 0.9055262484375 0.3448603671875 0.90724146875 0.361289765625 0.9358555781250001 0.3637124546875 0.944272040625 0.5036204203125 0.9386102203125001 0.5044466843750001 0.9303974359374999 0.5116939406250001
1 0.605473975 0.49111054374999996 0.649024309375 0.49652215 0.6507681609375 0.484500415625 0.629770896875 0.4824324875 0.6202606562499999 0.3190392546875 0.5936270734375 0.318343778125 0.5915447921875 0.31443189843749997 0.6074762375 0.3097240921875 0.6023341671875 0.3013098046875 0.5757259593749999 0.30116050781250003 0.5714233484375 0.31076979531250004 0.575119096875 0.3289264046875 0.6055611671875 0.329799303125 0.6130508671875 0.47020906875 0.605473975 0.49111054374999996
1 0.636830815625 0.3076464953125 0.6301826875 0.3162910375 0.6650016171875001 0.32094822500000003 0.66847934375 0.31402541093749997 0.7220008921875001 0.320878078125 0.7379324015625001 0.31617025625 0.7483910171875 0.2959479828125 0.919276359375 0.31371681875 0.9457065 0.310042959375 0.9636439093750001 0.3076084953125 0.9941622953125 0.3101198765625 0.997461953125 0.2993738734375 0.9545661000000001 0.296286003125 0.92558499375 0.3063808546875 0.75284638125 0.2896156859375 0.729196275 0.2917840609375 0.7216701953125 0.313777884375 0.652090009375 0.30890218593749996 0.636830815625 0.3076464953125
1 0.338908059375 0.2752410609375 0.3341465734375 0.28570728437500004 0.3710399125 0.29199717187499996 0.3798487625 0.2771479046875 0.3856485703125 0.25888855624999996 0.41259833593749995 0.2459741796875 0.41594887187499996 0.2363205109375 0.39289476562500003 0.2308868890625 0.36713700312499997 0.2285972359375 0.3620857 0.24253154999999998 0.3982912828125 0.24476285312499999 0.3803284328125 0.2466511140625 0.36344485 0.2513146109375 0.3599307625 0.27785515625 0.338908059375 0.2752410609375
1 0.6924818640625 0.2786294078125 0.71416021875 0.2800127625 0.718708503125 0.2705862125 0.7034493734375 0.26933050625 0.7031949921875 0.2638688328125 0.7144930671874999 0.26167011875 0.7292434296875 0.2520024046875 0.716840653125 0.250879771875 0.6995500578125 0.246804553125 0.688175665625 0.24736474843749998 0.6836694234375 0.2526046921875 0.6784401812499999 0.26271585937499997 0.6701509546875 0.2683246078125 0.67820025 0.27796423125 0.6924818640625 0.2786294078125
1 0.7540636968750001 0.2749578015625 0.7487949984375 0.2834254375 0.771710428125 0.286679396875 0.7841133359375 0.287802071875 0.7952333453125 0.28178016875 0.7977589953125 0.2748130125 0.7973265453125 0.26552815 0.7846438171875 0.25839761562499997 0.762618165625 0.254646859375 0.7514218406250001 0.25903020625 0.78119153125 0.2658666140625 0.7815731046875001 0.2740591421875 0.7673932390625 0.2755786359375 0.7540636968750001 0.2749578015625
1 0.3271919671875 0.84321786875 0.3126380921875 0.8588219078125 0.3388965203125 0.8573420921875 0.392669078125 0.8598465890625 0.429002390625 0.8606335734374999 0.4338314671875 0.8626690281249999 0.43553982500000005 0.8654644171875001 0.4608867140625 0.8675502359375 0.4815313953125 0.8703223156250001 0.5100413640625 0.872555471875 0.51590281875 0.8628704875000001 0.51560703125 0.8565198 0.49753395781250004 0.84119370625 0.46136966562500004 0.8440356687499999 0.42512086406250005 0.8450631749999999 0.39207750468749997 0.8471452453125 0.354162703125 0.8462846031250001 0.35091511249999996 0.8443227921875 0.3271919671875 0.84321786875