2 0.929426 0.0 0.01484375 0.01171875
2 0.879426 0.002036 0.01875 0.0125
2 0.851301 0.003598 0.01328125 0.01171875
2 0.796613 0.013754 0.01796875 0.01015625
2 0.70677 0.026254 0.02265625 0.01171875
2 0.640363 0.037973 0.02578125 0.01171875
2 0.606769 0.041879 0.01875 0.0109375
2 0.647394 0.232504 0.01328125 0.0140625
2 0.666145 0.227817 0.015625 0.0203125
2 0.741144 0.206723 0.015625 0.01171875
2 0.814582 0.193442 0.01796875 0.009375
2 0.875519 0.172348 0.0171875 0.01328125
2 0.892707 0.168442 0.01875 0.01484375
2 0.951301 0.151254 0.0203125 0.015625
2 0.67552 0.395786 0.02265625 0.01484375
2 0.698957 0.385629 0.02265625 0.0171875
2 0.766145 0.358286 0.01640625 0.0125
2 0.789582 0.520004 0.0234375 0.01328125
2 0.730988 0.552817 0.01875 0.01328125
2 0.704426 0.569223 0.0171875 0.015625
2 0.870051 0.498911 0.021875 0.009375
2 0.835676 0.344223 0.0171875 0.0171875
2 0.917707 0.470004 0.015625 0.01640625
2 0.941145 0.458286 0.021875 0.0140625
2 0.899738 0.315317 0.015625 0.015625
2 0.916926 0.305942 0.01796875 0.0171875
1 0.3222471453125 0.4481724640625 0.19547299375 0.398039965625 0.1685600453125 0.5224652046875 0.26842124843750004 0.5786377640625 0.3222471453125 0.4481724640625
5 0.661457 0.508286 0.01875 0.02265625
5 0.465363 0.699692 0.025 0.015625
5 0.448176 0.616879 0.028125 0.02265625
5 0.364582 0.284067 0.0234375 0.015625
5 0.346613 0.191879 0.0265625 0.0140625
5 0.315363 0.069223 0.02265625 0.0234375
5 0.271613 0.077817 0.02421875 0.01328125
2 0.278644 0.108286 0.01875 0.02734375
2 0.298957 0.168442 0.0265625 0.01796875
2 0.313019 0.227036 0.02265625 0.01953125
2 0.326301 0.287192 0.02109375 0.0171875
2 0.391926 0.562973 0.01875 0.01875
2 0.401301 0.613754 0.01484375 0.01484375
2 0.426301 0.720786 0.01875 0.02421875
5 0.439582 0.769223 0.02421875 0.0203125
5 0.478645 0.774692 0.0265625 0.01484375
2 0.368488 0.041879 0.01796875 0.01875
5 0.730988 0.0 0.0265625 0.015625
5 0.591144 0.132504 0.0234375 0.0234375
5 0.688019 0.601254 0.02890625 0.0203125
3 0.0729482546875 0.27301071875 0.0864047296875 0.27905077968750003 0.1090682640625 0.2856948453125 0.12252473906250001 0.2881108703125 0.1359812125 0.3050230390625 0.14093886093750002 0.3128751171875 0.150145921875 0.3207271953125 0.1650188671875 0.323747225 0.167851809375 0.314687134375 0.1529788640625 0.3134791234375 0.139522390625 0.299586984375 0.12748238750000002 0.2862988515625 0.123941209375 0.2778427671875 0.08357178750000001 0.265158640625 0.08144708125 0.2548905390625 0.06374119375000001 0.2476424671875 0.0609082515625 0.2609306 0.07153178437499999 0.265762646875 0.0729482546875 0.27301071875
1 0.5772119203125 0.11596915468749999 0.3923624578125 0.08637286093749999 0.352701271875 0.3067867359375 0.514887196875 0.35812724687499997 0.5772119203125 0.11596915468749999
1 0.3746565703125 0.0930169265625 0.24646594843749997 0.06704466875000001 0.2238024125 0.2210662015625 0.342785975 0.25549454531250004 0.3746565703125 0.0930169265625
1 0.1671435734375 0.054360542187500006 0.0354117734375 0.03322033125 0.014164709375 0.16791367343750002 0.1466047453125 0.20898608125 0.1671435734375 0.054360542187500006
1 0.1140259125 0.38052379062499997 0.0070823546875 0.34186740625 0.0070823546875 0.4475684578125 0.0920706140625 0.501929 0.1140259125 0.38052379062499997