0 0.6189170078124999 0.6760010421875 0.7668332875 0.759613525 0.7566681265625 0.3726980109375 0.6130588953125 0.34777706406250003 0.6189170078124999 0.6760010421875
0 0.751323515625 0.328223878125 0.7441985359375 0.048749074999999996 0.6008797140625 0.0399164796875 0.6116317312499999 0.3087509578125 0.751323515625 0.328223878125
0 0.5775860890625 0.6038288359374999 0.5686283750000001 0.2850044828125 0.4742143453125 0.2725009578125 0.4863979734375 0.557530825 0.5775860890625 0.6038288359374999
0 0.565837621875 0.2110290171875 0.5590456671874999 0.0370930890625 0.46589491406250005 0.0320545109375 0.47356659843750004 0.2117592578125 0.565837621875 0.2110290171875
0 0.44770249062499995 0.2608324359375 0.439245565625 0.037092031250000004 0.3715575078125 0.031359220312500005 0.3831283984375 0.25183906718750004 0.44770249062499995 0.2608324359375
0 0.456388140625 0.57381636875 0.44986935156249996 0.3214108015625 0.3850102828125 0.30473946875 0.39030713437500003 0.532468946875 0.456388140625 0.57381636875
1 0.8258445812499999 0.26333164062500003 0.8317876468750001 0.2585441578125 0.8393962265624999 0.256420475 0.8394470328124999 0.24923631875000002 0.8361158453125 0.243908671875 0.8307567062500001 0.2364094234375 0.82517893125 0.2324910140625 0.8157340984375001 0.23656118125 0.8093807 0.24081142031249997 0.80114590625 0.2377650015625 0.7959785171875 0.23438382343750003 0.7855690609375 0.234290921875 0.7849908484375 0.23015032500000002 0.77568328125 0.23001774218749999 0.776622103125 0.265598421875 0.7920790703125 0.2664986875 0.7972492109375 0.26166615000000004 0.8027310828124999 0.2635255390625 0.8150726921875 0.2637309765625 0.8258445812499999 0.26333164062500003
1 0.5930882484375 0.29665603281249997 0.5823402828125 0.297570140625 0.5807917875 0.3056937734375 0.5858096640625 0.32241369375 0.58821846875 0.34103510625 0.6379205078125 0.3490635828125 0.6895306703124999 0.35668978125 0.7653628593749999 0.3713737953125 0.796084990625 0.3690562515625 0.79264805 0.32008646406249996 0.781446896875 0.3173698875 0.774912059375 0.3447216890625 0.7070001296874999 0.3346058796875 0.59515856875 0.31628447187500003 0.5948468890624999 0.309592584375 0.5930882484375 0.29665603281249997
1 0.3689205109375 0.2578153921875 0.36602668125000004 0.26956503593750003 0.374695603125 0.27098672343749997 0.3690930171875 0.1950257140625 0.34095171562500004 0.1892611375 0.33188100625 0.0388386234375 0.306307409375 0.029098075 0.3005083796875 0.0228012265625 0.2995966546875 0.040167015625000003 0.3241351328125 0.0498472828125 0.3312211890625 0.2019877765625 0.36098067968750003 0.20555463125 0.3630547546875 0.25747375156249996 0.3689205109375 0.2578153921875
1 0.5832411984375 0.25654636875 0.5960078531249999 0.257289940625 0.5919441171875001 0.2217570640625 0.5902856375 0.215701375 0.5819403171875 0.21384015625 0.45910185937500003 0.2140198828125 0.458880221875 0.23142588125 0.4562269125 0.2335633125 0.4566452 0.24915992656250002 0.46775819375000005 0.25211221875 0.46375367343749996 0.232626509375 0.573911109375 0.23354176249999997 0.581996984375 0.2372214609375 0.5832411984375 0.25654636875
1 0.46825337187500005 0.2849075640625 0.4594987953125 0.2816473078125 0.45934138124999996 0.30043221875000004 0.3733421109375 0.28625548749999996 0.368399403125 0.2983442015625 0.3687822453125 0.31395183125 0.36918444375 0.3293324734375 0.3798186375 0.32926316093749997 0.3799999625 0.303603765625 0.45426770000000005 0.3170972140625 0.468781015625 0.318400909375 0.46825337187500005 0.2849075640625
1 0.5963582875 0.63969388125 0.5986106 0.6597358375 0.6083083453125 0.6603006671875 0.6050167531249999 0.6179449234375001 0.5987634015625 0.6158238593750001 0.46819453437499997 0.5496579421875001 0.4649319296875 0.58343336875 0.474711725 0.5857598265624999 0.4767001984375 0.571820965625 0.5850372671875 0.6325927765625 0.5963582875 0.63969388125
1 0.34137413125 0.4790254296875 0.3549844421875 0.47864692187499996 0.37223059062499997 0.4808226140625 0.3718959703125 0.4925153625 0.3764954984375 0.4968825234375 0.38231123125 0.489608303125 0.3817368921875 0.4772770046875 0.38033564062499997 0.46606878281249997 0.3569728859375 0.4647080578125 0.340854490625 0.46786853749999996 0.31559176875 0.4634691015625 0.3145332078125 0.4973729203125 0.32246773281249996 0.49783505312500004 0.323902759375 0.49089129531250003 0.3247602203125 0.48098582968750003 0.3274597796875 0.4823143 0.34137413125 0.4790254296875