5 1.0 0.329169 0.014389782467404189 0.019159176959604098
5 1.0 0.389484 0.009729556006354301 0.020585284639736124
5 1.0 0.443549 0.011346603084255235 0.023755748746358663
5 0.998926 0.604964 0.00967500892845372 0.017460284639735944
5 0.996264 0.631618 0.012895466314779825 0.023019962852981378
5 0.994339 0.700459 0.017501145697929134 0.01846885517284953
5 0.989702 0.748274 0.01055171631478018 0.022951766693047305
5 0.988204 0.79678 0.014430692775829358 0.021502926959604096
5 0.857412 0.737272 0.009702282467404188 0.019022784639735946
5 0.854324 0.784261 0.010469895697928777 0.01826426669304766
5 0.851304 0.835156 0.012881829545304768 0.02223871285298138
5 0.867074 0.439965 0.012086942775829357 0.02143473079967002
5 0.87078 0.383579 0.0144170560063543 0.020721676959604095
5 0.874472 0.326411 0.012100579545304769 0.02221598079967011
5 0.843584 0.258525 0.009784103084255235 0.023710284639736123
5 0.841755 0.332835 0.012868192775829356 0.021457462852981467
5 0.839185 0.409511 0.012813645697929133 0.01833246285298138
2 0.806016 0.25571 0.010497169236879244 0.019826766693047393
2 0.797404 0.613173 0.010497169236879244 0.019826766693047303
2 0.640722 0.234725 0.012114216314779824 0.02299723079967011
2 0.641414 0.319123 0.011346603084255235 0.023755748746358753
2 0.643375 0.61062 0.008948306006354479 0.020562552586424764
2 0.643163 0.688009 0.008207966314780001 0.022883570533113406
2 0.474275 0.237223 0.0089483060063543 0.020562552586424764
2 0.476543 0.322357 0.011332966314779824 0.022974498746358752
2 0.487248 0.622198 0.00904376339268076 0.026031302586424766
2 0.489284 0.69405 0.007453989853730292 0.024423338479802048
1 0.723077 0.295642 0.1224473388775003 0.34948082594338975
1 0.561599 0.358964 0.12458653733537269 0.33783027210332384
1 0.391141 0.310772 0.12047573579324525 0.32599786183676704
1 0.408883 0.700298 0.117009816556366 0.30637568362352174
1 0.568322 0.74412 0.11363935470581303 0.29222225541027635
1 0.722042 0.684151 0.12395924593951495 0.30189277210332366
3 0.7844828953125 0.4994188046875 0.7845244578125 0.457738059375 0.7770950671875 0.45597362031250005 0.7766644703125001 0.46390859375 0.7584617703125 0.4644382375 0.7580497453125 0.5060431890625 0.6151688421875 0.5042587671875001 0.6156007703124999 0.5290039015625 0.7646006265625 0.5226878375 0.766788275 0.48499244375000006 0.7758550734375 0.482748015625 0.7778725375 0.500514878125 0.7844828953125 0.4994188046875
3 0.6171729874999999 0.61907621875 0.6162974718750001 0.58061230625 0.6090351984375 0.5767297359375 0.61175973125 0.6023984703124999 0.6055198390625 0.6035703359375 0.46051910156250003 0.6107603765625 0.4594837296875 0.5840521562500001 0.4498136046875 0.584333528125 0.450003653125 0.5952213890625 0.452142096875 0.6199169046875 0.45803770312500003 0.631629059375 0.6086404875 0.6193244890625 0.6171729874999999 0.61907621875
3 0.77204965625 0.862749653125 0.7737884296875001 0.820821146875 0.7663935937499999 0.821036315625 0.7660493453125 0.8339203359375 0.751828525 0.83433411875 0.75070943125 0.8680371656249999 0.618705428125 0.8698974796875 0.6157749015625 0.8650311890625 0.609500453125 0.864223453125 0.60946723125 0.8949239875 0.61700024375 0.9026272437499999 0.6167065328125 0.8858005625 0.7555019671875 0.8817620265624999 0.7578623890625 0.853964728125 0.7657742421875 0.8507635656250001 0.77204965625 0.862749653125
3 0.46816189374999995 0.914101775 0.46730930312499996 0.8693510968749999 0.46103485624999996 0.8685433609375 0.46069064375 0.8814273796875 0.3162586453125 0.8886008703125 0.308708353125 0.8799077796875 0.308296290625 0.92151273125 0.3151223515625 0.9213141140625 0.3165869109375 0.90740715625 0.4570370671875 0.9003495906250001 0.4633115140625 0.9011572953125 0.46241569374999997 0.9150477031250001 0.46816189374999995 0.914101775
3 0.6168579765625 0.20977019375 0.6171840468750001 0.1652975671875 0.6086683546875 0.1644542875 0.6079972125 0.1912121453125 0.5977754734375 0.192499871875 0.5181042078125 0.1928374578125 0.4446901125 0.192992978125 0.4430859265625 0.16630132656250002 0.436949696875 0.173412025 0.43796771406249996 0.19913043125000002 0.4382441484375 0.21496732500000001 0.44570812968749995 0.2187113671875 0.6094803796875 0.210975165625 0.6168579765625 0.20977019375
3 0.45676823437499997 0.5481942281250001 0.4557515796875 0.5006570546875 0.45063211093750005 0.500806015625 0.44856410625 0.512749853125 0.2926518046875 0.5143155546875 0.28454989999999997 0.5066287859374999 0.28330994375 0.5334032125 0.28250050781249997 0.5522426015625 0.2916190984375 0.552967615625 0.29132538750000003 0.5361409359375 0.308373184375 0.5346545578125 0.3629812109375 0.5330656265625 0.40507489531249996 0.531840825 0.43522305 0.530963603125 0.440342596875 0.5308146390624999 0.44603087812500003 0.530649128125 0.4492206375 0.550362490625 0.45676823437499997 0.5481942281250001
3 0.7817851250000001 0.5616412359375 0.7813186437499999 0.5349164953125001 0.772907084375 0.5420933859375 0.7720458546875 0.5579633984375 0.7729256546875 0.57576333125 0.7727887703125 0.6005250171875 0.77818600625 0.64889310625 0.7948204078125001 0.6563315390625 0.7968205968750001 0.67310863125 0.7960816390625001 0.728587371875 0.798703803125 0.78099743125 0.7922073765625 0.8326824734375 0.79698396875 0.8780976734375001 0.803035146875 0.8987181171874999 0.8016050671875 0.9146046828125 0.8018815 0.9304415265625 0.81194774375 0.920245575 0.808964053125 0.879729765625 0.7993789437500001 0.8522799796875 0.8035096953125 0.6976716671875 0.8007665906250001 0.638333025 0.7819259671875 0.6349199421875 0.781753196875 0.625021915625 0.78233799375 0.5933150578124999 0.7817851250000001 0.5616412359375
3 0.8323780203125001 0.2974195828125 0.8359438828125001 0.24086824999999998 0.8284972156249999 0.238114009375 0.8294116078125 0.25789357968750004 0.8233272093749999 0.26797370625 0.8195686359375 0.2482768921875 0.8165171687500001 0.23648198125 0.8050541046875 0.2318639625 0.7953666265625 0.23115553281249998 0.7941598546875 0.22722942499999998 0.795538103125 0.20837345156249998 0.7890736078125 0.19667785 0.78073115625 0.20781398437499998 0.7813358546875 0.24245718125 0.785455915625 0.2502597765625 0.7929371359374999 0.254993621875 0.802055725 0.255718603125 0.8117259265625 0.255437228125 0.8130363624999999 0.2653021875 0.8179152859375 0.283976096875 0.819829125 0.2958041078125 0.8323780203125001 0.2974195828125
4 0.9183115546874999 0.24264543125000002 0.9203372828124999 0.2176161703125 0.9031167890624999 0.209204453125 0.9000134531249999 0.1944401359375 0.8911008562499999 0.1729126796875 0.88470546875 0.165176290625 0.8748279812499999 0.15357999687499999 0.8717419203125001 0.13980548125 0.8669666625 0.1270704234375 0.85695091875 0.10755567656250001 0.844970871875 0.10592364843749999 0.8265954375 0.0965552328125 0.8049624671875 0.09619438125 0.7844844375 0.09679022968749999 0.773676609375 0.09710470624999999 0.7469759640625 0.0998622265625 0.737013384375 0.1159970625 0.7291015671875 0.11919818906249999 0.6670122796875 0.11605324218749999 0.649619015625 0.09774348125 0.635880625 0.0931916984375 0.619970565625 0.09464494062499999 0.6104386203125001 0.10284475312500001 0.5980106609375 0.1081579140625 0.5900469734375 0.1083896328125 0.579187315625 0.1057347 0.5699822640625001 0.100060675 0.5563475734375001 0.10144772500000002 0.5427646359375 0.1058041703125 0.5309401234375 0.1130803984375 0.515702503125 0.1204559078125 0.506601190625 0.12072072812500001 0.49225939375000005 0.11420589218749999 0.48819116406249996 0.1093727234375 0.4823645890625 0.10161978281249999 0.46752308593749997 0.09908070937499999 0.45219915781250003 0.1015072015625 0.4368752265625 0.10393369374999999 0.42094785312500005 0.1043971328125 0.39922853593749996 0.0990872515625 0.3858183703125 0.11334177187500001 0.3723391734375 0.12363704843750001 0.3467415984375 0.12438186250000001 0.3262982 0.1269573484375 0.31035355 0.1264309515625 0.3538095390625 0.1380405484375 0.44149632343749995 0.14044065156250002 0.551142975 0.1293277828125 0.66430635625 0.12405445468750001 0.7894843375 0.1223927578125 0.8534010406249999 0.13241667031249998 0.8911540203125 0.2085622296875 0.89680908125 0.23909725312500002 0.9183115546874999 0.24264543125000002
2 0.384733 0.078028 0.013731263392680581 0.026167694906292782
2 0.555169 0.080103 0.016020466314779824 0.023110891066226814
0 0.643262 0.335484 0.04670127069628123 0.2598212808788124
0 0.474485 0.338831 0.040451270696281225 0.2596394244523216
0 0.488939 0.719073 0.039138186686749774 0.22914794239901043
0 0.641968 0.709148 0.04222227637832425 0.22689512061225567
0 0.799095 0.710048 0.045941565745587096 0.17156276293212364
0 0.315015 0.338 0.02967741192998332 0.26869617570596294
0 0.3217113125 0.8749326 0.307690775 0.6484516953125 0.2962255828125 0.653845071875 0.309834890625 0.8792393921875 0.3217113125 0.8749326