6 0.65546875 0.16875 0.0234375 0.01875
6 0.62578125 0.209375 0.0265625 0.0359375
6 0.43984375 0.26328125 0.040625 0.02265625
6 0.31015625 0.3015625 0.03046875 0.02890625
5 0.54140625 0.41640625 0.034375 0.02421875
5 0.40625 0.42421875 0.03203125 0.03125
5 0.30859375 0.4328125 0.04921875 0.02734375
6 0.671875 0.65625 0.03125 0.02890625
6 0.6328125 0.61875 0.03828125 0.02578125
6 0.4359375 0.58046875 0.03046875 0.01875
6 0.31875 0.55703125 0.05625 0.0171875
5 0.22578125 0.43046875 0.02578125 0.02265625
5 0.80703125 0.475 0.02734375 0.0265625