2 0.0 0.341771 0.02352296733012351 0.054525673916276586
2 0.036098 0.218195 0.041408404052775925 0.035217258402956995
2 0.063791 0.159363 0.03574060090962279 0.04746259041817939
2 0.112706 0.080173 0.03332407630251692 0.04580458992388783
2 0.246826 0.364782 0.02865369292790545 0.029239172433401885
2 0.827911 0.361378 0.04406467721213971 0.09224850840295704
2 0.550131 0.382054 0.05699917080199892 0.0686027613687065
2 0.542605 0.158568 0.04086474855225788 0.05702859140676262
2 0.537851 0.059731 0.03403255169541097 0.044273923421985016
2 0.745482 0.055169 0.032487168320799495 0.02783583992388783
2 0.290332 0.200817 0.039300094499482 0.02343484140676253
2 0.295058 0.166315 0.03913742865988183 0.03668425790866543
2 0.322263 0.067736 0.03332407630251692 0.04580458992388783
2 0.183095 0.008686 0.029235889784752268 0.04173917243340185
2 0.215293 0.0 0.041190080231458384 0.019858242814181463
2 0.349429 0.003468 0.027418678659881835 0.03620675543720746
2 0.524846 0.004118 0.03659462551672874 0.049056923916276626
2 0.696195 0.0 0.03788529776646961 0.060026257414373806
1 0.2672483015625 0.4084577953125 0.3083465921875 0.2859778125 0.061227409375 0.294658578125 0.026899087500000002 0.383537090625 0.2672483015625 0.4084577953125
1 0.1762345515625 0.1275100203125 0.1122494828125 0.227316925 0.300703140625 0.2265808640625 0.3275948515625 0.118565428125 0.1762345515625 0.1275100203125
1 0.268461528125 0 0.239772271875 0.0596583953125 0.360432853125 0.0616846875 0.3762384328125 0 0.268461528125 0
1 0.5923797328125 0.11055340312499999 0.6036829218750001 0.2031268453125 0.7848943562499999 0.17908023906249998 0.75736344375 0.09966513125000001 0.5923797328125 0.11055340312499999
1 0.5759700828125001 0 0.577040484375 0.0375843640625 0.7147125734374999 0.03197465625 0.7017126765625 0 0.5759700828125001 0
1 0.8324273312500001 0.4548568796875 0.7901403375 0.2899518640625 0.5985639953125 0.3130322421875 0.6191367750000001 0.452439265625 0.8324273312500001 0.4548568796875
5 0.439765 0.25711 0.03593965405277597 0.034994423916276676
5 0.379972 0.251749 0.03913742865988179 0.03668425790866543
2 0.410548 0.0 0.0317059183207995 0.027804006425790638
2 0.456824 0.0 0.0330693651776464 0.040335839923887826