6 0.5537672970746054 0.4716827106779856 0.013540348620028198 0.015152874525034754
6 0.5923934204514 0.4457735208984717 0.018391489853730292 0.02463697729857639
6 0.629416133519769 0.4175569487101384 0.02303807954530477 0.022402330072118025
6 0.6580087378218401 0.3989153982732981 0.0222295560063543 0.020821646276527783
6 0.6920700921239111 0.3801465612673258 0.016719895697928956 0.018350609707395903
6 0.7245962199649326 0.3629765918525341 0.0166653486200282 0.015225609707395903
6 0.752353027189103 0.3412282252112841 0.014403419236879244 0.019858558320624997
6 0.77867006533855 0.3265474761612146 0.012827282467404189 0.01904094072944442
6 0.8032473254848197 0.3017468447023257 0.014335235389503254 0.015952308320624997
6 0.4908133295420095 0.49190559812079826 0.011319329545304768 0.022129573138263935
6 0.44932525892515846 0.48818183928708303 0.012950013392680582 0.0260721907294446
6 0.41365081168510204 0.45931261008864543 0.0151983060063543 0.02065799211621524
6 0.37272580275664824 0.44307066745934 0.010497169236879244 0.019767639342673605
6 0.35360760998081864 0.42241332855350666 0.015993192775829623 0.02145742591180557
6 0.32568716152294624 0.43478669519475666 0.02063978246740401 0.01922277868534721
6 0.30713203043551396 0.40161117249333306 0.01676080600635448 0.020694359707395905
6 0.2796479586008469 0.43898453913458313 0.014417056006354479 0.020639808320624908
6 0.2667797658250173 0.4181817298640276 0.02679432508107791 0.013899499050069508
6 0.22971614244822272 0.44405455205236094 0.01592500892845372 0.01755117591180557
6 0.23689780235290642 0.13907611132291647 0.018405126623205436 0.02541822729857639
6 0.3340494918823252 0.10789688687413168 0.017705697240056394 0.030087543502986137