1 0.21205276718750002 0.5229308203125 0.21143077031250002 0.540148746875 0.22204849375000002 0.5384056687500001 0.22183100156250002 0.5309309671875 0.22491494687500002 0.5211355015625 0.2298779953125 0.518028065625 0.23725949218750003 0.5208481796875 0.2450715890625 0.519170378125 0.262509678125 0.520260475 0.2859460453125 0.51522711875 0.2864462765625 0.5324189265625 0.2955111359375 0.535199834375 0.2951414 0.522492859375 0.29479341406250004 0.51053335 0.2845845765625 0.5070310703125 0.244314753125 0.512456228125 0.23850783281250001 0.5058595968749999 0.21552385156249998 0.5071425281249999 0.214793109375 0.5206231171875 0.21205276718750002 0.5229308203125
1 0.39775169374999997 0.575454821875 0.397168975 0.596983446875 0.4063032234375 0.5991909984375 0.40934370937500003 0.587900596875 0.41726458906249997 0.5899601578125 0.464855046875 0.6045599921875 0.5571433390625 0.6308350421875 0.5571477218750001 0.6502823249999999 0.564485684375 0.6516074796875 0.574024678125 0.65138545625 0.5737419390625 0.6416683515625 0.5707580109375 0.616306615625 0.5617584390625 0.615768109375 0.5493051484375 0.6123180796875001 0.519326734375 0.604788096875 0.4450375875 0.5795900484375001 0.4053462625 0.56630234375 0.40457205781249994 0.5782879734375 0.39775169374999997 0.575454821875
1 0.2844818203125 0.3684178265625 0.2861260296875 0.38633100625 0.299723296875 0.3905023671875 0.2976702015625 0.37783457343750004 0.3001713015625 0.367304675 0.3920029375 0.3778828765625 0.40883639374999997 0.3774910734375 0.4078837390625 0.36404966562499996 0.4092408625 0.35279844531250004 0.40626131875000004 0.3468839796875 0.40056314375 0.344024709375 0.39989768593749997 0.3597477 0.397092059375 0.35981300156249996 0.294190425 0.3547283 0.291149940625 0.3660187015625 0.2844818203125 0.3684178265625
1 0.3982195109375 0.3020725765625 0.39954341250000003 0.3178394109375 0.4110425375 0.31822959375000004 0.4084282703125 0.3055748328125 0.41505296875 0.3016807734375 0.5551796359375001 0.2931834453125 0.5557886125 0.314112615625 0.5714563796875 0.312251971875 0.5689030546875 0.28239237031250003 0.5491769734374999 0.27985960312499997 0.4023821859375 0.290756028125 0.402664925 0.30047315937499997 0.3982195109375 0.3020725765625
1 0.2798213265625 0.1310578140625 0.2818382765625 0.1559248875 0.2959892875 0.146389003125 0.2927052546875 0.1300099640625 0.4068422640625 0.096686365625 0.4048282828125 0.06606620937499999 0.39585045937499996 0.06627517031249999 0.39462383125 0.0820112234375 0.39004792187500004 0.07912583437500001 0.28678958906249996 0.11967599375 0.28655473124999997 0.13090109218749998 0.2798213265625 0.1310578140625
1 0.6244020953125 0 0.5679954875 0.019633814062499998 0.5666122328125 0.010690296875 0.5619058296875 0.0033201015624999995 0.552349371875 0.009672651562499999 0.552414715625 0.024484328125 0.5596048921875 0.0400244765625 0.5697267296875 0.0405368625 0.5706531781249999 0.033783509375 0.687535190625 0 0.6244020953125 0
1 0.1862473859375 0.2921667703125 0.1765250328125 0.29256920468750003 0.17532955625 0.302892546875 0.18549489375 0.3048998921875 0.19781769062500001 0.30386507812499997 0.2006841421875 0.286594909375 0.20784815 0.281940321875 0.20884426562499997 0.29687666562500004 0.21877032343749997 0.2906618171875 0.2170826171875 0.271253728125 0.19850055312499998 0.269442284375 0.1862473859375 0.2921667703125
1 0.2189202125 0.3463647390625 0.2179305140625 0.323495078125 0.2072391375 0.32300276562499997 0.20671983906250002 0.3329969765625 0.20018064687499998 0.33099087968749996 0.196082675 0.31543862031250003 0.17712529531250001 0.31407833125 0.17647976875 0.325323728125 0.18952888125 0.32804357500000003 0.1949419546875 0.3469228390625 0.20304272031249998 0.34673429218749996 0.2189202125 0.3463647390625
1 0.284043171875 0.3283319859375 0.28388837968749997 0.3439757296875 0.295814446875 0.34385502031250004 0.293603353125 0.277128196875 0.252913459375 0.2773572234375 0.24915526406250002 0.1481964109375 0.2158708953125 0.143585771875 0.2147998234375 0.12530052187500001 0.20458612187499997 0.1262562921875 0.208663684375 0.155242246875 0.2387682640625 0.16172201718749998 0.24272270625 0.28836510937500004 0.2785646671875 0.288248921875 0.27947500000000003 0.3287973328125 0.284043171875 0.3283319859375
1 0.55517075625 0.3481979546875 0.5534926609374999 0.3670133765625 0.5602222703125 0.36883319531250003 0.559940709375 0.3846514171875 0.567753565625 0.38545779687500004 0.5676673609375 0.382495115625 0.7954509484375001 0.3964638625 0.8072837984375001 0.3952002234375 0.816993159375 0.397444809375 0.8185850515625 0.3756667171875 0.8155334625 0.37277305625 0.8183666437499999 0.3554131046875 0.800059953125 0.3508980515625 0.7987381484375 0.36921105 0.8001231640625001 0.37856699374999997 0.5701442984375 0.3656375796875 0.5697420078125 0.3518117265625 0.55517075625 0.3481979546875
1 0.79872715 0.706279590625 0.7998235796875 0.73671180625 0.8163763578125 0.7390136828125 0.8214842234375 0.734533625 0.835539628125 0.73377036875 0.8339798421875001 0.623905225 0.82924734375 0.6187819890624999 0.8249485062499999 0.58355655625 0.838626075 0.5810576453125 0.8370231984375 0.5597252187499999 0.8130640234375001 0.5576661828125 0.8142128953125001 0.574647990625 0.8153465734375 0.57985501875 0.8162368078125001 0.62170150625 0.8250956203124999 0.6223675453124999 0.824172515625 0.714409684375 0.8155520859375001 0.710685271875 0.79872715 0.706279590625
1 0.7953278640625 0.274409359375 0.7958757078125 0.304488665625 0.8169157281249999 0.3074878921875 0.8160965671874999 0.30183744218749997 0.8186377953124999 0.2991615875 0.825345940625 0.30467496875 0.8308824093749999 0.303673875 0.8439436703125001 0.302497640625 0.8559727031250001 0.29960096875 0.8647047078125001 0.29590879062500003 0.8784203203125 0.2947173265625 0.879840553125 0.287270275 0.8652423734375001 0.2806321890625 0.856923734375 0.276028521875 0.8440146468749999 0.282434615625 0.832827625 0.28051441875 0.8195152953125 0.284313190625 0.8121147578125001 0.277507578125 0.7953278640625 0.274409359375
0 0.590367521875 0.67078093125 0.766266975 0.7337820765624999 0.7658822328125 0.3956202796875 0.5850706359375 0.387863659375 0.590367521875 0.67078093125
0 0.7070500953125001 0 0.5898582640625001 0.032500865625 0.58867175625 0.36237615624999997 0.7626389421875001 0.3653906359375 0.7633410921875 0 0.7070500953125001 0
0 0.41921413281250003 0.048538776562500004 0.42177211249999996 0.283372525 0.53646184375 0.2762949 0.5328214890625 0.0049614109375 0.41921413281250003 0.048538776562500004
0 0.4242322625 0.33472846093749997 0.42213358906250004 0.5707266484375 0.5336942375 0.6035989234375 0.5349428484375001 0.3378193140625 0.4242322625 0.33472846093749997
0 0.3074459375 0.3814274875 0.3067952625 0.5727180453125 0.38515333125 0.5987685796875 0.38416075156249996 0.3859393390625 0.3074459375 0.3814274875
0 0.302258675 0.1381651734375 0.3037964125 0.32672558125 0.384866028125 0.3289431140625 0.38141979375 0.1130222578125 0.302258675 0.1381651734375
