2 0.721613 0.42992 0.01631635876750561 0.015207425911805572
2 0.726939 0.460298 0.013790672249741042 0.011246624525034577
2 0.737662 0.522616 0.01415454528527027 0.019059124525034575
2 0.579888 0.560701 0.01869649607105863 0.01604322729857639
2 0.558535 0.488463 0.018514559553293886 0.01213697729857639
2 0.552412 0.474527 0.008884848428423454 0.00645002175149294
2 0.448276 0.589573 0.011446922249741042 0.011192073138263935
2 0.418512 0.521441 0.016352746071058633 0.015988675911805573
2 0.408409 0.506035 0.01468108416039975 0.013608558320624908
2 0.309426 0.496607 0.021149407981717338 0.018441528685347208
2 0.256594 0.537724 0.012555657981717516 0.01824150693385427
2 0.274909 0.561542 0.014190932588823202 0.019840374525034753
2 0.306254 0.613213 0.010920383374611476 0.016642639342673606
2 0.32708 0.690938 0.012519270678164496 0.01746025693385427
2 0.353336 0.734125 0.014535534946188023 0.010483558320624909
2 0.36522 0.754182 0.014008996071058632 0.015934124525034576
2 0.393565 0.791845 0.015353172249740865 0.011282992116215241
2 0.520963 0.773238 0.0173159325888232 0.019913109707395904
2 0.498503 0.727617 0.01709760876750561 0.015225609707395903
2 0.492343 0.712901 0.017769696856846907 0.012900043502986236
2 0.464796 0.658795 0.015498721463952769 0.01440799211621524
2 0.594809 0.629178 0.013754284946188022 0.010465374525034755
2 0.617923 0.688861 0.014790246071058633 0.015952308320624907
2 0.623302 0.703596 0.018514559553293886 0.01213697729857639
2 0.63973 0.75405 0.01869649607105863 0.01604322729857639
2 0.780226 0.731227 0.016243584160399747 0.013644925911805572
2 0.770231 0.684534 0.015353172249741042 0.011282992116215241
2 0.763707 0.662005 0.018732883374611476 0.016824477298576567
2 0.749332 0.605247 0.02274829528527027 0.01925914627652787
2 0.708227 0.20968 0.014227319892376222 0.020621624525034753
2 0.649792 0.130484 0.016425520678164496 0.01755117591180557
2 0.594869 0.143494 0.02118579528527036 0.01922277868534721
2 0.54318 0.158775 0.014826633374611476 0.016733558320624998
2 0.489856 0.17253 0.01493579528527036 0.019077308320624996
2 0.202797 0.255857 0.018623721463952768 0.01448072729857639
2 0.247563 0.243083 0.016243584160399747 0.013644925911805572
5 0.575849 0.188516 0.019696069892376045 0.020748911094166635
5 0.495654 0.213064 0.018732883374611476 0.01682447729857639
5 0.200673 0.294229 0.01493579528527018 0.019077308320624996
5 0.12949 0.310745 0.019696069892376045 0.02074891109416672
1 0.690216 0.679358 0.11565073283649223 0.12053266517822933
1 0.431697 0.720569 0.09502786372990428 0.09664057028847228
1 0.350744 0.544135 0.0913570541766104 0.08484908510611114
1 0.648906 0.480885 0.13894052956950453 0.08439579663711819
4 0.433304678125 0.668700646875 0.422508796875 0.6900033421875 0.43135207500000006 0.6930830359375 0.43655367500000003 0.677876834375 0.44705985625 0.6627940984375 0.47553537187500006 0.6390290359375 0.499959646875 0.62331229375 0.5197325125 0.6022185375 0.527634434375 0.5904280265625 0.521172571875 0.58884069375 0.50731289375 0.605761284375 0.4877628703125 0.6220704546875 0.45151221875 0.646133525 0.433304678125 0.668700646875