0 0.702402765625 0.34909810937499997 0.4718324390625 0.3463858 0.4429831609375 0.407073115625 0.6933002 0.412188540625 0.702402765625 0.34909810937499997
0 0.73438133125 0.438157240625 0.432838215625 0.43523143124999997 0.38514382343750003 0.517126721875 0.7307472140625 0.5266575203125 0.73438133125 0.438157240625
0 0.6750978640625 0.5654564328125 0.3577083125 0.5611139828125 0.2886649734375 0.6819656843749999 0.6587444046875001 0.7029334453125 0.6750978640625 0.5654564328125
0 0.9954076359374999 0.5718105359375001 0.698989896875 0.5674081109375 0.6919598859375 0.69380478125 0.9972247203125001 0.702790965625 0.9954076359374999 0.5718105359375001
0 0.9949707296874999 0.44561740937499994 0.7909041421875 0.439427515625 0.7965485796875 0.524042284375 0.997514559375 0.5283992265624999 0.9949707296874999 0.44561740937499994
0 0.9665384296875 0.3496337015625 0.7193708812499999 0.35041056875 0.71687541875 0.4070908140625 0.994521040625 0.411992371875 0.9665384296875 0.3496337015625
1 0.7918192687500001 0.330804334375 0.7304028703125 0.3332551140625 0.7293126546875001 0.34060744062500004 0.80199475625 0.33979051875 0.8049020312499999 0.30929195625 0.9477223578125 0.311198115625 0.9539003546875 0.2856011078125 0.97425133125 0.2847841796875 0.97513225625 0.277878240625 0.9408175671875 0.27988262812500003 0.9368200515625 0.303573475 0.793999725 0.30221193125 0.7918192687500001 0.330804334375
1 0.690064315625 0.4294237328125 0.7216810328125 0.4294237328125 0.7234980796875 0.42179909687499995 0.7078714265625 0.4209821734375 0.7155030484375 0.3382003609375 0.6770104046875 0.33512483125000003 0.676981540625 0.34419115 0.70278368125 0.3450080734375 0.690064315625 0.4294237328125
1 0.999326665625 0.41254060625 1 0.3874882171875 0.9815195187500001 0.34037882812500003 0.9399650671875 0.336023990625 0.942634603125 0.34528038125 0.9706172125 0.3458250015625 0.999326665625 0.41254060625
1 0.7754657843749999 0.5420182687499999 0.7565684453125 0.54229056875 0.7547513859375 0.553182915625 0.793999725 0.5526383 0.7892753906250001 0.42370526093749994 0.7565362062500001 0.421744015625 0.7540245671875 0.42928250625000003 0.7721950875 0.42846558281249997 0.7754657843749999 0.5420182687499999
1 0.7085982453125 0.727994878125 0.680615646875 0.7277225796875 0.6962422890625 0.551538921875 0.7173201078125 0.551538921875 0.7173727453125001 0.5407329984375 0.67734495 0.5430099687500001 0.658811009375 0.7380703125 0.7049641515625 0.7405210906249999 0.7085982453125 0.727994878125
1 0.7565362062500001 0.727458784375 0.764563478125 0.78208675625 0.788548571875 0.7815421406249999 0.78818515 0.7281696640625 0.7565362062500001 0.727458784375
1 0.30584513593749996 0.73411495 0.31638404531250003 0.7213164484375 0.28367710156250003 0.7213164484375 0.275318646875 0.73302571875 0.28622097812499997 0.7354764890625 0.28440391875 0.7469134515625 0.40905372656249994 0.7482749906249999 0.4130512421875 0.745007296875 0.449755678125 0.7463688359375 0.45193615937500003 0.751815 0.47555785625 0.7550827124999999 0.481009009375 0.751815 0.482462646875 0.734659565625 0.40905372656249994 0.7343872578124999 0.40723666718749996 0.743373440625 0.3054817140625 0.740378046875 0.30584513593749996 0.73411495
1 0.5377300578125 0.313506678125 0.5370032390625 0.323854409375 0.535913021875 0.32984519843750004 0.5188327187499999 0.3309344296875 0.5195595390625 0.33883138125 0.5475421484375 0.33801445937499996 0.5482689671875 0.329572890625 0.5500860265624999 0.313506678125 0.5457250890625 0.2979850890625 0.5504494234374999 0.29308354062499997 0.5508128453125 0.286548134375 0.5486323890625 0.276200403125 0.5355496015625001 0.275111171875 0.5340959640625 0.273749625 0.516360290625 0.2745813171875 0.5166522625 0.2802850296875 0.5344593843750001 0.280557346875 0.5326423265625 0.29498969375 0.5377300578125 0.313506678125
