0 0.10101138750000001 1 0.34176065 0.9903011046874999 0.20365228124999998 0.8023901375 0.0367802078125 0.8802862625 0.09703079375 1 0.10101138750000001 1
0 0.1767091328125 0.7683640828125 0.08287745468749999 0.64398194375 0.007803050000000001 0.6705924890625 0.0108005125 0.8378009015625001 0.1767091328125 0.7683640828125
0 0.3432930953125 0.665704840625 0.234943915625 0.571313265625 0.12395053593750001 0.6116939265625 0.22668845937499998 0.72879618125 0.3432930953125 0.665704840625
0 0.5137842390625 0.6250593375 0.379368859375 0.526372921875 0.2897175421875 0.5573530515625 0.41185356406249995 0.6716029531250001 0.5137842390625 0.6250593375
0 0.7044231484375 0.76450899375 0.519155775 0.63039355625 0.4201257328125 0.675583565625 0.5985645671875 0.8385221703125 0.7044231484375 0.76450899375
0 0.2450526015625 0.7556133234375 0.40443885 0.9469725296875 0.548962565625 0.864889753125 0.371930071875 0.6983139828125 0.2450526015625 0.7556133234375
1 0.708745703125 0.7279052890625 0.7011782609375 0.71402503125 0.7185795984375 0.6917646109375 0.7238986093750001 0.6592869890624999 0.719768084375 0.647024565625 0.7297961296875 0.63736286875 0.71898621875 0.6287884078125 0.7078976875 0.6550269859375 0.712019378125 0.6665302875 0.704858278125 0.6875708875 0.6840376125 0.7097318140625 0.6983994640625 0.7200153453125 0.6893696968749999 0.7273415046875 0.7031175953125001 0.7338126453125 0.708745703125 0.7279052890625
1 0.5268252796875 0.5647623984375 0.5099319703125 0.581725346875 0.507811446875 0.5953237125 0.5204902125 0.607834915625 0.53429990625 0.6196201109375 0.5480830984375 0.6291278390625 0.553097215625 0.6194081406249999 0.519120778125 0.5880638828125 0.5320514000000001 0.573262278125 0.53576675 0.549844721875 0.45881940312499997 0.49751890000000004 0.4619030171875 0.4687707078125 0.44320855625 0.450690084375 0.4401591515625 0.46054910156249995 0.45108408593749993 0.469214825 0.4475189046875 0.505537903125 0.5232999875 0.5555530937500001 0.5268252796875 0.5647623984375
1 0.5446022187499999 0.5258172296875 0.553738025 0.527600834375 0.5564814109375 0.51857398125 0.5495986671875001 0.5145792390625 0.5438203125000001 0.507581071875 0.551202290625 0.505519221875 0.5706313359374999 0.5106378874999999 0.5780133109375 0.5085759875 0.5801515015625001 0.4964959125 0.5739461390625 0.48790558125 0.5704634984375 0.4962140203125 0.5625116203125 0.49825934062500005 0.5527882843749999 0.49494085937500004 0.5368934015625 0.499790621875 0.5347905468749999 0.51490728125 0.5446022187499999 0.5258172296875
1 0.59981905 0.5221116218749999 0.5940583640625 0.5166317984375 0.5945487640625 0.509816034375 0.592733096875 0.500656475 0.583650290625 0.5034277515625 0.5797583093750001 0.5116623203125 0.5792414109374999 0.51620066875 0.5815739359375 0.520821878125 0.5822056703125 0.526152515625 0.5799968140625 0.5321593609375 0.5748943625 0.534287590625 0.5714043671875 0.528114871875 0.5685284796875 0.52575455 0.5657560359375 0.5377844046875 0.5807521796875 0.548118103125 0.5864598640625001 0.5490430453124999 0.58976431875 0.5392736015625 0.591955509375 0.5317484609375 0.5987411234375 0.5273925109375 0.59981905 0.5221116218749999
1 0.4238225625 0.5249097421875 0.4148395265625 0.5347474375 0.4063562765625 0.5223817171875 0.2787189671875 0.56411366875 0.262661640625 0.5702354109375001 0.2713820453125 0.585108221875 0.28265194843749997 0.5763469890625 0.40498058437499995 0.534460571875 0.4172322390625 0.5449161328125001 0.43228230156249997 0.5352549703125 0.4238225625 0.5249097421875
1 0.5729410546875 0.6352888937500001 0.55316439375 0.6296639328125 0.41283441718749997 0.6881949671875 0.3957857078125 0.6908236421875 0.40927765781250003 0.7082896234375 0.4227991578125 0.69757408125 0.55555705625 0.639832625 0.56785573125 0.654329171875 0.580689409375 0.6496530390624999 0.5729410546875 0.6352888937500001
1 0.5723408921875001 0.8443222109375 0.5615942359375 0.8329005374999999 0.55476880625 0.8327019375000001 0.540183265625 0.8171289125 0.35944150937499997 0.9209398406249999 0.3475542671875 0.9418019765625001 0.36562320000000004 0.964503484375 0.37731923125 0.9588265796875 0.366490290625 0.9403331500000001 0.5450039062500001 0.840497040625 0.5527875812499999 0.8578919578124999 0.5723408921875001 0.8443222109375
1 0.3845980171875 0.672224778125 0.3692540734375 0.65662971875 0.19650186875 0.7303758953124999 0.1867957453125 0.7432222625 0.19809274375000002 0.7528770578125 0.2134331015625 0.7520765625 0.20116971718749999 0.74061075625 0.3663733796875 0.6696746859375 0.37714354375000003 0.683116853125 0.3845980171875 0.672224778125
1 0.030656228125 0.881507284375 0.2342990140625 0.7897280609374999 0.22415471718750002 0.7646421421875 0.015172304687499999 0.8679322375 0.030656228125 0.881507284375
1 0.00825905625 0.6555149484375 0.010736603124999999 0.6656111296875 0.1059636890625 0.6330817671875 0.107075740625 0.6393435625 0.11382471093749999 0.6388477781249999 0.1078896921875 0.61998675 0.00825905625 0.6555149484375