1 0.77308333125 0.6066011 0.7646956234375 0.598557796875 0.7610830359375 0.606531284375 0.5750325828125 0.5112914375 0.5799164609374999 0.5051018968750001 0.5707999781249999 0.49883093437500003 0.559681946875 0.5215569515625 0.5686603234375001 0.52191369375 0.756648815625 0.618941334375 0.7530362265625 0.626914821875 0.7573618703125 0.6367110406250001 0.77308333125 0.6066011
1 0.4396945859375 0.677753225 0.448506915625 0.685882621875 0.46494335312499996 0.6617438984375 0.45811501562499995 0.6588191203125 0.45899132187499997 0.6461300390625 0.306361859375 0.5390725734374999 0.2926145328125 0.5482247359375 0.2887572421875 0.54704828125 0.2771148125 0.5579436890625 0.287840675 0.5608911421875 0.2976501265625 0.552870103125 0.4455159109375 0.6598998734375 0.4478926578125 0.666260790625 0.4396945859375 0.677753225
1 0.163856959375 0.41497042500000003 0.1772012453125 0.44216745937499996 0.16831835625 0.44846286874999997 0.172346834375 0.457141421875 0.1922779140625 0.4445631984375 0.18839048281249998 0.4318464015625 0.1747641625 0.4127258546875 0.167402190625 0.38787168906249997 0.17160193906250001 0.37924096875 0.16543844531250002 0.3572788078125 0.16009064687500002 0.3491695875 0.14916331562500001 0.35199104531250003 0.13415150468749998 0.360957215625 0.1388905171875 0.3732805953125 0.15612249218750002 0.3635717 0.161268834375 0.377449853125 0.1560619265625 0.39011374062500004 0.163856959375 0.41497042500000003
1 0.4077526359375 0.43889267656250003 0.4158398296875 0.44297879062499995 0.429607328125 0.43324975937500004 0.430423140625 0.422291365625 0.4231818984375 0.418787159375 0.41534644375 0.41989558593750004 0.30002072343749997 0.3609468375 0.28806608749999996 0.3683783890625 0.28531666875 0.360284284375 0.269364928125 0.3763509875 0.27959613125 0.375253209375 0.289848653125 0.3793519203125 0.30229677499999996 0.3701922015625 0.40982735937500003 0.42909561875 0.4077526359375 0.43889267656250003
1 0.3257750203125 0.302832434375 0.324607728125 0.29328195625000003 0.3885421875 0.24600520312500002 0.385617003125 0.20800248125 0.395637825 0.2003970015625 0.3944049125 0.19272604843750002 0.3889612359375 0.1910283453125 0.3791729953125 0.2062989578125 0.383837396875 0.23747482031249997 0.31614003125 0.2850628953125 0.3167040765625 0.304725446875 0.3290802234375 0.3227906734375 0.300390225 0.3492803859375 0.30629145625 0.3593644109375 0.3174522453125 0.3477670703125 0.3385640515625 0.3305630953125 0.33726716875 0.31756043749999996 0.3257750203125 0.302832434375
1 0.2740618 0.2782205734375 0.27822356875 0.28060090312499997 0.2857575765625 0.27758178437500003 0.2936658125 0.268910153125 0.29329982656250003 0.264195796875 0.290408815625 0.2608804109375 0.28584402343750004 0.25991140625 0.28023053125 0.26364853125 0.2787870859375 0.2593991234375 0.27683781406249997 0.254439940625 0.2793464078125 0.2535120875 0.2806459671875 0.246686909375 0.27699495 0.2391896703125 0.26961232812499997 0.24355976250000003 0.27050881250000003 0.24827721249999998 0.2635875328125 0.2590750859375 0.2724086765625 0.26478108749999996 0.2740618 0.2782205734375
1 0.307664559375 0.26310130625 0.31968936718749996 0.253039959375 0.31709857656249996 0.246192146875 0.31403078125 0.23274443281249999 0.30418560625 0.23103787343749999 0.29719035781250003 0.23382451718750003 0.290799628125 0.23449416875 0.28860770625 0.2314184671875 0.27876317500000003 0.23868129843750002 0.2909928671875 0.24415537656250003 0.303568715625 0.23857385781249998 0.3079155515625 0.240719653125 0.3092026875 0.2494447765625 0.2999620140625 0.25575253125 0.307664559375 0.26310130625
1 0.5268389906250001 0.3241247265625 0.5332702828125 0.3260862390625 0.5406587203125001 0.3213189875 0.5428837390625 0.3093062890625 0.538702590625 0.30495275 0.5317255015625 0.308279325 0.42670080468749993 0.2653380984375 0.4149464328125 0.271042015625 0.4089937640625 0.26571610625000003 0.40234305781249996 0.2713661671875 0.4064581140625 0.2762839015625 0.41717131875 0.2797134109375 0.42536580312499994 0.272545703125 0.5271077 0.3164298953125 0.5268389906250001 0.3241247265625
1 0.83252570625 0.45079520000000006 0.8428275187500001 0.4556653703125 0.8500145546875 0.4359851625 0.6735309375 0.36294993125 0.662978253125 0.3839083546875 0.6661435171875 0.386331890625 0.6727008078125001 0.37434441406249996 0.8327440328125 0.4445431453125 0.83252570625 0.45079520000000006
1 0.711669228125 0.7434890828125 0.7276339000000001 0.7486759828125 0.735774403125 0.73457328125 0.7152752203125 0.725397978125 0.6936692515625 0.772250428125 0.6985495375 0.7785048437500001 0.6750467453125 0.8310062984375 0.6624706625 0.8139530890625 0.6539228171875 0.83680406875 0.6626324593749999 0.8458210703125 0.666811271875 0.85999540625 0.6822426734375 0.8317850968749999 0.7041676203125 0.7770104625 0.7021850890625 0.7717339921875 0.711669228125 0.7434890828125
1 0.7845416484375 0.6277918171875 0.789777634375 0.623860259375 0.7930773765625 0.602371390625 0.78433433125 0.5972265046875 0.78567799375 0.5830842796875 0.7772313703125 0.5694510953125 0.7695156828124999 0.58355625 0.7799183843749999 0.5898427921875 0.7805111234375001 0.5972042625 0.7800763765625 0.6096537765625001 0.7884933828125 0.6119667453125001 0.7845416484375 0.6277918171875
1 0.44127023750000005 0.40976735781249995 0.4493634484375 0.40027047343750005 0.58805050625 0.47225944531249997 0.5835388218750001 0.48177716562499995 0.59031785 0.490681153125 0.6015853375 0.4779055 0.5951580234375 0.47389146562500006 0.5949637578125 0.46235803124999997 0.4556242421875 0.391955921875 0.437300028125 0.40377928281250003 0.44127023750000005 0.40976735781249995