2 0.599107 0.304479 0.01875 0.01875
2 0.747544 0.364635 0.0171875 0.02890625
2 0.719419 0.581822 0.025 0.0203125
2 0.331919 0.477135 0.0203125 0.03046875
2 0.5577 0.51151 0.02890625 0.025
2 0.502231 0.483385 0.02890625 0.02890625
2 0.385825 0.428697 0.0390625 0.0296875
2 0.305356 0.431041 0.0203125 0.02578125
2 0.206138 0.395104 0.03203125 0.034375
2 0.292075 0.240416 0.01171875 0.01953125
2 0.3952 0.279479 0.02109375 0.01875
2 0.269419 0.238072 0.02109375 0.03359375
2 0.625669 0.181041 0.021875 0.01875
2 0.754575 0.219322 0.03671875 0.02734375
2 0.746763 0.106041 0.034375 0.040625
2 0.649888 0.077135 0.0203125 0.0234375
2 0.384263 0.057604 0.025 0.03046875
2 0.440513 0.171666 0.03359375 0.021875
2 0.480356 0.084947 0.034375 0.04765625
2 0.246763 0.101354 0.03046875 0.02890625
2 0.075669 0.332604 0.01875 0.02734375
2 0.16395 0.370885 0.0296875 0.02890625
1 0.3488106265625 0.3763910015625 0.208745584375 0.4189332796875 0.23308120937500001 0.5984761140625 0.375850209375 0.525649503125 0.3488106265625 0.3763910015625
1 0.38017654218749997 0.361248834375 0.432633334375 0.511949446875 0.5429548359374999 0.4636387234375 0.499150709375 0.3187065578125 0.38017654218749997 0.361248834375
1 0.56512729375 0.34105927812500003 0.632726253125 0.4672440015625 0.7295279609375 0.4247017234375 0.6467868359375 0.3064486125 0.56512729375 0.34105927812500003
1 0.6949172953125 0.289864334375 0.760893878125 0.40811744687499996 0.8468797531250001 0.37062255781250003 0.7619754624999999 0.2559747234375 0.6949172953125 0.289864334375
1 0.5770247109375 0.10599516718749999 0.6013603359374999 0.1680059453125 0.6705816687499999 0.14925850000000002 0.6338078359375 0.09013194531249999 0.5770247109375 0.10599516718749999
1 0.319067084375 0.1312321125 0.341780334375 0.20477977812499998 0.44290837656250004 0.1744954453125 0.40613454375 0.10815833281250001 0.319067084375 0.1312321125
1 0.7468332953125 0.0281211671875 0.950711753125 0.23073777812500001 0.9950566703125 0.1744954453125 0.803075628125 0.0079316109375 0.7468332953125 0.0281211671875
1 0.27777777656249997 0.15625 0.220269096875 0.163483796875 0.20833333281250002 0.24305555625 0.2853732640625 0.20833333281250002 0.27777777656249997 0.15625