2 0.238182 0.600832 0.015625 0.01484375
2 0.234276 0.570363 0.01328125 0.0109375
2 0.226463 0.507863 0.01328125 0.01875
2 0.385838 0.473488 0.01796875 0.015625
2 0.403807 0.546144 0.01796875 0.01171875
2 0.409276 0.560207 0.00859375 0.00625
2 0.518651 0.447707 0.0109375 0.0109375
2 0.545213 0.516457 0.015625 0.015625
2 0.554588 0.532082 0.0140625 0.01328125
2 0.653026 0.5438 0.0203125 0.01796875
2 0.707713 0.503957 0.01171875 0.01796875
2 0.690526 0.479738 0.01328125 0.01953125
2 0.661619 0.427394 0.01015625 0.01640625
2 0.644432 0.349269 0.01171875 0.0171875
2 0.620213 0.305519 0.0140625 0.01015625
2 0.609276 0.285207 0.01328125 0.015625
2 0.582713 0.246925 0.01484375 0.0109375
2 0.454588 0.26255 0.01640625 0.01953125
2 0.474901 0.308644 0.01640625 0.01484375
2 0.480369 0.323488 0.0171875 0.0125
2 0.505369 0.378175 0.01484375 0.0140625
2 0.374119 0.404738 0.01328125 0.01015625
2 0.353807 0.344582 0.0140625 0.015625
2 0.349119 0.329738 0.01796875 0.01171875
2 0.335057 0.278957 0.01796875 0.015625
2 0.193651 0.298488 0.015625 0.01328125
2 0.201463 0.345363 0.01484375 0.0109375
2 0.206932 0.368019 0.01796875 0.01640625
2 0.218651 0.42505 0.021875 0.01875
2 0.241307 0.821144 0.01328125 0.0203125
2 0.295994 0.901613 0.015625 0.0171875
2 0.351463 0.889894 0.0203125 0.01875
2 0.403807 0.875832 0.0140625 0.01640625
2 0.457713 0.863332 0.0140625 0.01875
2 0.748338 0.786769 0.01796875 0.0140625
2 0.703026 0.798488 0.015625 0.01328125
5 0.372557 0.845363 0.01875 0.0203125
5 0.453807 0.822707 0.01796875 0.01640625
5 0.752244 0.748488 0.0140625 0.01875
5 0.824119 0.733644 0.01875 0.0203125
1 0.281151 0.352394 0.11015625 0.11796875
1 0.541307 0.317238 0.090625 0.09453125
1 0.613963 0.495363 0.0875 0.0828125
1 0.313182 0.551613 0.13515625 0.08125
4 0.5349467625 0.4066897390625 0.548004196875 0.4239142453125 0.5545329140625 0.42247887031250003 0.5471881062499999 0.41051740781249996 0.5284180453125 0.3889867734375 0.5047514453125 0.372719184375 0.4774124421875 0.3483178 0.46761936718749997 0.3330071265625 0.4631308734375 0.31769645468749996 0.45415388749999996 0.32056720625 0.4639469640625 0.3420978390625 0.48108484531249995 0.3650638484375 0.5161767 0.389943690625 0.5349467625 0.4066897390625