1 0.7105370609375 0 0.6704375640625 0.0037247843750000003 0.8139010062500001 0.18451480468749998 0.978363296875 0.09782876093750001 0.9249440999999999 0 0.7105370609375 0
1 1 0.1416323796875 0.8418121875000001 0.21715005 0.939186453125 0.3366921703125 1 0.31165768437499997 1 0.1416323796875
1 0.899088421875 0.3711516890625 0.793027453125 0.259360490625 0.6783588828125 0.3285992125 0.789365003125 0.41737191406249996 0.899088421875 0.3711516890625
1 0.73504431875 0.4342102296875 0.60968475 0.3262893890625 0.509195825 0.378201528125 0.6463711265625001 0.4699060796875 0.73504431875 0.4342102296875
1 0.601303671875 0.322739728125 0.41827115 0.16905020937499998 0.3146575796875 0.2486544390625 0.5036735046875 0.37314547187499997 0.601303671875 0.322739728125
1 0.46706328125 0.140067903125 0.6487965703125 0.2974704828125 0.7738979375 0.2334890984375 0.6090742328125 0.050363485937499994 0.46706328125 0.140067903125
5 0.488055 0.491436 0.009852502471457924 0.011936955547083272
5 0.513755 0.47483 0.010665585969555025 0.012736389342673604
5 0.542676 0.455954 0.01229175296574958 0.014335256933854268
5 0.64779 0.390367 0.013073002965749581 0.014353440729444422
5 0.685495 0.367003 0.00838550296574958 0.014244337955902787
5 0.725544 0.343693 0.014922004448624283 0.021421058320625085
5 0.730414 0.435299 0.013168503460041059 0.016697190729444422
5 0.700903 0.44947 0.01707475346004106 0.016788109707395905
5 0.676765 0.466112 0.015257585475263546 0.01050174211621524
5 0.541709 0.537258 0.01616616946765248 0.013644925911805572
5 0.524857 0.547814 0.01388608646384668 0.015152874525034754
5 0.50732 0.556007 0.014635502965749581 0.014389808320624909
6 0.585471 0.480409 0.008081755437207506 0.025944904160312632
3 0.302631490625 0.322184825 0.2982627578125 0.354960909375 0.3027468734375 0.36701440937499996 0.29300868125 0.377207365625 0.3040591265625 0.385220721875 0.3143741765625 0.35838522031250003 0.3099209953125 0.34709084218749997 0.316463309375 0.32566224374999997 0.33662099218749997 0.30239701406249997 0.321971846875 0.29285963125 0.33078061875000003 0.2850559359375 0.3168559265625 0.2793011015625 0.3114046125 0.2855069171875 0.3193698453125 0.298999178125 0.302631490625 0.322184825
3 0.5160294796875 0.407642365625 0.502997121875 0.395787778125 0.4888559359375 0.3847188875 0.47480754999999997 0.375927465625 0.47008072656250005 0.385915778125 0.504941140625 0.41549911875 0.49245250937499996 0.43098718125 0.48942224218749997 0.454613659375 0.567828153125 0.5029401078125 0.56558431875 0.531867375 0.584789459375 0.5489796171875 0.5875491796875 0.5389548328125 0.57638115 0.5308561843749999 0.5788855578125001 0.4943241828125 0.501712209375 0.448248675 0.49792172343749996 0.4392184453125 0.514306746875 0.42136011562500003 0.5160294796875 0.407642365625
3 0.4696357578125 0.48698870625 0.47662899999999997 0.49062529687499995 0.48260625 0.497325 0.47529056875000003 0.49977485 0.455728928125 0.49567095156249996 0.4484132515625 0.4981208515625 0.446628653125 0.5103203093750001 0.4530789125 0.518590778125 0.45631665625 0.5100948187500001 0.46420223437499997 0.507631653125 0.47401396875 0.5104427515625 0.4897541546875 0.5047573 0.49141502031249995 0.48952125625000004 0.48129395781250006 0.479118690625 0.47211395156249997 0.4778126234375 0.4696357578125 0.48698870625
3 0.43185569843750005 0.497746340625 0.43393655937500003 0.5068163609375 0.44293096875 0.5035675484375 0.44657985624999996 0.49512405625 0.44696415624999997 0.49055586093750003 0.444499034375 0.4860540359375 0.443712603125 0.480753246875 0.44574466562500004 0.474627015625 0.4507808171875 0.472230171875 0.454447609375 0.4782238125 0.45738979375 0.48043490625 0.459809571875 0.46825246875 0.44452520937499995 0.45869811875 0.4387954265625 0.4580716390625 0.43577826562500005 0.46802015937499997 0.43380806875 0.475664684375 0.427155053125 0.4803787875 0.42623182187499997 0.48571936875 0.432147203125 0.4909007296875 0.43185569843750005 0.497746340625
4 0.5795794859375001 0 0.563556575 0.014656746875000001 0.537037034375 0.0344869765625 0.49984153906250006 0.07175613125 0.4605292125 0.07570478281250001 0.4102180515625 0.12642496406249998 0.37129997656249997 0.1586781546875 0.31286984218749997 0.19644161875 0.286696959375 0.2061516703125 0.2477551625 0.21919250156249998 0.22404587031249998 0.2521030109375 0.2147869546875 0.2856883546875 0.195833803125 0.32354415312499996 0.20655725 0.344529915625 0.2233998984375 0.310768059375 0.22823198906250003 0.2803193640625 0.2413240390625 0.24765600625 0.2707535484375 0.22472450156249998 0.3023997640625 0.2189318734375 0.3258858421875 0.1991723140625 0.3917762640625 0.15820156406250002 0.4240335671875 0.1301482203125 0.4557968921875 0.0899717875 0.4876077171875 0.0882202109375 0.5330867890625 0.06794876093749999 0.5664492 0.0297575171875 0.59528506875 0.0108846796875 0.58948893125 0 0.5795794859375001 0
0 0.6137374453125 0.4556234703125 0.5259066328124999 0.39473578593749997 0.5067064453125 0.42653010625 0.5731035531249999 0.4725114296875 0.6137374453125 0.4556234703125
0 0.32447030312499997 0.313471675 0.4146241984375 0.364967278125 0.45663744375000004 0.349093034375 0.3364745828125 0.2727439671875 0.34137799062499996 0.2999324203125 0.32447030312499997 0.313471675
0 0.622650496875 0.28512704843750003 0.5041638109375 0.177832275 0.4671915828125 0.2019506109375 0.5865406625 0.2992822515625 0.622650496875 0.28512704843750003
0 0.7554727046874999 0.40253826562499995 0.67195585625 0.3276303859375 0.6415208546875 0.34451810312500003 0.7256726109375 0.41637755781249997 0.7554727046874999 0.40253826562499995
0 0.8062588140625 0.1817965359375 0.7026758656250001 0.05692306875000001 0.6536518625000001 0.083344253125 0.7628601781250001 0.21124818437499998 0.8062588140625 0.1817965359375
0 0.930933525 0.33248867187500003 0.8567410515624999 0.2424328875 0.8182520421874999 0.26658649375 0.8894115453125 0.3549276828125 0.930933525 0.33248867187500003
3 0.6195228046875 0.4753135890625 0.7458367 0.42686927499999994 0.7617021515625 0.4199025578125 0.7525560296875 0.4054775421875 0.741550809375 0.41483454531249997 0.6205455875 0.46315529843750003 0.607999840625 0.453335228125 0.5932438703125 0.46379075312499995 0.6019977015625 0.47369908125000004 0.6106866453124999 0.46338476718750005 0.6195228046875 0.4753135890625
3 0.60822155625 0.30973864687499997 0.625179271875 0.3062151875 0.6111901328125 0.2894454015625 0.597992134375 0.30087586875 0.46702819531250006 0.3656077140625 0.4543177921875 0.35174665781250003 0.4416311609375 0.3570979984375 0.44979124375 0.3710649625 0.46971495 0.375657253125 0.60822155625 0.30973864687499997
3 0.462199290625 0.1725795296875 0.4772259703125 0.1873979109375 0.6547915343749999 0.0740546328125 0.666061184375 0.0525570078125 0.647346478125 0.030788290625 0.6358256734375 0.0370814125 0.6471839796875 0.0550187875 0.47172891874999995 0.1642680921875 0.4634452875 0.14727035625 0.4443037046875 0.161872775 0.45537386093750004 0.17273839375 0.462199290625 0.1725795296875
3 0.823142465625 0.2561983375 0.83246626875 0.242835634375 0.8208976874999999 0.23376680312499998 0.8055936390625 0.23537146875 0.8181805265625 0.246201784375 0.6551825515624999 0.3258361234375 0.6440300671875 0.31295001093749997 0.63689909375 0.32423926718749996 0.6526841765625 0.3390399625 0.823142465625 0.2561983375
3 1 0.1088065984375 0.9844465296875 0.096286159375 0.78364896875 0.198790184375 0.794515190625 0.22335993437499999 1 0.10923192500000001 1 0.1088065984375
3 1 0.3155088875 0.9164372000000001 0.3488084796875 0.9151437437500001 0.3426011265625 0.9084149281249999 0.34345079218749996 0.914894165625 0.36201238281250003 1 0.3267909203125 1 0.3155088875
2 0.056644 0.026256 0.009886994562792495 0.0158795731382639
0 0.9438590796874999 0 0.9931896453125001 0.0856179671875 1 0.07928688125 1 0.0669827109375 0.9684953890625 0 0.9438590796874999 0
4 0.45700597500000006 0.5676835078125 0.432876378125 0.5699212218749999 0.41441061250000005 0.5644846828125 0.3999547359375 0.564821146875 0.383357475 0.5589220828125 0.3971021703125 0.5720109453125 0.408483646875 0.57342214375 0.42965835312499995 0.57586245625 0.45834108437500004 0.5772899859375 0.4736202953125 0.5740011843749999 0.48833203750000004 0.5799441296875 0.5002738156250001 0.57966618125 0.5112387218750001 0.578572925 0.5221695109375 0.576642409375 0.5375852046875 0.576702628125 0.545595175 0.5802874124999999 0.555949703125 0.5825517515625 0.555344375 0.572518059375 0.5404036953125 0.568675565625 0.5239599328125 0.566544159375 0.5124006296875 0.5684892968749999 0.4945902859375 0.5714179890625 0.48500904218749996 0.567869775 0.47485043437499996 0.56559206875 0.45700597500000006 0.5676835078125