2 0.292495 0.565554 0.016402927973732773 0.015389387023308564
2 0.286992 0.535221 0.013854460085908116 0.011401291469812235
2 0.275904 0.472994 0.014263895861557074 0.019213791469812235
2 0.433477 0.433054 0.01878762155129756 0.016252482576804894
2 0.455254 0.505083 0.01858290366347326 0.012346232576804894
2 0.46146 0.518954 0.008921298620519024 0.006550100362819755
2 0.564939 0.402635 0.011510710085908293 0.011319445916316085
2 0.595104 0.470457 0.016443871551297562 0.016170637023308565
2 0.605298 0.485755 0.014758540818602839 0.013772323320977619
2 0.70435 0.494036 0.021254202283992107 0.018678078130301045
2 0.756949 0.452282 0.012660452283992107 0.018377977767481467
2 0.738492 0.428664 0.014304839439121864 0.019995041469812236
2 0.706843 0.37733 0.011016065128862352 0.016760914065150522
2 0.685561 0.299805 0.012619508706427317 0.017596727767481467
2 0.65905 0.2569 0.014594766508343326 0.010647323320977708
2 0.647048 0.23697 0.014100121551297562 0.016088791469812236
2 0.618479 0.199616 0.015416960085908293 0.01145585517214318
2 0.491173 0.219715 0.017429839439121863 0.02010416887447395
2 0.513901 0.2651 0.017184177973732773 0.01541666887447395
2 0.520148 0.279753 0.01784259724103805 0.013100200725639333
2 0.548014 0.333567 0.015580734396167629 0.014580855172143182
2 0.418156 0.364713 0.013813516508343327 0.010620041469812236
2 0.39469 0.305266 0.014881371551297562 0.016116073320977708
2 0.389225 0.290586 0.018582903663473083 0.012346232576804894
2 0.372501 0.240296 0.01878762155129756 0.016252482576804894
2 0.232119 0.264765 0.01632104081860284 0.013826887023308565
2 0.242388 0.311367 0.015416960085908116 0.01145585517214318
2 0.249044 0.333833 0.01882856512886235 0.017033732576804805
2 0.263751 0.390455 0.022857645861557075 0.01951389183263199
2 0.307166 0.785757 0.014345783016686653 0.020776291469812237
2 0.366071 0.864316 0.016525758706427317 0.017733137023308386
2 0.420925 0.85066 0.021295145861557074 0.019459328130301046
2 0.472532 0.83477 0.014922315128862352 0.01689732332097762
2 0.525783 0.820388 0.015045145861557075 0.01924107332097762
2 0.812396 0.733676 0.01870573439616776 0.014689982576804895
2 0.767697 0.746977 0.016321040818602927 0.013826887023308565
5 0.439685 0.805393 0.01981453301668683 0.020967264427970277
5 0.519748 0.779899 0.01882856512886235 0.017033732576804895
5 0.814296 0.695259 0.015045145861556985 0.01924107332097762
5 0.885393 0.677905 0.019814533016686765 0.020967264427970277
1 0.322444 0.315616 0.11633873021229632 0.12181549101432534
1 0.580757 0.271375 0.09557917288534998 0.09769594473518968
1 0.662749 0.446962 0.0918400192218769 0.08586806733052796
1 0.364916 0.513716 0.13941438206674714 0.08596976025161904
4 0.5181244484375 0.3608172234375 0.529045896875 0.339628571875 0.5202193609375 0.3364443375 0.51492846875 0.3515982671875 0.5043329953125 0.366566959375 0.47571517031250005 0.3900136453125 0.45119602187499996 0.405454778125 0.4312975875 0.426329946875 0.42332590625 0.4380349234375 0.42977939843749996 0.4396982859375 0.44373953125 0.42292975625 0.4633872171875 0.406839171875 0.49978296875000006 0.383184765625 0.5181244484375 0.3608172234375