0 0.2813412609375 0.33777005625 0.486941990625 0.3375996484375 0.44115751875000003 0.13289725 0.2106564953125 0.1497220546875 0.2813412609375 0.33777005625
0 0.5137811250000001 0.34040378125 0.7774364109375 0.34881623125 0.8105906218750001 0.1244848484375 0.47825873281250003 0.13570138437499998 0.5137811250000001 0.34040378125
0 0.393320428125 0.5090663515625 0.5848260125 0.5198689265625 0.567459496875 0.3992907859375 0.345641678125 0.3880742015625 0.393320428125 0.5090663515625
0 0.6051259828125 0.52141203125 0.7782257703125001 0.5366937765625 0.802696828125 0.4189197703125 0.5864047296875 0.4006928515625 0.6051259828125 0.52141203125
0 0.42023014999999997 0.618634253125 0.5508823375 0.6308575234375 0.5358840015624999 0.5537436015625 0.38826855781249997 0.5453311515625 0.42023014999999997 0.618634253125
1 0.49562524999999996 0.376632646875 0.5252648718749999 0.379436721875 0.525621921875 0.3626119765625 0.5090447625000001 0.3541995265625 0.45694526562500004 0.09762050781250001 0.477469321875 0.0878059921875 0.4727330140625 0.0569604234375 0.46089221562500005 0.0569604234375 0.43799997968750004 0.05976455625 0.4356318 0.0906101265625 0.49562524999999996 0.376632646875
1 0.7758576953125 0.3864471625 0.802696828125 0.3878492296875 0.7916453890625 0.3696223109375 0.8374298609374999 0.077991475 0.8603220968749999 0.07658945625 0.8658478171875 0.0415376390625 0.8240102421875 0.037331390625 0.7758576953125 0.3864471625
1 0.38590043125 0.5212709921875 0.3794315390625 0.5322145 0.38590043125 0.5296833953125 0.40089876718750006 0.5296833953125 0.40089876718750006 0.5198689265625 0.39300491875 0.5142606109375001 0.3322221109375 0.3712493515625 0.327485803125 0.3502182984375 0.3069616953125 0.361434834375 0.30932987500000003 0.3726514171875 0.321170671875 0.3782597328125 0.38590043125 0.5212709921875
1 0.580820428125 0.5476465984375001 0.601403065625 0.5479103140625 0.580879009375 0.37685761875 0.5848260125 0.361434834375 0.5690382125 0.3586307 0.5564080578125 0.364239015625 0.5571974156249999 0.3824659328125 0.5658806734375 0.3824659328125 0.5919304484375 0.53388964375 0.580820428125 0.5476465984375001
1 0.71797320625 0.666473759375 0.7442822015624999 0.6670863875 0.763227434375 0.5563227625 0.7703319765625001 0.5563227625 0.7719106921875001 0.5423020453125 0.746650275 0.5437041125000001 0.7513866375 0.56193103125 0.7355989421875 0.6460553359375 0.7166536031249999 0.6460553359375 0.71797320625 0.666473759375
1 0.5408898718749999 0.65412808125 0.5643018515625 0.6502615359374999 0.5682488546875 0.6418490875 0.546935334375 0.553518628125 0.5571974156249999 0.5352917109375 0.5461459765625001 0.5282813281250001 0.5343051796875 0.5282813281250001 0.5358840015624999 0.5479103140625 0.55561859375 0.6432512015625 0.5408898718749999 0.65412808125
1 0.72296868125 0.7792520781250001 0.732441403125 0.7792520781250001 0.7221793234375 0.7596230937499999 0.7174429625000001 0.70634438125 0.6298210203125 0.6923236640625 0.6219271203125001 0.6432512015625 0.580879009375 0.64044701875 0.57930029375 0.6586739374999999 0.6179802234375 0.6586739374999999 0.61876958125 0.7161588734375 0.7119172421875 0.728777525 0.71270670625 0.76803551875 0.72296868125 0.7792520781250001
1 0.44453570625000005 0.743634253125 0.453787728125 0.74021908125 0.46168157499999996 0.737414946875 0.46799670468750004 0.7177859140625 0.46720729375000003 0.6953527937499999 0.46562852499999996 0.6434761734375 0.46562852499999996 0.6322595890625 0.45852403593749996 0.6266512750000001 0.4482620078125 0.6308575234375 0.4482620078125 0.642074059375 0.46010280468750003 0.651888575 0.45852403593749996 0.685538278125 0.45773462499999995 0.7121776453125 0.45773462499999995 0.7205900484375001 0.44453570625000005 0.743634253125
0 0.588632928125 0.6356095625 0.7340201203125 0.65432659375 0.7482290984375 0.5758106062499999 0.5761427546875 0.5575836875 0.588632928125 0.6356095625