2 0.983048 0.629519 0.04068922970746054 0.04982887440943671
2 0.72034 0.605901 0.043691498782184014 0.0429067518140986
2 0.920192 0.786307 0.02348809293798535 0.048447423683797376
2 0.684695 0.81405 0.03465741801906326 0.06211061960011355
2 0.897417 0.838634 0.02553183400953163 0.031341769237293704
2 0.853443 0.942451 0.029519904626382674 0.03616567849312098
2 0.657994 0.957084 0.03100058400953163 0.03153274219545175
2 0.445694 0.595191 0.03018810633066593 0.0744469284931208
2 0.185265 0.619901 0.032050615259119654 0.09168899219545175
2 0.452363 0.839341 0.03239548863591431 0.06671627404661713
2 0.219533 0.803748 0.025654564934808378 0.03837301923729371
2 0.23885 0.86007 0.02553183400953154 0.031341769237293704
2 0.26682 0.957471 0.0201449046263825 0.03583829627913602
2 0.310424 1.0 0.023269904626382676 0.019436908769704785
2 0.465861 0.96067 0.02553183400953163 0.031341769237293704
2 0.478969 1.0 0.02550456047058134 0.010526961398185364
1 0.37080710156249996 0.9403186984374999 0.2948329 0.5886853703125 0.08847046562500001 0.58982119375 0.21649605312500003 0.9377107578125001 0.37080710156249996 0.9403186984374999
1 0.7924050703125001 0.729802975 0.8267465656249999 0.5474747437499999 0.6242646125 0.5320617609375 0.6089637031249999 0.730348859375 0.7924050703125001 0.729802975
1 0.723033390625 1 0.72643571875 0.9513471656249999 0.764055503125 0.9568319546874999 0.78049774375 0.8239316125 0.61881305 0.8168951 0.602337340625 1 0.723033390625 1
5 0.55415 0.733505 0.0217483149348082 0.03823660998146643
5 0.600175 0.735801 0.029025026785361164 0.05254464664195542
6 0.982882 0.460097 0.026217626623205436 0.025900301088459088
6 0.832691 0.476273 0.023065353084255058 0.024228673683797552
6 0.675524 0.489569 0.03244035308425506 0.024556055897782515
6 0.50528 0.49161 0.028588650162155817 0.027544646641955238
6 0.35081 0.484512 0.028588650162155817 0.02754464664195542
6 0.19094 0.473698 0.015307400162155815 0.027080855172143002
6 0.133231 0.559256 0.02262502232113448 0.043732641832631994
6 0.18352 0.719901 0.018432400162155815 0.027189982576804893