5 0.71953125 0.70390625 0.01875 0.03046875
5 0.64921875 0.70078125 0.02578125 0.0296875
5 0.59375 0.70546875 0.01953125 0.03671875
5 0.53125 0.709375 0.02734375 0.0234375
5 0.47265625 0.71484375 0.0125 0.021875
5 0.43125 0.725 0.01875 0.0296875
5 0.4 0.80703125 0.01328125 0.01875
5 0.40078125 0.74921875 0.01640625 0.0296875
5 0.4390625 0.8921875 0.015625 0.02578125
5 0.509375 0.89921875 0.02109375 0.03828125
5 0.58359375 0.8921875 0.02109375 0.0328125
5 0.63125 0.8890625 0.02890625 0.0234375
5 0.69609375 0.88046875 0.0125 0.03515625
5 0.77265625 0.884375 0.01796875 0.01640625
5 0.8234375 0.85234375 0.0203125 0.03046875
5 0.86328125 0.83984375 0.0109375 0.0203125
6 0.540625 0.16796875 0.0125 0.02734375
6 0.665625 0.16328125 0.01171875 0.02265625
6 0.37109375 0.24765625 0.01640625 0.025
6 0.38046875 0.33046875 0.03359375 0.02109375
6 0.5328125 0.33359375 0.02578125 0.03984375
6 0.68046875 0.325 0.015625 0.021875
6 0.83359375 0.321875 0.03046875 0.025
6 0.8640625 0.4234375 0.03828125 0.034375
6 0.6859375 0.42890625 0.03046875 0.02265625
6 0.51875 0.42734375 0.0296875 0.02421875
6 0.35234375 0.43828125 0.0578125 0.0265625
6 0.2859375 0.57109375 0.0203125 0.01640625
6 0.92265625 0.5625 0.01640625 0.03203125
6 0.23046875 0.7609375 0.01953125 0.0203125