0 0.6520177203124999 0.34673105937500004 0.6968126625 0.2597539015625 0.5944428671875001 0.1251397890625 0.5298197703125 0.2114054796875 0.6520177203124999 0.34673105937500004
0 0.6639749328125 0.4241011875 0.5028147234375 0.264405621875 0.42762534687500003 0.3838650609375 0.6192412 0.5294563046875 0.6639749328125 0.4241011875
0 0.674349459375 0.374598721875 0.76178864375 0.47278315624999995 0.7972648109375 0.3877540046875 0.71812521875 0.282586075 0.674349459375 0.374598721875
0 0.633594040625 0.5531025781250001 0.7317268984374999 0.6318219890625 0.768674065625 0.5272432968749999 0.6803328343749999 0.44400144375000006 0.633594040625 0.5531025781250001
0 0.5252414 0.7327043796875 0.65715605 0.7996884296875 0.70017216875 0.6655355796875 0.58987661875 0.5856222843750001 0.5252414 0.7327043796875
0 0.2897129046875 0.61404241875 0.491802296875 0.7113125796875 0.5606219921875 0.5633865015625 0.3920034421875 0.4443352703125 0.2897129046875 0.61404241875
1 0.720732503125 0.24716633593749998 0.71393275625 0.2489195703125 0.71886479375 0.2591729484375 0.7265203890625 0.2655547296875 0.74098746875 0.2868915453125 0.7518186078125 0.2859716953125 0.7690306796875 0.27130527031249996 0.7828662765625001 0.2909320875 0.7894833109375 0.3003188265625 0.793936703125 0.29686556875000003 0.80536615 0.3130790203125 0.8025827624999999 0.31523732031249996 0.8062967484374999 0.323355678125 0.8233677234375 0.3373942171875 0.855905940625 0.33591966093750003 0.8635465953124999 0.34187308125000004 0.8738509390625 0.34224155 0.8759579921875 0.33708825625 0.8571721234374999 0.32305969375 0.8527336515625 0.3269412984375 0.8294014078125 0.33007598437499996 0.78237593125 0.260517153125 0.7642033078125 0.264050228125 0.7458180578125 0.2778666109375 0.7288400875 0.2501181109375 0.720732503125 0.24716633593749998
1 0.6500068125 0.3666785078125 0.6410551203125 0.3723000421875 0.64236291875 0.377005053125 0.65424431875 0.38978852656249996 0.6576442296875 0.38891190937500003 0.6544270671875 0.37864853906249996 0.7016676796875 0.2742676890625 0.7081683109375 0.26394779687500003 0.7102603875 0.25836617031250003 0.7082612765625 0.25023783437499997 0.7045472921875 0.2421194484375 0.704969365625 0.23783280625 0.710323875 0.23493578125 0.7010160187500001 0.22286111718749999 0.6928187265625 0.217339353125 0.6930730078125 0.2246210015625 0.692770596875 0.23233432187499997 0.7014764875 0.2524194140625 0.655846046875 0.3537919390625 0.6500068125 0.3666785078125
1 0.5141485796875 0.2419419140625 0.5295195984375 0.25641874531250003 0.44373052343749997 0.40300900625 0.4434729453125 0.412007321875 0.43564963749999996 0.4171938734375 0.43006790156249997 0.42108212656250005 0.42991832499999993 0.4167987984375 0.4240673515625 0.4129770578125 0.417928965625 0.4172969703125 0.4141369328125 0.4233169125 0.4338712453125 0.4383659953125 0.44819235468749996 0.4325440171875 0.54401985 0.2623322734375 0.536651671875 0.2478088546875 0.5364721796875 0.24266887656249997 0.5288764171875 0.2380004484375 0.522031796875 0.23846867343749997 0.5141485796875 0.2419419140625
1 0.5644406890625 0.53602649375 0.5738111953125 0.5423982703125 0.48584548125 0.741268415625 0.48951463281249996 0.7481017875 0.4773607375 0.743888296875 0.47425998125 0.753331571875 0.49930713750000005 0.7638238640624999 0.5039849703125 0.7531586375 0.4970654859375 0.7514852125 0.5838430625 0.5513367359375 0.5933214921875 0.5444268671875 0.5850045015625 0.5354784515625 0.570534203125 0.5304215875 0.5644406890625 0.53602649375
1 0.7037642828124999 0.6453885609375 0.7101569515625 0.6483503140625 0.655621696875 0.8221776078125 0.648160553125 0.8213641796875001 0.6433748359375 0.8316740953125 0.664186153125 0.8401982359375 0.6652764015625 0.8366877109375 0.663247375 0.8277027015625 0.720670721875 0.6547154374999999 0.723319490625 0.6487021546875 0.7151221609375 0.643180390625 0.7046233484375 0.6372435828125 0.7037642828124999 0.6453885609375
1 0.8205116578125 0.23923394999999997 0.82044856875 0.2538006046875 0.8158456031249999 0.252970546875 0.81563619375 0.246973878125 0.81158988125 0.2457121484375 0.8014500546875001 0.2500553546875 0.8292175125 0.2593190421875 0.8306332703124999 0.2507424078125 0.8324860234375 0.23830744843749999 0.8326986875 0.22802413906250002 0.82283135625 0.2237973609375 0.820137715625 0.2285256484375 0.8205116578125 0.23923394999999997
1 0.8003913140625001 0.2033637390625 0.8007353421875001 0.21321540468750003 0.7821705984375 0.22189181093750002 0.79364488125 0.23939025625000002 0.8014084390624999 0.23249039374999997 0.798206234375 0.2226553546875 0.8055626734375 0.22047045 0.8182582671875 0.22382396718750003 0.8197189 0.2165323109375 0.8159002093750001 0.20541561874999997 0.8003913140625001 0.2033637390625
1 0.47582445937499995 0.778030959375 0.478635753125 0.7817005296875 0.49156644531250004 0.780620040625 0.49748399374999996 0.783601371875 0.5038135578125 0.785575046875 0.5071095453125001 0.777513853125 0.519628284375 0.777441021875 0.5190290859375 0.773088415625 0.5316647859375 0.7763657578125 0.5380904890625 0.7682863578125 0.5246995125 0.7625380078124999 0.518537728125 0.7590177390624999 0.5115362546875 0.7634145640625001 0.5045348125 0.7678114109374999 0.4997688328125 0.77219523125 0.49402676718749994 0.7742391359374999 0.48329644062500005 0.7743015640625 0.47582445937499995 0.778030959375
1 0.2736646296875 0.6490869046875 0.2697577140625 0.6524604890625 0.2645797515625 0.6578519640625 0.25255495 0.65926225625 0.25674258125 0.66392905625 0.27799013281249996 0.6705071265625 0.3374723828125 0.6962976421875 0.3482377765625 0.6972402484375 0.37221472968749997 0.70514279375 0.3646115390625 0.717920209375 0.365774778125 0.7256203875 0.37946033749999997 0.729451990625 0.3906275890625 0.7073812421875 0.3471213328125 0.690880153125 0.3404616203125 0.69225923125 0.276449946875 0.6648196625 0.29798079375 0.6667048999999999 0.3038540953125 0.6556129515625 0.28894780625 0.6513435828125 0.2736646296875 0.6490869046875