1 0.1598474234375 0.811022996875 0.4573425359375 0.8382127140625 0.5131132890625001 0.6399493625 0.2561729890625 0.6407773609375 0.1598474234375 0.811022996875
1 0.5016624984375 0.84256054375 0.9319355890625 0.8589860375 0.8816427734375001 0.6500185515625 0.5419332140625001 0.640146009375 0.5016624984375 0.84256054375
1 0.636226340625 0.585445353125 0.91284420625 0.5839044390625 0.876755440625 0.4720381734375 0.6490795859375 0.47528818125 0.636226340625 0.585445353125
1 0.329668984375 0.5873408296875 0.5765186453125 0.590360675 0.5922437796875 0.47330343125 0.3812569890625 0.48351569687499996 0.329668984375 0.5873408296875
1 0.3686653921875 0.44169458281249996 0.5679232921875 0.4374521984375 0.5792186390625 0.36644278125 0.40884761249999996 0.3735261734375 0.3686653921875 0.44169458281249996
1 0.6159044484375 0.434927521875 0.8311786703124999 0.4368447765625 0.8107271328125 0.36052646718750003 0.6339132484375 0.3659754984375 0.6159044484375 0.434927521875
3 0.48014138281249996 0.8754108328125 0.54038864375 0.6129003046875 0.5221756359375 0.610864175 0.45594213124999994 0.8698362515625 0.48014138281249996 0.8754108328125
3 0.9479155984375 0.90294644375 0.9736797234375001 0.896845740625 0.901927953125 0.6255255359375 0.90084248125 0.59888616875 0.8803245625 0.605732475 0.9479155984375 0.90294644375
3 0.6227405187499999 0.4534231375 0.6280413593749999 0.461952815625 0.607200878125 0.6082330328125 0.6297036671875 0.6188193984375 0.646758178125 0.4570061328125 0.6227405187499999 0.4534231375
3 0.3697508625 0.46833395 0.2907709421875 0.5999831999999999 0.310676978125 0.604878596875 0.38671746875 0.45912588593750003 0.365493946875 0.458309015625 0.3697508625 0.46833395
3 0.8209787515625001 0.3412834078125 0.7994480578125 0.3440178484375 0.81929613125 0.3580255609375 0.8403189703124999 0.448364584375 0.8559924015625 0.44611172187500003 0.8330480687499999 0.3473051671875 0.8209787515625001 0.3412834078125
3 0.5944350328125 0.35297338125 0.5717782546875 0.351477584375 0.5869981734375 0.3639143046875 0.5657836328125 0.44297781562500005 0.5777386890625 0.44619543906250003 0.59957130625 0.3629532953125 0.5944350328125 0.35297338125
3 0.4678265875 0.3023496015625 0.4663983375 0.26729783125 0.45038206875000003 0.2611381953125 0.4380485875 0.26051085625 0.456993259375 0.28797052500000003 0.45511345312499996 0.357908715625 0.46751514062500005 0.352741459375 0.46948335781250006 0.3430096859375 0.4678265875 0.3023496015625
3 0.7970806734375 0.2454506125 0.7834616921875 0.2509558515625 0.7856210671875 0.285587115625 0.665571796875 0.2960146859375 0.665650759375 0.34386399375 0.624946625 0.34576524218750004 0.62626539375 0.35976654531249996 0.6778080875 0.357579253125 0.6739280640625 0.3082681203125 0.795535284375 0.30852753437499997 0.7970806734375 0.2454506125
0 0.482497375 0.3288872390625 0.5598704359375 0.3165545015625 0.5530553125 0.2531709359375 0.47724614374999996 0.2650943578125 0.482497375 0.3288872390625
5 0.701562 0.2616 0.016308090912470874 0.036455855172143184
5 0.730309 0.258703 0.01611708992388792 0.03176835517214318
5 0.763057 0.258286 0.01677100593149916 0.028670637023308566
6 0.639218 0.30155 0.015686008402957086 0.04033482332097771