2 0.98026 0.576137 0.04181742688202613 0.04913297524323372
2 0.715641 0.54792 0.04465592539915138 0.0421562723211343
2 0.926406 0.731874 0.024598093383928932 0.04805171631477982
2 0.692046 0.75551 0.036076762851581276 0.06152388108743238
2 0.906633 0.783819 0.02624150642579064 0.030905126623205346
2 0.868615 0.886899 0.030338757414373772 0.03566081047058134
2 0.673621 0.89812 0.03171025642579064 0.03100058400953145
2 0.439814 0.532408 0.031898598821136305 0.07394206047058134
2 0.180294 0.552574 0.03416143577927464 0.09115683400953163
2 0.460715 0.776748 0.03392401384016441 0.06617047077900687
2 0.225339 0.737075 0.02652800790866543 0.03793637662320535
2 0.247975 0.793752 0.02624150642579064 0.030905126623205346
2 0.281674 0.891671 0.020963757414373774 0.03549716923687925
2 0.32837 0.942139 0.024088757414373774 0.03179253024023367
2 0.481306 0.89835 0.02624150642579064 0.030905126623205346
2 0.497597 0.948078 0.026177839429596263 0.019914777601083244
1 0.31679945625 0.9341251859374999 0.2611489703125 0.5837123453124999 0.054300710937499996 0.5884549781249999 0.162326465625 0.9342132453125 0.31679945625 0.9341251859374999
1 0.751514725 0.7161772484375 0.7965443890625 0.5331932328125 0.5945482625 0.5213141953125 0.5676685015625 0.7199291859375 0.751514725 0.7161772484375
1 0.5868707078125001 1 0.6648566359375 0.9986728234375001 0.67250904375 0.938941925 0.7098859156249999 0.9437709296874999 0.7341013703125 0.8105426953125001 0.5724976484375001 0.806329696875 0.543810828125 1 0.5868707078125001 1
5 0.556545 0.672659 0.02262175790866543 0.037868192775829715
5 0.602798 0.67576 0.030226010874414965 0.052053423701106105
6 0.970227 0.40666 0.02679992193911026 0.025450013392680583
6 0.820673 0.420216 0.023611254942915893 0.023832966314779824
6 0.66396 0.430769 0.03298625494291585 0.02399660754848192
6 0.493488 0.429836 0.029207338935304604 0.027053423701106284
6 0.338291 0.420036 0.029207338935304604 0.027053423701106284
6 0.177466 0.406425 0.01592608893530496 0.026821598620028198
6 0.124623 0.491001 0.02362584239534584 0.04335057954530477
6 0.184369 0.652574 0.019051088935304605 0.026876145697928778