6 0.4436173751024439 0.223736962744774 0.030470904052775794 0.03527734734092913
6 0.5329239317602538 0.35126199424421795 0.03642980562435234 0.029391368387616624
6 0.6500301567388631 0.5068966151920833 0.03962758023145838 0.03113587891096046
6 0.7925024088057777 0.7053025650650264 0.04865797787409356 0.041011407850155376
6 0.8444116652159185 0.7324789860693615 0.03497646753501123 0.03164411312594471
5 0.5915563389134015 0.6733413915710298 0.039227319892376225 0.02254212891096028
5 0.5086260607916391 0.5321633837491092 0.05056508023145838 0.031772915742663346
5 0.43176600020488776 0.4209458917122041 0.044169531017246653 0.028283894695975854
5 0.3615005419755014 0.3007629233528223 0.03884633023145838 0.03109037628012441
6 0.2780930365988179 0.3668058813300347 0.03904538337461148 0.01863587891096028
6 0.33876517100688674 0.4817553181193854 0.03394050641014079 0.026129860495108837
6 0.4149552975570726 0.6287738022637827 0.046404119106587816 0.02607665258848364
6 0.5078791598392349 0.7837790916557343 0.0371746683207995 0.028655621018452492
6 0.5046835392849051 0.8155373258707188 0.024529119106587772 0.024802578925077867