2 0.689615604623989 0.18144375678586333 0.02687252404661713 0.03260113805964089
2 0.4664806610699257 0.02251357134889882 0.03705605589778251 0.033914654567984294
2 0.3639881220471841 0.1805075350528517 0.025119051088459087 0.02705050090451113
2 0.3320312831171098 0.22914310888814135 0.03053323738612832 0.02577460594746528
2 0.2691171100662846 0.3326233129811558 0.03016121515360961 0.0374524123699004
2 0.19869797186184965 0.4004935656946893 0.02668155108845909 0.02713238805964089
2 0.15449659327606158 0.4795126803485818 0.024283237386128233 0.025447057326946167
2 0.5618130415546303 0.3094569713943273 0.026763396641955418 0.02947613805964089
2 0.5351240559826006 0.329639996609098 0.019169151451278843 0.035316702283992106
2 0.4459102777596322 0.4196275887617533 0.021294646641955416 0.029189533016686652
3 0.7543693124999999 0.27486346250000004 0.5677755546875 0.41091714375 0.5769297812499999 0.45166995468750004 0.5600606234375001 0.466727721875 0.544423521875 0.434045771875 0.5216982328124999 0.4197745421875 0.5051199890625 0.4154893015625 0.49217566875 0.4045710265625 0.543613025 0.3554886765625 0.63724573125 0.2694049890625 0.6745730562500001 0.2313702546875 0.6654423109375001 0.21896360312500002 0.4691145484375 0.40835664375 0.5235611312499999 0.4454472640625 0.5591409140625 0.4680644390625 0.655286746875 0.3985997734375 0.7522175453125 0.323939896875 0.7699615 0.3062592484375 0.7554237640625 0.27738523437499996 0.7543693124999999 0.27486346250000004
4 0.28724840625 0.5314247796875 0.17232044375 0.4929670640625 0.1500837390625 0.4930733734375 0.125911475 0.5059899296875 0.1266497921875 0.5271325859375 0.1443878109375 0.5346755140624999 0.17827815 0.5498444765625 0.22708496562499997 0.5599954312500001 0.2790631828125 0.569980178125 0.3271509828125 0.582286946875 0.3658353328125 0.5982637359375 0.43547773437500004 0.6136771453125001 0.483971609375 0.6376123781249999 0.51308555 0.629732175 0.4840068421875 0.593129696875 0.40523702031250003 0.566544890625 0.3628644453125 0.5359344515625 0.28724840625 0.5314247796875
5 0.13161714318339435 0.5863735119857877 0.019486609981466518 0.022076395861557074
5 0.1877133757601992 0.6014352679786814 0.026517859981466517 0.02244488805964089
5 0.24442716723001148 0.6117685803940104 0.021130955534962848 0.024502033016686832
5 0.2933557405509892 0.6232925785849881 0.024255955534962848 0.024665807326946166
5 0.33910475016963604 0.6334178510862253 0.019486609981466608 0.022076395861557074
5 0.37784979163944826 0.6446928657855463 0.024064982576804894 0.01919705732694634
5 0.4195288601511026 0.6503353561746079 0.020404269237293705 0.026023589439121864
5 0.45520346532324574 0.6633366451841886 0.021721232576804896 0.019074226594251797
1 0.48013313125 0.05003108125 0.177464315625 0.4810477421875 0.2900506453125 0.5206872453125 0.3992021125 0.41647358125 0.4130304140625 0.40304006093750006 0.432686375 0.42001408281249997 0.6590637859374999 0.16985995781250002 0.48013313125 0.05003108125
2 0.8157465734057958 0.29693155868574267 0.0178968281303014 0.021213258706427318
2 0.6890055133316619 0.38810319256151204 0.02810764183263199 0.023308025214770645
2 0.664769405164294 0.41128838704358806 0.026517859981466607 0.02244488805964089
2 0.5707763577040319 0.4764806970840678 0.026436014427970278 0.020101138059640887
2 0.6881201143274538 0.5196397976044662 0.024873514427970277 0.02001925090451113
2 0.7639633625133553 0.47261763342554347 0.021267364790790035 0.02840828301668665
2 0.806140938829558 0.44770948665947524 0.022829864790789946 0.028490170171816587
1 0.6592425390625001 0.5161656625 0.8712605765625 0.37796616875 0.8261209953125 0.31361058124999996 0.5961082125 0.48240703125 0.6406009218750001 0.5054928859375 0.6592425390625001 0.5161656625
2 0.5554539472670783 0.55320364936806 0.015498514427970279 0.019527927973732772
2 0.5746578150530933 0.5428050599289381 0.016443455534962938 0.024256371551297562
1 0.4293723671875 0.5525712 0.50209471875 0.58794548125 0.5923109281250001 0.510141790625 0.53226830625 0.46725317187500004 0.4293723671875 0.5525712