2 0.273346 0.750727 0.012699994668999893 0.017769696856846907
2 0.276607 0.67193 0.015788632001908987 0.014790246071058633
2 0.28066 0.592388 0.016642607336090798 0.021076633374611475
5 0.289 0.480215 0.01269090400222712 0.016988446856846907
5 0.29268 0.432704 0.0174238573360908 0.021113020678164496
2 0.291644 0.387319 0.020603401336727067 0.025946069892376224
2 0.293335 0.309231 0.016624426002545257 0.019514133374611477
2 0.267504 0.849727 0.017478401336727067 0.025800520678164674
2 0.250946 0.458901 0.03384828866963625 0.023439654052775972
2 0.222586 0.343456 0.021621008672817865 0.04629495719592906
2 0.274866 0.284138 0.01994942067154524 0.036847182588823205
5 0.197702 0.533807 0.03854487933640893 0.024439227874093562
5 0.220687 0.305065 0.018177835335772618 0.01880565798171734
5 0.190372 0.424813 0.016551700668363534 0.013264133374611475
2 0.296952 0.132741 0.014207950668363533 0.013154971463952725
3 0.2610319234375 0.2664663109375 0.2727631875 0.2714999375 0.251993178125 0.27128043281249997 0.25509027500000003 0.2946088140625 0.2764039453125 0.29634938593750004 0.2793268515625 0.23815126874999998 0.2709970625 0.23028455 0.27244535000000003 0.15406875625 0.27908308125 0.1626045390625 0.2891396453125 0.166812309375 0.2883566234375 0.1376087125 0.274855059375 0.1399713703125 0.264193875 0.13947481718750002 0.2592571375 0.2259983921875 0.26412453125 0.2419304734375 0.2610319234375 0.2664663109375
2 0.294235 0.231887 0.011146585335772664 0.01847817224974104
0 0.254825096875 0.36564460312499997 0.2789704890625 0.365273421875 0.2716543421875 0.41504032031250004 0.28676098906249997 0.4194832609375 0.30247221875 0.4202150234375 0.307651790625 0.20046603749999997 0.2843028296875 0.196502028125 0.27978357656249997 0.24714704062499998 0.28098856875 0.2883362921875 0.261984684375 0.329332175 0.254825096875 0.36564460312499997
0 0.2563630484375 0.5759073953125 0.2462050875 0.7687077359375001 0.266153034375 0.7913252140625 0.2869230078125 0.7915447437500001 0.2957219546875 0.5660962765625001 0.267674878125 0.564042090625 0.2563630484375 0.5759073953125
3 0.269101521875 0.5379329140625 0.281480859375 0.5355179999999999 0.28065434843750003 0.5100517546875001 0.26547812187500003 0.5115885296875 0.258701265625 0.51501225625 0.2508543296875 0.51389890625 0.2379399921875 0.5140452843750001 0.2194035984375 0.5157416640625 0.2219851921875 0.534242690625 0.2315328828125 0.533939509375 0.238896965625 0.5282994890625 0.2551605921875 0.5298048515625 0.26580441875 0.5317963421874999 0.269101521875 0.5379329140625
3 0.487510196875 0.48827546406250005 0.4882192265625 0.4755946 0.48319523750000004 0.4731169859375 0.4811160359375 0.45881051250000005 0.280980371875 0.4337836890625 0.2670046875 0.4286455 0.26748969218749996 0.46859174374999996 0.2816416640625 0.473451846875 0.2824375953125 0.453296303125 0.4758746828125 0.47501964374999994 0.4756833359375 0.4914639828125 0.487510196875 0.48827546406250005
3 0.617901471875 0.2830877765625 0.6172273078125 0.2927787484375 0.49542597656250004 0.24223324062499998 0.49499527031249996 0.23099506406249998 0.48602614375000003 0.2298294484375 0.48288138593749996 0.2588500921875 0.49859257812499996 0.259581853125 0.6215335703125 0.30868469374999996 0.62448705625 0.2961083671875 0.624600125 0.2863912625 0.617901471875 0.2830877765625
3 0.615657828125 0.524159046875 0.6106164453125 0.5231763421875 0.6104685859375001 0.53588334375 0.487532115625 0.5346447484375 0.4860227078125 0.5196169390625001 0.474296553125 0.5226745375 0.47444375 0.5497405 0.4879105609375 0.5503677265625 0.6142137515625 0.5517631578125 0.61492270625 0.5390822890625 0.61782400625 0.5309907921875 0.615657828125 0.524159046875
3 0.46563331406249997 0.7761762828125 0.46885217656249994 0.7890401171875 0.475620334375 0.7863638078124999 0.47577689218749997 0.7729093640625 0.47035706250000003 0.7562036812499999 0.2704391109375 0.80896599375 0.2631359140625 0.8093736890625 0.2507826703125 0.8095462250000001 0.250707053125 0.8497560468750001 0.26608515 0.845409096875 0.265706665625 0.829686065625 0.271896334375 0.8284786078125 0.45665549062500005 0.775758134375 0.46563331406249997 0.7761762828125
3 0.7059820640625001 0.695080590625 0.7113836484375 0.6924701468750001 0.7057448171875 0.669311403125 0.698154325 0.67539740625 0.6984581421875 0.695445659375 0.61441348125 0.7172893296875 0.6042303359375001 0.7153840406249999 0.6039044875 0.74408958125 0.6098275609375 0.7421183484375 0.609910771875 0.7349671890625 0.6142553796875 0.7308765359375 0.7025863296875 0.7099480046875 0.7059820640625001 0.695080590625
3 0.7166988328125 0.558803803125 0.7150008703124999 0.520087525 0.712945025 0.5121212374999999 0.704892615625 0.511746190625 0.70579988125 0.5260985171875 0.7067403578125 0.5375903734375 0.7058457421875 0.56831535 0.7342893359375 0.570355634375 0.735808228125 0.5782969140625001 0.7327289578125 0.6582898593750001 0.7357169578125 0.678463109375 0.75707358125 0.6894748734375 0.7671151953125 0.7035371140625 0.7738869625 0.7039673750000001 0.7720797515625 0.6923203 0.7667364890624999 0.68992493125 0.7679598859375 0.6771028421875 0.7459832421875 0.673217259375 0.7467278875 0.5630644328125001 0.7166988328125 0.558803803125
3 0.7118068921875 0.46776169218749997 0.7044250703125 0.46786477812499994 0.7028499906250001 0.48790197187500006 0.6097506265625 0.4737339734375 0.6101301984374999 0.4987781203125 0.6164749234375 0.5013081453125 0.6213250671874999 0.4881270015625 0.708843834375 0.4917563546875 0.7145647140625 0.49023520937500004 0.7118068921875 0.46776169218749997
1 0.457665134375 0.4533667875 0.46972247031250003 0.20583521562499998 0.3209739640625 0.13850185312500002 0.3121163234375 0.43580109062499994 0.457665134375 0.4533667875
1 0.4492690578125 0.7573902968749999 0.45631576875 0.4765462546875 0.3098767265625 0.46410335937499997 0.296652075 0.7905522640625 0.4492690578125 0.7573902968749999
1 0.5034797109375 0.5058383953125001 0.5995251453125 0.5095926515625 0.6071658265625001 0.270484696875 0.5163859578125 0.231739253125 0.5153236546875 0.230251546875 0.5034797109375 0.5058383953125001
1 0.59668469375 0.7537004140625 0.5994277828125 0.5179598921874999 0.5022215546875 0.514219934375 0.49485083437500005 0.7834747265625001 0.59668469375 0.7537004140625
1 0.6929697203125 0.6904731875000001 0.6962650390625 0.50006235 0.62779433125 0.4925586015625 0.6247542562499999 0.707431109375 0.6929697203125 0.6904731875000001
1 0.628583084375 0.47116418906249996 0.69918683125 0.48092461093749994 0.7022730734375 0.30848182031250004 0.6361214171875 0.2814235921875 0.628583084375 0.47116418906249996
3 0.7780123156250001 0.3700603515625 0.77949221875 0.3597156875 0.78257583125 0.3575954765625 0.7816988921875 0.345329984375 0.7772880765625 0.344671784375 0.7738910578125 0.344513565625 0.772018809375 0.3593676078125 0.7607771015625 0.36156059687500003 0.7207135171875 0.35788355156249996 0.7208135625 0.3492856734375 0.713232053125 0.3477355484375 0.7121051546875 0.367443440625 0.7216167390625 0.36788645 0.7539040828125 0.368031965625 0.7575776015625 0.373636240625 0.7708470000000001 0.372443203125 0.7780123156250001 0.3700603515625
3 0.7929675406250001 0.5452893343749999 0.794373728125 0.54127995625 0.8059130453125001 0.5427229359375 0.8022763859375001 0.5339510171875 0.79310444375 0.533523828125 0.787221515625 0.51332816875 0.769222678125 0.512037096875 0.7678911046875 0.5326745828125 0.7784762953125 0.534653565625 0.7786131984375 0.5228880593749999 0.7847014375 0.525435440625 0.785902315625 0.539074325 0.7929675406250001 0.5452893343749999
3 0.8047658734375001 0.5536811609375001 0.7966130421875001 0.5533014359374999 0.7918730234375 0.5517223687499999 0.7861139421875001 0.55009584375 0.7825431609375 0.564870765625 0.77878539375 0.566506815625 0.7768208921875 0.560076596875 0.7668831953125 0.5550530375 0.766769528125 0.5768135234375 0.7827248828125 0.5784621828125001 0.790690728125 0.5657030093750001 0.7931265562500001 0.5608360453125 0.8033175609375001 0.5613106984375 0.8047658734375001 0.5536811609375001
0 0.4622283453125 0.44953428593750006 0.5031423984375001 0.46848753906249996 0.509020153125 0.27758439375 0.4704589796875 0.26600773125 0.4622283453125 0.44953428593750006
0 0.4550902265625 0.748752909375 0.4908907953125 0.7358080640625 0.49391441562500005 0.5545135140624999 0.458269621875 0.5540710140625 0.45905496562500003 0.5549738015625 0.4550902265625 0.748752909375
0 0.6034170249999999 0.4701082625 0.6280651171875 0.47570504218750004 0.6331619921875 0.32468456875 0.6096819046874999 0.31741775 0.6034170249999999 0.4701082625
0 0.5986411625 0.708339415625 0.618761171875 0.7012687453125 0.6244739359375 0.5547257171875 0.60175290625 0.5569814703125 0.5986411625 0.708339415625
0 0.7030287546875 0.46229123124999993 0.7317029546875 0.46629600312499997 0.7314336796875 0.37463900156249996 0.7045784390625001 0.36786559531249996 0.7030287546875 0.46229123124999993
0 0.7323497984375 0.468105628125 0.7818530265625 0.46151378281250005 0.78280500625 0.379700921875 0.7374872515625001 0.38017085 0.7323497984375 0.468105628125
5 0.75834 0.585714 0.00877556333545435 0.016025260339082338
5 0.762591 0.623432 0.011137494668999891 0.017696922249741044
5 0.764517 0.659479 0.008793744668999893 0.01758776033908216
5 0.188873 0.486495 0.010283519334818126 0.011410534946188022
2 0.212428 0.47743 0.009484088001272673 0.00981164764263518
2 0.237682 0.523944 0.011064769334818102 0.011446922249740865
4 0.8054869015625 0.6847136328125 0.8053836875 0.6935838015625 0.7996627109375 0.7081089796875 0.7973829375 0.7131798796875 0.778447775 0.7182145953125 0.773957 0.7224429578125 0.7822374234375 0.7265264984375001 0.7961613390625 0.7227375390625 0.8097110046875 0.7033999328125 0.8104293390624999 0.68938133125 0.8117627515624999 0.6702142984374999 0.8141027328125 0.6599691484375 0.8214625609375 0.6477390640625 0.8249639343749999 0.63311050625 0.8251187546875001 0.6198052406250001 0.8269640734375001 0.6043599703125 0.8172718781249999 0.6014763375000001 0.818920315625 0.6276519406250001 0.8160254609375001 0.6378712703125 0.810390496875 0.6450046109375001 0.8035511734374999 0.66021728125 0.8056417218749999 0.671408390625 0.8054869015625 0.6847136328125
0 0.7750895671875 0.672825021875 0.78051783125 0.588025996875 0.75060521875 0.58219529375 0.7462437296875 0.6707419515625 0.7750895671875 0.672825021875
5 0.82451 0.609119 0.012672722668681757 0.015425946856846905
5 0.822647 0.634828 0.01033806333545435 0.01609803494618802
5 0.820757 0.66288 0.01268181333545435 0.016207196856846906