1 0.43426421406250004 0.3590254421875 0.4255299703125 0.6589927062500001 0.5909246640625 0.6790026828125 0.5904512875 0.3662999734375 0.43426421406250004 0.3590254421875
1 0.44234335468749997 0.0438182609375 0.43635112343750004 0.2974440875 0.5885446234375 0.30077219843749997 0.587661259375 0.0480851125 0.44234335468749997 0.0438182609375
1 0.6481170671875 0.32250838593750003 0.652905496875 0.622777609375 0.8186260687500001 0.62436980625 0.8050968515625 0.332321275 0.6481170671875 0.32250838593750003
1 0.64463813125 0.030024503125 0.649439803125 0.25918694375 0.8023669796874999 0.26320368906249997 0.78789015625 0.037399337500000004 0.64463813125 0.030024503125
1 1 0.3878450390625 0.8708309265624999 0.387712565625 0.8950412296874999 0.68636705 1 0.69029798125 1 0.3878450390625
1 1 0.062939409375 0.8519817640625 0.061044653125 0.8686224609375 0.321707325 1 0.321983559375 1 0.062939409375
3 0.3160704515625 0.554089453125 0.3164402984375 0.5792277984374999 0.3291150125 0.5869965374999999 0.3314843078125 0.5645723312500001 0.34022263124999996 0.5830069859375 0.362290134375 0.5847859468750001 0.3746781171875 0.59512789375 0.3769324421875 0.6132605250000001 0.3833289265625 0.6105538484374999 0.38857086406249997 0.5830053687500001 0.38520028281249996 0.585853003125 0.37743592187499997 0.5712194828125 0.3493166703125 0.569158659375 0.3394347375 0.5559288109375 0.3319931953125 0.5375545796875 0.3193042765625 0.5317055140625 0.32253256406249997 0.5536392796875 0.3160704515625 0.554089453125
3 0.3849145015625 0.35349274375 0.386527940625 0.393989565625 0.39743606875 0.389866115625 0.4194695234375 0.38922399531249996 0.41829375156250004 0.357053453125 0.6126147359375 0.3627674046875 0.612125559375 0.37066928125 0.622206521875 0.371138809375 0.6216292828125 0.3348252921875 0.6121954796875 0.3318833859375 0.6134138046875 0.349040721875 0.4061353421875 0.343140365625 0.40675813906249997 0.37278260625000004 0.39633996250000003 0.368960678125 0.395830615625 0.3577569421875 0.3849145015625 0.35349274375
3 0.3970969359375 0.032220796875 0.40000448125 0.0744820890625 0.4091709296875 0.0682356234375 0.43185154375 0.065121109375 0.431025175 0.036720648437499996 0.6114734421875 0.043456803125 0.6085354546875 0.049576290625000005 0.61819711875 0.052111721875 0.6194610593750001 0.029647845312499997 0.42029101406249997 0.022039710937500002 0.420157296875 0.050395456250000005 0.4106171578125 0.05203655 0.4094960515625 0.038220432812499996 0.3970969359375 0.032220796875
3 0.3902683671875 0.242382721875 0.38929604218749997 0.32397688125 0.4013192734375 0.3256146734375 0.40187227343750004 0.295193025 0.3946229953125 0.29318702343749997 0.3976098953125 0.239321034375 0.3912083125 0.225258984375 0.377347765625 0.2266988515625 0.36544083125000004 0.22113922343749998 0.36889688593750003 0.043353071874999996 0.3657341078125 0.0170343390625 0.352086225 0.017544823437500003 0.364801953125 0.042662798437499996 0.361450490625 0.23228167656249998 0.3902683671875 0.242382721875
3 0.6141748296875 0.6250813125 0.612092321875 0.6637426890625 0.6247509390625 0.6694303921875 0.6208444578125001 0.6415496078125 0.6292347609375 0.6411709812499999 0.8507345187500001 0.6553345625 0.8487055781249999 0.6767836015625 0.859842196875 0.679610534375 0.8565298578125 0.641755059375 0.84749500625 0.6351789640625001 0.646895371875 0.625066475 0.6300474828125 0.6235123515625001 0.6141748296875 0.6250813125
3 1 0.363029296875 0.8386214609374999 0.36060802812500004 0.8407849078125 0.34378172500000004 0.8287402937499999 0.3401430984375 0.8305742374999999 0.38513783749999997 1 0.3846244953125 1 0.363029296875
3 0.6104073140625 0.26765167343749996 0.61032045625 0.302049 0.621930653125 0.298964878125 0.6205743265625 0.282744046875 0.8281462562499999 0.289334225 0.8269131921874999 0.3077426828125 0.838492596875 0.31059023125 0.8357351109375 0.27660766406250004 0.8226256046874999 0.266764134375 0.6212749296875 0.261233125 0.6104073140625 0.26765167343749996
2 0.404354 0.605636 0.01161946159934022 0.023946922249741043
5 0.352723 0.60089 0.015434783386094785 0.02100385876750561
5 0.356214 0.533176 0.014608069279472247 0.01940497146395259
5 0.3612 0.463191 0.015434783386094785 0.021003858767505747
5 0.314209 0.537461 0.013022837226160888 0.018550946856846905
5 0.316615 0.486081 0.014585337226160889 0.01862372146395259
5 0.31987 0.43708 0.01221885517284953 0.017733309553293886
5 0.113845 0.515646 0.016420621865896923 0.028071496071058633
5 0.119535 0.46988 0.014585337226160844 0.01862372146395259
5 0.123526 0.419353 0.020190479546028862 0.023565932588823203
5 0.142113 0.280565 0.013872283386094874 0.020931084160399748
5 0.146142 0.258127 0.018605247492717546 0.02271190798171734
5 0.14832 0.198934 0.01780126543940619 0.021894270678164407
5 0.150218 0.156892 0.016216033386094876 0.021040246071058588
5 0.156022 0.115032 0.01800585391920828 0.02892552067816443
4 0.25817565937500003 0.5823253828125 0.2058829734375 0.58162231875 0.22446648125 0.6214693921875 0.24675412031250002 0.6346350375 0.259803578125 0.67249185 0.293954409375 0.6827450140625 0.30851833125 0.7042134875 0.328483834375 0.70600965 0.3599149671875 0.7083398328125 0.393340153125 0.71076291875 0.43122662656250005 0.712527509375 0.45781787500000004 0.702504659375 0.5395476421875001 0.70544503125 0.5894550515625 0.7268271453125 0.620185778125 0.722194675 0.6785110375000001 0.72491121875 0.735738359375 0.7241115796875001 0.7382750406249999 0.708637134375 0.67661166875 0.7109626359375001 0.59029435 0.7043435828125 0.538197309375 0.6932545578125 0.49945895937499996 0.679322709375 0.44562656718750004 0.6941405578125 0.406446446875 0.6992457421875 0.31362330781250003 0.691457421875 0.2876946796875 0.6729246437499999 0.2759261734375 0.66198144375 0.2678933109375 0.64254966875 0.24210981562499997 0.6118960703125 0.25817565937500003 0.5823253828125
0 0.375992696875 0.2172263578125 0.43394566562500003 0.224256859375 0.43705679062499997 0.0745394375 0.3777597625 0.072643859375 0.375992696875 0.2172263578125
2 0.629945 0.636428 0.014676265439406144 0.02174872146395259
2 0.627831 0.563771 0.016929087226160888 0.018732883374611476
2 0.417963 0.295753 0.012468907759274294 0.026327059553293886
2 0.418674 0.373806 0.016261497492717502 0.02260274607105863
2 0.362577 0.322821 0.00925297954602886 0.02305651033908216
2 0.398616 0.730199 0.01975021034569906 0.03524829528527036
2 0.301454 0.689005 0.023429139812585563 0.02761773180303493
2 0.625707 0.303089 0.014008675705962936 0.02561858416039975
2 0.623016 0.237427 0.014608069279472247 0.019404971463952682
2 0.851039 0.646725 0.01646608597251955 0.029633996071058634
2 0.849729 0.574887 0.017429192399010418 0.035920383374611474
2 0.835082 0.31284 0.013250157759274118 0.026363446856846905
2 0.830806 0.246325 0.011483069279472246 0.019259422249740997
0 0.829169796875 0.6149979859375 0.88226320625 0.6166505 0.868216325 0.3850990578125 0.815854546875 0.38266026875 0.829169796875 0.6149979859375
0 0.8103046078125 0.2641379421875 0.86145605625 0.2687076265625 0.847309315625 0.07237313125 0.7999008187500001 0.066251546875 0.8103046078125 0.2641379421875
0 0.5958379203125 0.6056023390624999 0.64632450625 0.6051766890625 0.6443008078125 0.38103389375 0.5963007546875 0.373906346875 0.5958379203125 0.6056023390624999
0 0.5957889140625 0.2612254046875 0.643402490625 0.25685402812499997 0.6386170953125 0.063492871875 0.5923916484375 0.064266215625 0.5957889140625 0.2612254046875
0 0.3580410734375 0.564231815625 0.421362575 0.5730337203125 0.42609516718749996 0.38889488125 0.3699360671875 0.3950582640625 0.3580410734375 0.564231815625