6 0.3 0.21328125 0.02734375 0.02890625
6 0.4203125 0.28359375 0.02109375 0.0359375
6 0.58046875 0.3734375 0.03671875 0.04453125
6 0.77265625 0.48671875 0.02734375 0.05234375
6 0.79140625 0.53046875 0.0328125 0.02578125
5 0.75390625 0.31015625 0.03125 0.0328125
5 0.6125 0.24140625 0.02265625 0.03828125
5 0.4984375 0.19140625 0.03125 0.03671875
5 0.38359375 0.13515625 0.0359375 0.0234375
6 0.45703125 0.06796875 0.0359375 0.021875
6 0.56875 0.1203125 0.025 0.03671875
6 0.71171875 0.17421875 0.0234375 0.0296875
6 0.8859375 0.240625 0.065625 0.025