1 0.2617450125 0.213807421875 0.26679505625 0.22950429374999998 0.26398946875 0.254170803125 0.27577291875 0.2586556078125 0.25501160624999997 0.2594030765625 0.258378328125 0.28257465000000004 0.279700696875 0.2833221171875 0.281945190625 0.22501946093749997 0.27352842499999996 0.217544759375 0.2740895578125 0.14130282968750002 0.2808229625 0.149525 0.2909230140625 0.1532623515625 0.28980078593749997 0.1241110234375 0.2763340125 0.12710090624999998 0.265672828125 0.12710090624999998 0.2617450125 0.213807421875
1 0.2611838796875 0.5176400171875 0.27184510156249997 0.519134953125 0.275211784375 0.52511471875 0.28755633125 0.5221248484375 0.286434103125 0.49671087187499996 0.27128396875 0.49895327500000003 0.2645506 0.5026906140625 0.25669496718749996 0.5019431453125 0.24378932656250002 0.5026906140625 0.2252827015625 0.505248953125 0.22807805937499998 0.523619784375 0.237617053125 0.5228723171875 0.24491155468749998 0.51689255 0.2611838796875 0.5176400171875
1 0.48114127812499996 0.452610128125 0.48114127812499996 0.4690544671875 0.4929246515625 0.46531712968749994 0.49348582187499995 0.452610128125 0.48843574062500006 0.450367725 0.486191284375 0.4361657890625 0.2858729703125 0.42046894218749997 0.27184510156249997 0.4159841109375 0.27279440781250003 0.455886140625 0.2869952359375 0.46008482968750003 0.28755633125 0.43990315156250004 0.48114127812499996 0.452610128125
1 0.6275924609375 0.266877778125 0.6275924609375 0.2571606734375 0.6208590171874999 0.254170803125 0.620297921875 0.2638879078125 0.49797473437499995 0.2190396953125 0.4974135640625 0.20782765468750003 0.48843574062500006 0.20708018749999998 0.4856301890625 0.23623150312500002 0.5013413812499999 0.23623150312500002 0.624786834375 0.2795847796875 0.6275924609375 0.266877778125
1 0.6208590171874999 0.510165315625 0.62366464375 0.5019431453125 0.6214201874999999 0.4952159359375 0.61637010625 0.49446844375000004 0.61637010625 0.5071754453125 0.49348582187499995 0.5116602765625 0.49180246250000004 0.49671087187499996 0.48011821875000005 0.500312671875 0.48058010624999997 0.527357121875 0.4940469171875 0.527357121875 0.620297921875 0.5228723171875 0.6208590171874999 0.510165315625
1 0.28138405781250003 0.8153729343749999 0.46543001093749997 0.7540803828125 0.474407834375 0.7540803828125 0.47777455625 0.766787409375 0.48450792343750004 0.7637974890625 0.48450792343750004 0.7503430453125 0.478896746875 0.73389870625 0.279700696875 0.795938725 0.272406196875 0.7966861671875 0.2600616515625 0.797433659375 0.2604537046875 0.8376252203125001 0.27577291875 0.8325647671875 0.275211784375 0.8168678703125 0.28138405781250003 0.8153729343749999
1 0.6224225718749999 0.7018867390625 0.71046228125 0.6768576921875 0.7136832734375 0.6618402578125 0.719051571875 0.65897978125 0.7131464656250001 0.6360960734375001 0.7056308625 0.6425321203125 0.7061676718750001 0.662555371875 0.6224225718749999 0.6882995328125 0.612222784375 0.68686930625 0.61223095 0.7155744671875001 0.6181278906250001 0.7133285796875 0.6181278906250001 0.7061774203125 0.6224225718749999 0.7018867390625
1 0.7534085187499999 0.6381266937500001 0.7528717109375 0.52799886875 0.722809371875 0.5251384156250001 0.72066206875 0.48652215 0.718514690625 0.478655878125 0.71046228125 0.478655878125 0.71153596875 0.492958196875 0.712609584375 0.5044000484375 0.7120727765625 0.535150028125 0.740524690625 0.5358651421875 0.742135115625 0.543731415625 0.7399878109375 0.6238243734375 0.743208803125 0.643847603125 0.7646819218750001 0.653859240625 0.7748816374999999 0.667446421875 0.781654740625 0.6675612203125 0.77971305625 0.65600458125 0.7743448296875 0.653859240625 0.7754184468750001 0.6409871468749999 0.7534085187499999 0.6381266937500001
1 0.7141788828125 0.4584929390625 0.7198789734375 0.4567063078125 0.716861284375 0.434373340625 0.7094846593749999 0.4348199984375 0.708143459375 0.45491966093749997 0.6149297546875 0.445093159375 0.615600378125 0.470106071875 0.6219710890625 0.47233937656249997 0.6266653125 0.4589395953125 0.7141788828125 0.4584929390625
0 0.32241084531249997 0.1234853265625 0.31701551875 0.42103585624999995 0.46268977656250004 0.43181666406249997 0.47186184999999997 0.183857896875 0.32241084531249997 0.1234853265625
0 0.315106284375 0.4494270484375 0.305685315625 0.7763147421875 0.457833965625 0.7360663375 0.4616107125 0.455046390625 0.315106284375 0.4494270484375
0 0.5188013203125 0.20757569375 0.517722290625 0.20613824374999998 0.50908976875 0.4821271578125 0.6051268390625 0.481408415625 0.609982615625 0.2420743 0.5188013203125 0.20757569375
0 0.5079297687500001 0.49056272500000003 0.50369440625 0.7600147828125 0.6051268390625 0.725516178125 0.6051268390625 0.48977565624999997 0.5079297687500001 0.49056272500000003
0 0.6331826109375001 0.463067646875 0.6326430968750001 0.6779652828125 0.70062439375 0.65784108125 0.701703496875 0.46737998437500006 0.6331826109375001 0.463067646875
0 0.7054802437500001 0.27562355 0.6390497390625 0.251659371875 0.633722125 0.44164810625 0.704401140625 0.4481166 0.7054802437500001 0.27562355
1 0.7615125453125 0.33816822343749997 0.77476088125 0.336358134375 0.781894603125 0.333643025 0.7832534 0.3232350734375 0.786310684375 0.3209724671875 0.785291575 0.30875444218750003 0.78087549375 0.3083019234375 0.777478475 0.3083019234375 0.775779990625 0.3232350734375 0.7645698750000001 0.3259501828125 0.724485228125 0.324140109375 0.724485228125 0.31554223124999997 0.7168897984375 0.31434586875 0.7159927078125 0.33409554375 0.7255042921875 0.33409554375 0.757775840625 0.3327379890625 0.7615125453125 0.33816822343749997
1 0.7903870765625001 0.48862257031249995 0.7917459203125 0.5021981656250001 0.798879596875 0.5080809187499999 0.8002383953125 0.5040082546875 0.81178824375 0.504913290625 0.8080515390624999 0.4963154125 0.798879596875 0.4963154125 0.792764984375 0.476404546875 0.77476088125 0.47595202812500004 0.7736700375 0.496640321875 0.784272509375 0.49812548593750006 0.784272509375 0.48635997968750005 0.7903870765625001 0.48862257031249995
1 0.79921933125 0.52361180625 0.8094103359375 0.52361180625 0.810769134375 0.51591898125 0.802616303125 0.51591898125 0.7978604875 0.5145614187499999 0.792085609375 0.5132038640625 0.788688590625 0.5281370046875 0.7849518859375 0.5299470937499999 0.7829136671875 0.52361180625 0.7729229296875 0.5190535734374999 0.77306239375 0.5408075640625001 0.7890282796875 0.5417126 0.7968414234375001 0.5285895234375 0.79921933125 0.52361180625