6 0.2809547199236399 0.5474327634561257 0.02687158267027261 0.027954581637205857
2 0.3056552752625942 0.5047572625516145 0.020467041335136216 0.014345783016686653
2 0.31624787726768483 0.4667249960432711 0.020530676002545344 0.01981453301668683
2 0.3191825206079118 0.41582091531057647 0.018114200668363535 0.013441702283992107
2 0.32059102661522965 0.3618737217330116 0.023655676002545346 0.019978307326946342
2 0.3226353319541839 0.32038558457788185 0.015779541335136305 0.014100121551297562
2 0.3248614506285927 0.2632724474227521 0.02824317866804531 0.011630218792335612
2 0.19462051464036484 0.18343221845365126 0.022783519334818127 0.012124863749381376
2 0.15433132196850147 0.22380159090945995 0.014198860001590851 0.012455734396167806
2 0.15213247529441087 0.2785709780645897 0.01493465666772722 0.008590427973732596
2 0.15292226861872948 0.34489534090945995 0.016524428668045398 0.011016065128862352
2 0.14543648528009337 0.3843263331075438 0.01729658800127267 0.010275758706427319
2 0.14627173193827556 0.4467444459524141 0.02285624466899989 0.018374863749381375
2 0.1394126572645032 0.49941574457293303 0.014998291335136305 0.014059177973732772
2 0.17420528059359425 0.5288232835825136 0.009529541335136305 0.013772572930778538
2 0.22338766792650339 0.5293688381959265 0.015752269334818082 0.011756371551297561
5 0.27656721192713973 0.5218971749215149 0.017332950668363534 0.013400758706427318
6 0.44956781257959494 0.6174542571245476 0.0182051073360908 0.021254202283992107
6 0.5774751839195037 0.5623429539814728 0.022810791335136214 0.014468613749381376
6 0.5760672252546399 0.5491435911366025 0.02589942866804549 0.011507388059640888
6 0.6784837005888218 0.5375299824756038 0.026726132001908987 0.015454581637205677
6 0.6770848325907307 0.5235493696307335 0.03839033800127254 0.011381235300678938
6 0.7550462005888218 0.533517511874246 0.030677835335772664 0.019565549525030156
6 0.5838808199395482 0.4144410425160835 0.025999426002545435 0.020101138059640887
6 0.5894052086250928 0.2751738246282592 0.028388629336408934 0.024130218792335522
6 0.6885239612905929 0.27856774027751996 0.01665169800286357 0.021953565128862353
6 0.687823432606639 0.405870546699955 0.029960220003181704 0.024993355947465233
6 0.588725050644501 0.1323279053609538 0.030023854670590745 0.03046210594746528
6 0.6907960806413194 0.15040179669995504 0.033930104670590745 0.03066682383528967
2 0.30190630331000107 0.15594794832726327 0.04719317333704529 0.029800364653892554