2 0.277697 0.468251 0.01631635876750561 0.015207425911805572
2 0.272372 0.498629 0.013790672249741042 0.011246624525034577
2 0.261648 0.560947 0.01415454528527027 0.019059124525034575
2 0.419422 0.599032 0.01869649607105863 0.01604322729857639
2 0.440775 0.526794 0.018514559553293886 0.01213697729857639
2 0.446899 0.512859 0.008884848428423454 0.00645002175149294
2 0.551034 0.627904 0.011446922249741042 0.011192073138263935
2 0.580799 0.559773 0.016352746071058633 0.015988675911805573
2 0.590901 0.544366 0.01468108416039975 0.013608558320624908
2 0.689885 0.534938 0.021149407981717338 0.018441528685347208
2 0.742716 0.576055 0.012555657981717516 0.01824150693385427
2 0.724401 0.599874 0.014190932588823202 0.019840374525034753
2 0.693057 0.651545 0.010920383374611476 0.016642639342673606
2 0.67223 0.72927 0.012519270678164496 0.01746025693385427
2 0.645974 0.772456 0.014535534946188023 0.010483558320624909
2 0.63409 0.792514 0.014008996071058632 0.015934124525034576
2 0.605745 0.830177 0.015353172249740865 0.011282992116215241
2 0.478348 0.81157 0.0173159325888232 0.019913109707395904
2 0.500807 0.765949 0.01709760876750561 0.015225609707395903
2 0.506967 0.751232 0.017769696856846907 0.012900043502986236
2 0.534514 0.697127 0.015498721463952769 0.01440799211621524
2 0.404501 0.667509 0.013754284946188022 0.010465374525034755
2 0.381387 0.727193 0.014790246071058633 0.015952308320624907
2 0.376008 0.741927 0.018514559553293886 0.01213697729857639
2 0.359581 0.792381 0.01869649607105863 0.01604322729857639
2 0.219084 0.769559 0.016243584160399747 0.013644925911805572
2 0.22908 0.722866 0.015353172249741042 0.011282992116215241
2 0.235604 0.700337 0.018732883374611476 0.016824477298576567
2 0.249979 0.643578 0.02274829528527027 0.01925914627652787
2 0.291083 0.248012 0.014227319892376222 0.020621624525034753
2 0.349519 0.168816 0.016425520678164496 0.01755117591180557
2 0.404442 0.181826 0.02118579528527036 0.01922277868534721
2 0.45613 0.197106 0.014826633374611476 0.016733558320624998
2 0.509455 0.210861 0.01493579528527036 0.019077308320624996
2 0.796514 0.294188 0.018623721463952768 0.01448072729857639
2 0.751747 0.281415 0.016243584160399747 0.013644925911805572
5 0.423461 0.226848 0.019696069892376045 0.020748911094166635
5 0.503656 0.251395 0.018732883374611476 0.01682447729857639
5 0.798637 0.33256 0.01493579528527018 0.019077308320624996
5 0.869821 0.349077 0.019696069892376045 0.02074891109416672
1 0.309095 0.717689 0.11565073283649223 0.12053266517822933
1 0.567614 0.758901 0.09502786372990428 0.09664057028847228
1 0.648566 0.582467 0.0913570541766104 0.08484908510611114
1 0.350405 0.519216 0.13894052956950453 0.08439579663711819
4 0.433304678125 0.668700646875 0.422508796875 0.6900033421875 0.43135207500000006 0.6930830359375 0.43655367500000003 0.677876834375 0.44705985625 0.6627940984375 0.47553537187500006 0.6390290359375 0.499959646875 0.62331229375 0.5197325125 0.6022185375 0.527634434375 0.5904280265625 0.521172571875 0.58884069375 0.50731289375 0.605761284375 0.4877628703125 0.6220704546875 0.45151221875 0.646133525 0.433304678125 0.668700646875