6 0.2975182479710468 0.22550531326932316 0.027680104670590743 0.030020422433401882
6 0.41701258796150176 0.3007201719762913 0.021511920671545327 0.036797004448624285
6 0.5761234112826387 0.39708978908621645 0.03723691800604527 0.04602742441056815
6 0.766992764600594 0.5182020796181266 0.027952824673772268 0.05345792243340171
6 0.7852336872613215 0.5627160835724594 0.03311249200349984 0.02711825692008212
5 0.7502972552912291 0.3408755756637939 0.03163180800445424 0.03408583992388783
5 0.6096909839672288 0.26636371250820146 0.02310169267186346 0.03920442144481866
5 0.49621028664068306 0.21171602178601087 0.03167726133831792 0.03799208992388783
5 0.382021064648319 0.1507864975657231 0.036210220003181706 0.024901840912471006
6 0.4562403619907732 0.08659134638685952 0.03619203866963616 0.02333934091247101
6 0.5673500373170007 0.1434872866147585 0.02542726133831792 0.03773742193911023
6 0.709691531309683 0.20321906676654536 0.023782945337363515 0.03064250494291587
6 0.8831375746340016 0.27672418684222 0.06591590133672724 0.027674013840164415