6 0.421875 0.428125 0.02578125 0.01875
6 0.59375 0.52109375 0.028125 0.03515625
6 0.78671875 0.62265625 0.021875 0.0296875
6 0.81171875 0.66328125 0.0234375 0.02734375
5 0.76953125 0.45625 0.0234375 0.0265625
5 0.6265625 0.39296875 0.021875 0.03046875
5 0.5109375 0.3453125 0.0265625 0.04296875
5 0.3890625 0.2890625 0.0234375 0.02734375
6 0.4609375 0.2234375 0.02421875 0.0234375
6 0.58046875 0.26953125 0.0265625 0.03203125
6 0.7296875 0.33046875 0.02578125 0.03515625
6 0.89140625 0.38984375 0.0234375 0.0234375
6 0.92109375 0.3859375 0.028125 0.03125
5 0.68828125 0.87890625 0.021875 0.01953125
5 0.6078125 0.8203125 0.01875 0.0234375
6 0.30390625 0.3640625 0.02890625 0.02578125