2 0.935716 0.363273 0.034375 0.053125
2 0.874779 0.242179 0.03984375 0.03359375
2 0.849779 0.184367 0.03359375 0.04609375
2 0.804467 0.107023 0.03125 0.04453125
2 0.65681 0.397648 0.02734375 0.028125
2 0.074779 0.417961 0.03984375 0.090625
2 0.352123 0.427336 0.05390625 0.06640625
2 0.370091 0.203117 0.03828125 0.05546875
2 0.379466 0.103898 0.03203125 0.04296875
2 0.171654 0.107804 0.03125 0.0265625
2 0.620873 0.235148 0.03828125 0.021875
2 0.617748 0.200773 0.0375 0.03515625
2 0.595092 0.103117 0.03125 0.04453125
2 0.737279 0.038273 0.02734375 0.040625
2 0.707591 0.0 0.03984375 0.02890625
2 0.570873 0.039836 0.02578125 0.03515625
2 0.395091 0.047648 0.034375 0.04765625
2 0.223998 0.042179 0.03515625 0.05859375
1 0.0750938671875 0.29771841875 0.0448477265625 0.3853644953125 0.28681685468749996 0.42014468593750004 0.322277846875 0.29910962812499997 0.0750938671875 0.29771841875
1 0.31184814375 0.23928770156249998 0.333750521875 0.13216472031249998 0.182519815625 0.13494713281249998 0.1230705046875 0.2323316640625 0.31184814375 0.23928770156249998
1 0.3639966625 0.076516415625 0.377555278125 0.01252086875 0.270129328125 0.0083472453125 0.2430120984375 0.06956037968749999 0.3639966625 0.076516415625
1 0.7947434296875 0.2114635515625 0.7634543171875 0.1307735109375 0.598664996875 0.13494713281249998 0.614309553125 0.22815804218750002 0.7947434296875 0.2114635515625
1 0.57571965 0.0055648296875 0.57989153125 0.0612131328125 0.7175636203125 0.0612131328125 0.6946182734375 0.009738453125000001 0.57571965 0.0055648296875
1 0.614309553125 0.3380634390625 0.6414267828125 0.4785754046875 0.8552357109375001 0.48970506406250003 0.8051731328124999 0.32276015468749997 0.614309553125 0.3380634390625
5 0.468529 0.297648 0.034375 0.03359375
5 0.528685 0.289836 0.0375 0.03515625
2 0.509935 0.035929 0.03046875 0.0265625
2 0.463841 0.032023 0.03125 0.0390625