0 0.7530320046875 0.39695444062499996 0.6276221203125 0.2698591953125 0.5372439515625 0.3239995234375 0.6616633921874999 0.4803116796875 0.7530320046875 0.39695444062499996
0 0.6031493265625001 0.24823187343750003 0.506985565625 0.1469361171875 0.42303630625000005 0.1875603953125 0.512354246875 0.303699446875 0.6031493265625001 0.24823187343750003
0 0.4517594359375 0.294105953125 0.37045021875 0.1886721421875 0.2714488625 0.2291529953125 0.354218484375 0.3617409796875 0.4517594359375 0.294105953125
0 0.5865030390625 0.47829486875000005 0.47691142500000006 0.3260021703125 0.3619560609375 0.38823653281250003 0.468738953125 0.5626326203125 0.5865030390625 0.47829486875000005
0 0.42870350625000003 0.6428432515625 0.3279286265625 0.4479316671875 0.17887233281249998 0.5356012265625 0.270390534375 0.778068784375 0.42870350625000003 0.6428432515625
0 0.30488164375000004 0.409770375 0.2343957375 0.272942325 0.10121241875 0.3317099328125 0.1629319359375 0.4940280375 0.30488164375000004 0.409770375
1 0.8057483718749999 0.2577444390625 0.791989221875 0.24559567968749998 0.7880803640625 0.2548873703125 0.77742021875 0.2457596015625 0.7659669234375001 0.27775748437500003 0.76760665625 0.30249441718750003 0.7613025984374999 0.31641911093749997 0.7461455984375001 0.3418429828125 0.739329025 0.357516253125 0.756778140625 0.37330780625000004 0.764797384375 0.36060869375000004 0.7567339734375 0.3527321359375 0.7728203109375 0.3261596296875 0.7811064296875 0.285252040625 0.7811579265625 0.262327846875 0.7983337703125 0.27399653125 0.8057483718749999 0.2577444390625
1 0.6380366484375 0.2412182953125 0.631221353125 0.22739752812499997 0.6095081359375001 0.20795490156250002 0.620411203125 0.1894613328125 0.6269204703125 0.1596709609375 0.5624471359375 0.10665302343750001 0.5678733265625 0.0709527578125 0.560503715625 0.0460491125 0.5511622093749999 0.058709750000000005 0.5607972625000001 0.0713347125 0.5550360750000001 0.115254953125 0.6154229765625 0.17109319218750002 0.6026713140625 0.20246543906249997 0.6001187812500001 0.22178984218750003 0.624285128125 0.246006540625 0.631931721875 0.25328309375 0.6380366484375 0.2412182953125
1 0.66623314375 0.2756834015625 0.6560778218750001 0.25633704062499996 0.6477033640625 0.25609336875 0.6483695640625 0.2614032828125 0.6355534875 0.251037128125 0.5131170359375 0.3209544234375 0.5030273640625 0.31948513125 0.5000239765625001 0.32821535156250004 0.513482359375 0.34447856250000003 0.519226021875 0.33347676875 0.636301596875 0.26516701875000004 0.650344265625 0.27792022968749996 0.6576356453125001 0.2722540203125 0.66623314375 0.2756834015625
1 0.6411167796874999 0.487172828125 0.6335306968750001 0.4739577171875 0.6277051250000001 0.47613955781249995 0.6181896625000001 0.4605788921875 0.4534429859375 0.583346203125 0.44500938124999995 0.6062151890624999 0.4591100078125 0.62837549375 0.466473159375 0.6209478421875 0.45825609375000004 0.6060127718749999 0.47646067812500004 0.59243435 0.6223126171875 0.4785226640625 0.63138730625 0.49407050625000004 0.6411167796874999 0.487172828125
1 0.5416567609375 0.1546196546875 0.537699284375 0.1470830140625 0.5380578953125 0.1425068765625 0.5326168828125 0.1366153515625 0.5281874859375 0.139697065625 0.52805681875 0.142903859375 0.5266625328125001 0.1433219453125 0.5190888515625 0.1348457515625 0.5163656609375 0.13407853125 0.433484009375 0.16973544375 0.40248323125 0.183051778125 0.4002891703125 0.1861985265625 0.398649721875 0.17995896718749999 0.392472821875 0.1836778171875 0.39202482031249997 0.19467254375 0.4004302453125 0.203860921875 0.40687641250000006 0.20198452812499998 0.4079562109375 0.1923841515625 0.42476206562499996 0.18553464687500001 0.5163585890625 0.14302213125000002 0.522566021875 0.15122924375 0.532595109375 0.15014509375 0.535372878125 0.1580230859375 0.5416567609375 0.1546196546875
1 0.4936594625 0.30229322187499996 0.4875214625 0.292882453125 0.48305995937499996 0.2976261453125 0.47474149375 0.2847941984375 0.3258458359375 0.3624992046875 0.3255553015625 0.37711127968749997 0.3190448734375 0.3797647328125 0.327486025 0.39706761875 0.335445940625 0.388770584375 0.3334065 0.378964225 0.333737075 0.3708513375 0.353761784375 0.36574822500000004 0.47450054374999995 0.29818934218750004 0.4854769796875 0.313129259375 0.4936594625 0.30229322187499996
1 0.3598385359375 0.434274390625 0.34995506875000004 0.40825026875 0.339650384375 0.41261997656249993 0.34322390468749997 0.42050656249999996 0.1475671734375 0.5289582640625 0.1443404828125 0.5221194640625 0.1354651953125 0.529643809375 0.142651196875 0.5635775062499999 0.1544697453125 0.5602895046875 0.1520332703125 0.54361571875 0.3478588796875 0.4310182078125 0.354828071875 0.44159779062500004 0.3598385359375 0.434274390625
1 0.2631838796875 0.2640040703125 0.2546562421875 0.2424880671875 0.248751346875 0.24785172968750002 0.078229675 0.3215520390625 0.077438890625 0.31948964062499996 0.0692259421875 0.3224554171875 0.07483076093749999 0.34592576406250003 0.0829251390625 0.34586993593750004 0.08254935468749999 0.333622690625 0.10012679218750001 0.32626795625 0.25158730937499996 0.2590051890625 0.2561965859375 0.2693362375 0.2631838796875 0.2640040703125
1 0.6772896937499999 0.11702893125 0.67879693125 0.1068758625 0.6723976828125 0.10290223750000001 0.672172396875 0.10843114843749999 0.669266459375 0.11533877968749999 0.6636748734375 0.11838082812499999 0.6689631968749999 0.1281489453125 0.6661521171875 0.1327285984375 0.6633934890625001 0.1413885546875 0.66020481875 0.144500521875 0.6534635203125 0.1381862140625 0.6521865921875001 0.1480546421875 0.6653034250000001 0.15892456562499999 0.6711253187499999 0.155597878125 0.674339528125 0.141124371875 0.67880331875 0.1389235265625 0.681213078125 0.1334581671875 0.6784275359375 0.12667628125 0.6772896937499999 0.11702893125
1 0.663395025 0.1036685390625 0.6644132609375 0.0968094921875 0.659092559375 0.09685149374999999 0.6579587859375 0.10291990625 0.65373859375 0.1049621234375 0.648522025 0.1024485046875 0.6399707015625 0.10200286249999999 0.6319776312500001 0.10236074843750001 0.6306128015625 0.10684788125 0.628704515625 0.1174206015625 0.624068990625 0.122403028125 0.62793675 0.12901059374999999 0.6327780578125 0.1334814875 0.638549496875 0.13325578124999998 0.6402048609375 0.132516671875 0.645966128125 0.1216624328125 0.637052178125 0.1192380421875 0.6367182109375 0.1129301125 0.6398493249999999 0.11223393749999999 0.6443086015625 0.1115764140625 0.6524686453124999 0.1143724984375 0.6624877031249999 0.11505765937500001 0.6672273484375 0.10751961875 0.663395025 0.1036685390625
1 0.22351798750000001 0.8157002578125001 0.236251078125 0.8055185703125 0.22752652499999998 0.7768892375 0.213972371875 0.7864481765625 0.21604939218750002 0.800964625 0.1949643640625 0.729018965625 0.1983267484375 0.725088078125 0.18736003750000002 0.68424473125 0.180672740625 0.6693571515625 0.1609421078125 0.6820541484375 0.16601090624999998 0.6973685984375 0.1707988921875 0.69774490625 0.18428551875000002 0.689842884375 0.1936028375 0.725777490625 0.18998429375 0.731417509375 0.2210037078125 0.83204228125 0.22351798750000001 0.8157002578125001
