2 0.787317 0.769712 0.08457122829238761 0.03699993429640003
2 0.803208 0.518581 0.0669290872261609 0.020674597338261692
2 0.665266 0.727086 0.05258544239901033 0.03725726087441501
2 0.612392 0.720657 0.02115358597251955 0.02973392095052709
2 0.542162 0.693866 0.030255801332783605 0.02074092292769336
2 0.631697 0.513084 0.04374163981258548 0.02831334239534584
2 0.53668 0.506812 0.02639501543940632 0.022144255437207504
2 0.487825 0.496317 0.03958533722616089 0.01956042490485963
2 0.487185 0.652408 0.028943353919208194 0.029271005931499162
2 0.777663 0.028798 0.03193196159934022 0.02471083992388783
2 0.787985 0.264035 0.0416706744523216 0.037592841901054184
1 0.22660080468750002 0.52885010625 0.22150014687500003 0.735600053125 0.3634001390625 0.7094355328125 0.3616070421875 0.5204614046875 0.22660080468750002 0.52885010625
1 0.4394742015625 0.52224526875 0.44779688437500004 0.6809279312500001 0.6313894609374999 0.6231267703125 0.6333530734374999 0.4995877015625 0.4394742015625 0.52224526875
1 0.25500010156249997 0.231376925 0.6247471499999999 0.33117064687500003 0.6184880875000001 0.24340997031249997 0.27389462343750004 0.052968601562499995 0.25500010156249997 0.231376925
2 0.664557 0.081007 0.03202288981258557 0.02783583992388783
2 0.624699 0.109942 0.03583821159934022 0.02487000741437382
2 0.554122 0.148713 0.04126149749271768 0.023530341901054186
1 0.7257511 0.236668775 0.73341135 0.62728384375 0.7903481109375 0.6101581406250001 0.785999478125 0.2696812328125 0.7257511 0.236668775
3 0.2698965125 0.3182420359375 0.472906484375 0.350664115625 0.5171739546875 0.3623474453125 0.62161091875 0.3786779546875 0.6065672890625 0.3648922140625 0.5121364171875 0.340187584375 0.2968548953125 0.2886040703125 0.2698965125 0.3182420359375
3 0.276853778125 0.447054178125 0.27612482968749996 0.4617728578125 0.3791889859375 0.4642372953125 0.504241125 0.46673012343750003 0.504620221875 0.4797588484375 0.48260696875000003 0.4788618765625 0.45014111406249996 0.47667144375000003 0.39480669375 0.48395980781250003 0.3021193203125 0.48018308750000005 0.2488746265625 0.4797486359375 0.24917790312500002 0.490171615625 0.317459021875 0.4903512015625 0.50376490625 0.49013461875 0.6145853875 0.48076937812500004 0.6167003859375 0.47391514375000005 0.5252474234375 0.4727913765625 0.5251463296875001 0.46931705 0.5223742296875 0.4535881625 0.276853778125 0.447054178125
2 0.636985 0.304522 0.05047737311953817 0.018443593878220456
2 0.535567 0.330504 0.034139319279472245 0.020118840418179396
2 0.437028 0.230736 0.0311734436526514 0.02546025642579064
2 0.48523 0.210044 0.021684783386094964 0.02117200444862428
4 0.641800934375 0.6206866203125 0.68696075625 0.621659190625 0.6884692 0.5939589953125 0.686472621875 0.525341046875 0.6768673875 0.4338567203125 0.6741378890624999 0.34004990468749996 0.69160991875 0.2644172765625 0.6774248359375 0.214388821875 0.6330484796875 0.240342284375 0.621954665625 0.3760958828125 0.633952903125 0.47028037031250003 0.641800934375 0.6206866203125
5 0.697433 0.426131 0.028738765439406233 0.022239755931499162
5 0.702476 0.386909 0.03335806927947216 0.020087006920082296
5 0.477811 0.438201 0.02003135517284953 0.01798333745242999
5 0.481822 0.407605 0.021502926959604096 0.014922004448624238