0 0.2455728984375 0.782985259375 0.2838455046875 0.6544185453125 0.0961520625 0.5965410125 0.058066942187500005 0.7412203125 0.2455728984375 0.782985259375
0 0.43714668124999995 0.7124862578125 0.40529098750000003 0.8382983156250001 0.49152475781250005 0.859574853125 0.5203172984375 0.7476273796874999 0.43714668124999995 0.7124862578125
1 0.32940909375 0.8753260609375 0.288669415625 0.9766139703125001 0.3337940296875 0.975055209375 0.35771255156250004 0.9060875640624999 0.3739243765625 0.821401396875 0.393630578125 0.7599095953125 0.4144859453125 0.70480653125 0.40025922031250005 0.6829807453125001 0.3571142109375 0.6699255890625 0.3354995234375 0.659772678125 0.310690440625 0.652205540625 0.2860688453125 0.6607509890625 0.29284197968750003 0.6886102453125 0.3446741109375 0.7092713359375 0.3504480703125 0.7436319203124999 0.3478348859375 0.796166709375 0.32940909375 0.8753260609375
1 0.292744359375 0.5878502875 0.30585553593750003 0.5138061859375 0.33611597187500003 0.43563884843749995 0.3703262484375 0.3274380453125 0.35411991875000004 0.32022617656249996 0.341454834375 0.3402368203125 0.329183471875 0.39408389375 0.2825049734375 0.5392135546875 0.292744359375 0.5878502875
0 0.0990144765625 0.4730545484375 0.245068303125 0.554879578125 0.2920749046875 0.4379469421875 0.1428173078125 0.3579020578125 0.0990144765625 0.4730545484375
0 0.1691279078125 0.30976818281249996 0.3075781578125 0.3847366125 0.3410517375 0.3055947609375 0.208587178125 0.190812725 0.1691279078125 0.30976818281249996
0 0.40280678437499995 0.6248065515625 0.49571994999999996 0.665886053125 0.509661565625 0.5708392953125 0.425369903125 0.5317263203125 0.40280678437499995 0.6248065515625
0 0.4464690015625 0.497569621875 0.515741 0.5390819812500001 0.5415172593750001 0.4450272375 0.47533653906250006 0.3920671796875 0.4464690015625 0.497569621875
0 0.012363375 0.9701354203125 0.1801405046875 0.979077246875 0.2140601765625 0.8459019359375001 0.0331961171875 0.8207174359374999 0.012363375 0.9701354203125
0 0.3993990390625 0.8861682156249999 0.367112125 0.9749213234375 0.47347394062500003 0.9709593796875 0.48033694374999997 0.9141712625 0.4856609328125 0.9098616406250001 0.3993990390625 0.8861682156249999
0 0.4119309875 0 0.3442157515625 0.023286734375 0.6534147984375 0.3625814796875 0.68217921875 0.2482171171875 0.4939246578125 0 0.4119309875 0