1 0.2655865625 0.31793062499999997 0.29219085 0.31543874375000003 0.29219085 0.30297942187500004 0.291359496875 0.29176600937499997 0.288865328125 0.2718310640625 0.28470834218749996 0.25501096562500003 0.2661389875 0.2565290984375 0.2655865625 0.2693392046875 0.2664179703125 0.286159303125 0.26475520937499997 0.300487540625 0.2655865625 0.31793062499999997
1 0.32544618125 0.49859101250000004 0.324614828125 0.50918148125 0.3570386953125 0.506066634375 0.37616047343750003 0.3222913796875 0.37283495312500003 0.300487540625 0.33459139375 0.30547128125 0.3337599296875 0.320422484375 0.35205035625000003 0.31543874375000003 0.342073790625 0.50232884375 0.32544618125 0.49859101250000004
1 0.5382802546875001 0.63282879375 0.5840063203125 0.5138421140625 0.5989711140625 0.512596184375 0.6014652828125 0.501382771875 0.5687513265625 0.502687321875 0.519989828125 0.6378125156250001 0.5449312984375 0.6403044171875 0.5474254671875001 0.63345178125 0.5382802546875001 0.63282879375
1 0.2813828203125 0.6266990828125001 0.278057296875 0.510204284375 0.29468501874999997 0.5108272484375 0.29385355468749996 0.49587603593749996 0.263396278125 0.496516225 0.2664179703125 0.6360436 0.29219085 0.636666565625 0.295516371875 0.6260761171875 0.2813828203125 0.6266990828125001
1 0.35205035625000003 0.7265737234375 0.36119556875000003 0.7259507593750001 0.3603642171875 0.7153603109375 0.34373660781250004 0.7153603109375 0.34789348124999997 0.631259778125 0.34290514375000003 0.6268990015625 0.31796367187499996 0.625653071875 0.3310497921875 0.634337403125 0.32877170312500004 0.722212946875 0.3370855640625 0.7265737234375 0.3470621296875 0.727819653125 0.35205035625000003 0.7265737234375
1 0.1084551765625 0.7209670171875 0.1259142515625 0.7247048281249999 0.14420467812499999 0.7209670171875 0.14420467812499999 0.7159832765624999 0.12009455937499999 0.7147373453125 0.09681585000000001 0.6231612125 0.06592115625 0.622680884375 0.066886040625 0.6300138484375 0.0768626625 0.634374625 0.1084551765625 0.7209670171875
1 0.146554509375 0.7571355375000001 0.2632810734375 0.760737028125 0.266027571875 0.7303815890625 0.3106582453125 0.7272945953125001 0.3154646421875 0.7185481125 0.29486585625 0.7170046109375 0.25847467812499997 0.71957710625 0.2522949859375 0.7499325546875 0.1403748640625 0.74941805625 0.132135321875 0.7787444921875 0.1148476453125 0.7775880234375 0.11840278125 0.787490984375 0.1314487203125 0.7859474921875 0.1444946109375 0.7823459921875 0.146554509375 0.7571355375000001
1 0.46652253281249995 0.79049543125 0.48712132031250005 0.7889519218750001 0.48986791093750004 0.7822634374999999 0.47407542812500003 0.78071994375 0.476135325 0.7683719703125 0.476135325 0.73081353125 0.48643471875 0.731328028125 0.48849461562499996 0.7230960515625 0.467458034375 0.7220915265625 0.4644626359375 0.7591109796875 0.460342934375 0.7750604546875 0.4617161375 0.78329243125 0.46652253281249995 0.79049543125
1 0.5777560546875 0.306637815625 0.591488640625 0.300978325 0.662211190625 0.304065328125 0.6574047953125 0.32155829375 0.6807500796875 0.32155829375 0.6834965796875 0.311268309375 0.6814367734375 0.305094321875 0.6814367734375 0.29428984062499997 0.57569625 0.292746346875 0.548917771875 0.29428984062499997 0.5420514796875 0.29017384375 0.522577003125 0.28831279374999996 0.51870619375 0.3107538125 0.5372450828125 0.3097248171875 0.53999158125 0.305094321875 0.5777560546875 0.306637815625
1 0.015283390625 0.4951559171875 0.0185421328125 0.5065509828125 0.0402669125 0.5041091890625 0.046784323437500004 0.4927140953125 0.042439382812499996 0.4919001640625 0.0025145609375 0.372793046875 0.000076096875 0.425971534375 0.0207146046875 0.4951559171875 0.015283390625 0.4951559171875
0 0.3416020921875 0.3401300734375 0.0045677109374999995 0.33467663281250004 0.043449096874999996 0.47636649531249997 0.3375097890625 0.48118514687499997 0.3416020921875 0.3401300734375
0 0.6812108515624999 0.348891259375 0.38450675 0.34335544375 0.36610409375 0.480747075 0.62158024375 0.48863214531250004 0.6812108515624999 0.348891259375
0 0.5561035578125 0.5335953390625 0.29126418125 0.52802124375 0.290104315625 0.6146362937500001 0.526872846875 0.6185788156250001 0.5561035578125 0.5335953390625
0 0.2579505640625 0.5261483265625 0.026399742187500002 0.5231996828125001 0.050997375 0.6133221062499999 0.2626274984375 0.6133221062499999 0.2579505640625 0.5261483265625
0 0.3216734734375 0.648209946875 0.1061162234375 0.6432565625 0.12173558749999999 0.7104143484375001 0.3240119203125 0.711728521875 0.3216734734375 0.648209946875
0 0.5508419921875001 0.6521524750000001 0.356837415625 0.6485602796875 0.3573348953125 0.7134807671875001 0.5239498078125 0.7187374765625 0.5508419921875001 0.6521524750000001
