6 0.39967498653915084 0.7208083084586001 0.023724656505633046 0.037906113749381375
6 0.43160093646000863 0.6886199282008753 0.023610996239076344 0.033999863749381375
6 0.4785535266556703 0.36614074061620416 0.02977006802583091 0.0312024123699004
6 0.4898654482049981 0.27087250622003645 0.03519335391920819 0.02992651741285455
5 0.6196117503292043 0.5887859452750456 0.028753137305303156 0.049870525214770645
5 0.6175598538527012 0.46448530811991573 0.03721049498543501 0.04563340456798422
5 0.6090677407622931 0.3608656631628699 0.02756271034569906 0.035767081637205766
5 0.6071438764182434 0.267855969585305 0.029352530878812465 0.043661468792335525
6 0.8109474556603384 0.6570025995043455 0.02459683471887857 0.04107205732694617
6 0.8423482198461034 0.6874370499793153 0.02691785266556721 0.04041363805964089
6 0.7432381522824909 0.34679211782171127 0.02439224623907634 0.034040807326946344
6 0.7217830379384413 0.2548060136832683 0.027335389812585476 0.027954581637205857