1 0.3621382171875 0.2512993125 0.23170424218750002 0.3745993171875 0.31957213125 0.46051325 0.450205921875 0.30800215 0.3621382171875 0.2512993125
1 0.4876347140625 0.132027809375 0.38746223281250003 0.2304088453125 0.47589233750000004 0.28844947187500003 0.56983120625 0.1750437625 0.4876347140625 0.132027809375
1 0.622309775 0.1776824796875 0.536805834375 0.2806283796875 0.6314786234375 0.35101810312500004 0.719546378125 0.220992628125 0.622309775 0.1776824796875
1 0.5103854984375 0.31175584375 0.394725559375 0.46068318125 0.5089177578124999 0.5483435859375 0.622671878125 0.37725740625 0.5103854984375 0.31175584375
1 0.65422950625 0.4378707734375 0.5456413328124999 0.6296227640625001 0.698263334375 0.76928914375 0.79954125625 0.5297684734375 0.65422950625 0.4378707734375
1 0.7547734593750001 0.2658069609375 0.678802309375 0.40042447656249996 0.8171547484374999 0.488707784375 0.8854073 0.3283756265625 0.7547734593750001 0.2658069609375
3 0.2082091984375 0.26221328125 0.214820621875 0.30331324375 0.2298064453125 0.3303217921875 0.2214320171875 0.33795467968750004 0.228924928125 0.3508718125 0.24699607499999998 0.3356060765625 0.2408254546875 0.319753259375 0.2267211203125 0.29391899375 0.22099124374999998 0.27982757812500003 0.22363579374999998 0.25516759375000003 0.21349833125 0.222874740625 0.202479321875 0.2316818890625 0.198953253125 0.22228759999999997 0.1847159578125 0.23402209687500003 0.19146034218750002 0.2504704296875 0.2090907453125 0.23931473749999999 0.2082091984375 0.26221328125
3 0.39156534375 0.2040862015625 0.389802309375 0.1847105 0.3783425546875 0.1530048078125 0.4409304859375 0.0989876921875 0.43696361406250006 0.0549520265625 0.44710107656250003 0.042622034375 0.438285903125 0.029704901562500004 0.42991147500000004 0.0543648765625 0.43387828749999996 0.0901805640625 0.3673235453125 0.14126195625 0.372612678125 0.1712062265625 0.38275017031249997 0.189994765625 0.360271378125 0.2087833265625 0.3529016671875 0.22238965624999998 0.35850834374999996 0.2346175921875 0.366442028125 0.2275718859375 0.39156534375 0.2040862015625
3 0.353659984375 0.24636044531249998 0.46781680468750003 0.31799181875000004 0.4731059078125 0.3291475109375 0.4872102421875 0.31329469374999996 0.48456572031249995 0.304487525 0.4744281984375 0.3056618453125 0.354982275 0.2322690296875 0.34175948749999996 0.24225044062499998 0.34264100468750003 0.236966175 0.334266546875 0.236966175 0.3233358796875 0.25599448593749996 0.33206276875 0.25281903125 0.33911490624999996 0.2586904375 0.353659984375 0.24636044531249998
3 0.4999922875 0.5778856109375 0.517622690625 0.591977025 0.5088075187500001 0.6066556000000001 0.51585965625 0.6142884484375 0.530845478125 0.5925641859375 0.523352596875 0.5694771796875 0.3637974765625 0.44206728906250004 0.353659984375 0.457332984375 0.3479301078125 0.454984421875 0.339815171875 0.4679634109375 0.3492523984375 0.475135684375 0.3589491171875 0.45986998906250004 0.4999922875 0.5778856109375
3 0.47189798281249995 0.13586304375 0.4784320828125 0.12784605468750002 0.5681899359375 0.1729702578125 0.5846971234375 0.180300071875 0.585384921875 0.18992046093749998 0.5917470890625001 0.191981975 0.6005165140625001 0.1830487609375 0.6005165140625001 0.172054034375 0.5944982796875 0.16816007187499998 0.59260683125 0.1743445953125 0.5905434374999999 0.171137809375 0.5601213265625 0.15693628125 0.47878901249999994 0.118912840625 0.476037821875 0.119600009375 0.4681281390625 0.12784605468750002 0.4667525203125 0.1273879421875 0.4667525203125 0.12418114843750001 0.46245379062499997 0.1209743546875 0.45677944375 0.1267007734375 0.45695138750000003 0.13128191250000001 0.45269186718750004 0.1386946140625 0.45882979375 0.142276640625 0.46192489531250003 0.1344887078125 0.47189798281249995 0.13586304375
3 0.63177169375 0.355033875 0.651565 0.3607129140625 0.651565 0.3688258015625 0.64912886875 0.3785612765625 0.65674168125 0.387079821875 0.6658770406250001 0.370042746875 0.6594823140625 0.3672032265625 0.6597868140625 0.3526000125 0.5142299671874999 0.270659734375 0.505399109375 0.2832347296875 0.5011359515625 0.2783669921875 0.49462221562500003 0.2875882296875 0.5023539968749999 0.2986492390625 0.5139254671875 0.2840460171875 0.63177169375 0.355033875
3 0.82602235625 0.5385534859375001 0.8229101671875 0.5551367171875 0.8345809031250001 0.5587643015625 0.8431394484375 0.5250796328125 0.8345809031250001 0.517306259375 0.8310797031250001 0.5240431859375 0.6400685046875 0.41003362499999996 0.6439587671875 0.402260234375 0.6338441265625 0.39759622031249997 0.6229132171875 0.42330228593749997 0.6276196953125 0.4307626296875 0.635011209375 0.42039811875 0.82602235625 0.5385534859375001
3 0.886713121875 0.3229716453125 0.903970415625 0.33082851562500004 0.9030966312500001 0.3430503359375 0.9111791515625001 0.343341340625 0.91773254375 0.32006167812499997 0.9096500234375 0.316860725 0.9087762390625 0.3188976984375 0.7414560015625 0.2403288671875 0.7357763937499999 0.23479994531249998 0.7263831828125 0.256042634375 0.7331451906249999 0.26157155625 0.7381694671875 0.2513866984375 0.886713121875 0.3229716453125
2 0.959954 0.335497 0.00859375 0.01015625
2 0.943548 0.383153 0.01015625 0.01015625
2 0.928704 0.42456 0.01015625 0.0125
2 0.913079 0.469872 0.0078125 0.009375
2 0.889642 0.541747 0.01015625 0.00859375
5 0.879486 0.56206 0.00625 0.01328125
2 0.862298 0.610497 0.01171875 0.0109375
2 0.879486 0.661278 0.01171875 0.01171875
2 0.874017 0.673778 0.009375 0.0109375
2 0.839642 0.673778 0.0078125 0.0125
5 0.836517 0.695653 0.009375 0.0125
5 0.902142 0.71206 0.0078125 0.01484375
2 0.909954 0.679247 0.0125 0.015625
2 0.915423 0.665966 0.01328125 0.01328125
2 0.891986 0.632372 0.01015625 0.0234375
2 0.941204 0.548778 0.01015625 0.01328125
2 0.930267 0.538622 0.01015625 0.01328125
5 0.949798 0.629247 0.00859375 0.01484375
2 0.778704 0.847997 0.01015625 0.0140625
5 0.762298 0.790966 0.0109375 0.01640625
2 0.552923 0.658935 0.01171875 0.01953125
5 0.538861 0.600341 0.0140625 0.0171875
2 0.386517 0.51206 0.01015625 0.01640625
5 0.392767 0.479247 0.0140625 0.015625
5 0.372454 0.460497 0.0125 0.0140625
5 0.184173 0.34956 0.01015625 0.0140625
5 0.235736 0.311278 0.009375 0.0125
5 0.283392 0.269872 0.0109375 0.01328125
5 0.315423 0.242528 0.009375 0.01484375
2 0.153704 0.232372 0.009375 0.00859375
5 0.345892 0.217528 0.009375 0.01328125
5 0.273236 0.167528 0.01171875 0.0140625
5 0.295892 0.150341 0.01484375 0.01796875
5 0.317767 0.133153 0.0109375 0.01484375
5 0.480267 0.100341 0.00625 0.0140625
5 0.457611 0.119091 0.00703125 0.0109375
5 0.434954 0.138622 0.009375 0.0109375
3 0.3163465296875 0.11903124218750001 0.3207154625 0.12135921093749999 0.32333681406250003 0.135908990625 0.329016421875 0.1394009375 0.3425601125 0.12892509531250002 0.341686328125 0.11903124218750001 0.3346960296875 0.12514215312500002 0.3316377875 0.1219412 0.329234875 0.11321132656249999 0.326613509375 0.1085554 0.33229311875 0.0989525421875 0.3268319625 0.09575159062500001 0.324210596875 0.088767684375 0.324210596875 0.0832387734375 0.31765720625 0.087021715625 0.3187494421875 0.0972065640625 0.3172203140625 0.106809421875 0.31416205625 0.113502321875 0.3163465296875 0.11903124218750001
3 0.3436492109375 0.09527464062499999 0.3519133875 0.0927190203125 0.3563406234375 0.0935053625 0.359439696875 0.0942917109375 0.3588494 0.10058246562499999 0.3498473375 0.10274492187499999 0.3551600296875 0.1137537453125 0.35678335156249996 0.1145400875 0.3625387703125 0.11493325937500001 0.3675563046875 0.1106083609375 0.371688403125 0.10412102812499999 0.3672611453125 0.09900978125 0.3657854140625 0.088394121875 0.36460482031249997 0.0838726375 0.35663578125 0.083282875 0.348076446875 0.0834794671875 0.34276375468750003 0.0858385015625 0.33863167656250004 0.08367605312500001 0.337746221875 0.0775818765625 0.3324335296875 0.0773852921875 0.33317140625 0.084265809375 0.3291868875 0.08800095 0.3336141328125 0.0956678109375 0.3436492109375 0.09527464062499999
5 0.428704 0.048778 0.00703125 0.0125
5 0.444329 0.036278 0.009375 0.0125
5 0.460736 0.02456 0.00703125 0.015625
4 0.31383912812500003 0.015594121875 0.329334465625 0.012841907812500001 0.3405501375 0.0163804640625 0.359439696875 0.01913266875 0.3681466015625 0.0108760453125 0.3752301828125 0.0098931171875 0.3862982953125 0.014218015625 0.40046546093749996 0.016183878125000002 0.4063684484375 0.015397528125 0.41094325468750004 0.011858981250000001 0.41891229374999994 0.0057648046875 0.41684624374999996 0.0006535609375 0.41153355156250004 0.002816009375 0.403712103125 0.0081238390625 0.3860031359375 0.0061579765625 0.3750826140625 0.0034057703124999996 0.36283390937500004 0.0069443249999999995 0.34969976875 0.0089101890625 0.337746221875 0.007337496875 0.3194469578125 0.006354562499999999 0.299671953125 0.013431671875 0.2869805296875 0.0124487375 0.285062059375 0.020901946875 0.296425309375 0.021688289062499998 0.31383912812500003 0.015594121875
0 0.8066276421874999 0.5462506234375 0.7376741546875001 0.725062634375 0.7537029765625001 0.742589590625 0.8210896 0.553628703125 0.8066276421874999 0.5462506234375
3 0.7770882828125 0.7192914218750001 0.7878570578125 0.6836701546875 0.8010061109375 0.691954775 0.8058037421875 0.6917180640625 0.811489815625 0.6765690625 0.7922992984375 0.663313678125 0.7850140156250001 0.677989278125 0.772398025 0.7184655375 0.7755964453125 0.7224894890625 0.751608296875 0.7937371640625 0.75427365625 0.7792982703125 0.7411245906249999 0.7693567328124999 0.73124519375 0.7976986046875 0.7435488265625 0.8082382906250001 0.7453950296875 0.8246340328124999 0.780473 0.7250299265625 0.7770882828125 0.7192914218750001
0 0.31081193125 0.2452446109375 0.236292821875 0.3025167171875 0.25875692968749997 0.3435539421875 0.3391456921875 0.2636776140625 0.31081193125 0.2452446109375
0 0.443914596875 0.122357934375 0.390630690625 0.171124228125 0.411627346875 0.19872322343749999 0.468953725 0.13903541875 0.443914596875 0.122357934375
0 0.570428040625 0.1811679796875 0.502942284375 0.2600073828125 0.5341872140625 0.27859955 0.5994207015625 0.19608994531249999 0.570428040625 0.1811679796875
0 0.45182170624999995 0.31546555781249996 0.361647053125 0.4223157515625 0.39317743906249997 0.4523964109375 0.48476790000000003 0.333898559375 0.45182170624999995 0.31546555781249996
0 0.6060099671875 0.41201936874999995 0.52178165 0.5459792703125 0.5612030859375 0.583182921875 0.6448864828125 0.43308565000000004 0.6060099671875 0.41201936874999995
4 0.18834230624999998 0.4152236375 0.21997065624999998 0.4266345375 0.22787772187500002 0.4257567765625 0.2950879984375 0.49158892656250003 0.3188092828125 0.5258216265625 0.3359413015625 0.5521544625 0.36888745156249997 0.56619866875 0.3906319484375 0.5758540515624999 0.42028359843749996 0.6074535015625 0.44927625937500004 0.6364196453125001 0.46838506718749995 0.6697745546875 0.5178043359375 0.70927386875 0.5705182828125 0.7399955296875 0.6678608374999999 0.816442428125 0.66851978125 0.806787046875 0.6250307890625 0.7628989671874999 0.5663865218749999 0.72164419375 0.5294867953125 0.7014556437499999 0.4910310546875 0.6707339812499999 0.45874380625000005 0.63562349375 0.4310689890625 0.6031463125000001 0.39878169375 0.5671580671875 0.36978903281250003 0.5504806109375 0.3480445359375 0.5469695453125001 0.3218549984375 0.511365659375 0.2994515578125 0.47625522968749995 0.2605750421875 0.443777990625 0.23355916875 0.4200784609375 0.209178984375 0.40691198437500004 0.16832568125 0.3937455671875 0.1478990296875 0.310358203125 0.13933301874999998 0.279636540625 0.12180745468750001 0.28319429375 0.13694620468750002 0.31779206718749997 0.1540782234375 0.3827464265625 0.1679156546875 0.4090792921875 0.18834230624999998 0.4152236375
0 0.7108998828125 0.2503461703125 0.6526349171875 0.3448726171875 0.6941471203125 0.3668166578125 0.746861065625 0.2711406046875 0.7108998828125 0.2503461703125
0 0.86503525625 0.46424822812500005 0.9045707593750001 0.3545279984375 0.8898738421875001 0.333432596875 0.839337271875 0.4519595703125 0.856469290625 0.458103884375 0.856469290625 0.4765368875 0.86503525625 0.46424822812500005