2 0.105537 0.846565 0.0265625 0.0203125
2 0.016474 0.773909 0.01953125 0.015625
2 0.436005 0.272346 0.0125 0.01875
2 0.462568 0.291096 0.02109375 0.01953125
2 0.517255 0.328596 0.015625 0.01640625
2 0.407099 0.461409 0.01171875 0.0203125
2 0.425068 0.470003 0.0109375 0.01953125
2 0.496162 0.503596 0.01328125 0.01640625
2 0.59538 0.350471 0.01796875 0.01875
2 0.642255 0.38094 0.01796875 0.01484375
2 0.66413 0.398128 0.0125 0.02421875
2 0.709443 0.425471 0.01640625 0.01953125
2 0.691474 0.584846 0.01953125 0.0140625
2 0.638349 0.555159 0.0140625 0.01953125
2 0.625068 0.550471 0.01015625 0.0203125
2 0.565693 0.519221 0.0171875 0.02109375
2 0.334443 0.847346 0.01796875 0.01953125
2 0.369599 0.851253 0.01796875 0.02265625
2 0.437568 0.86844 0.01953125 0.01640625
2 0.52038 0.877815 0.01640625 0.01484375
2 0.578193 0.886409 0.01484375 0.01796875
2 0.60163 0.894221 0.015625 0.02421875
2 0.647724 0.902034 0.01875 0.01796875
2 0.678193 0.733284 0.01171875 0.0140625
2 0.622724 0.711409 0.01484375 0.021875
2 0.605537 0.709065 0.021875 0.03046875
2 0.543037 0.683284 0.01875 0.02109375
2 0.47038 0.671565 0.015625 0.0171875
2 0.393818 0.644221 0.01640625 0.0203125
2 0.378193 0.640315 0.0109375 0.0203125
5 0.07663 0.684065 0.03046875 0.01953125
5 0.100849 0.586409 0.02578125 0.01640625
5 0.178193 0.219221 0.02421875 0.0171875
5 0.393037 0.33719 0.01796875 0.03046875
5 0.194599 0.131721 0.0265625 0.02265625
5 0.321162 0.750471 0.015625 0.02421875
5 0.05163 0.815315 0.021875 0.01796875
5 0.006318 0.807503 0.01796875 0.0203125
1 0.5737840609375 0.6602027359375 0.5538968078125001 0.8134753031249999 0.680585971875 0.8360892890624999 0.7004732234375 0.6928673812499999 0.5737840609375 0.6602027359375
1 0.382277184375 0.6011551078124999 0.3483952 0.7682473328125 0.4699284078125 0.7990274796875 0.49570817968750003 0.627538090625 0.382277184375 0.6011551078124999
1 0.45077772187500004 0.2412158421875 0.4139494765625 0.3737589234375 0.52296108125 0.43092205312500004 0.546531159375 0.2902128109375 0.45077772187500004 0.2412158421875
1 0.632709253125 0.3310436171875 0.60692948125 0.45479237031249997 0.718887346875 0.5019048390624999 0.7328820796875 0.3900912453125 0.632709253125 0.3310436171875
4 0.5818862734375 0.577284790625 0.5980907015625 0.58733545 0.612085434375 0.596129778125 0.6209242140625 0.6011551078124999 0.6304995578125 0.5980142765625 0.6098757406249999 0.5860791187500001 0.590725053125 0.567862296875 0.574520625 0.5433638125 0.5561065015625 0.5182371625 0.5384289453125 0.500020340625 0.5222245171875 0.48620068281249995 0.514122303125 0.4880851828125 0.536955815625 0.5106991671875 0.554633371875 0.5389666484375 0.56862810625 0.56095246875 0.5818862734375 0.577284790625
3 0.63786520625 0.569118628125 0.6260801687499999 0.55906796875 0.6025100906249999 0.5483891421875 0.58409596875 0.53708215 0.5759937546875 0.522006159375 0.558316196875 0.5169808296875 0.554633371875 0.53394131875 0.5759937546875 0.5446201453125 0.5951444421875001 0.561580634375 0.6084026109375 0.574772125 0.6268167328125 0.5810537874999999 0.6393383359375 0.5879636171875 0.6400749015625 0.59864244375 0.64744055 0.6030396078125 0.6651181078125 0.6168592640624999 0.6842687953125 0.6256535921874999 0.6872150546875 0.5942452796875 0.667327803125 0.5885917828125 0.6525965046875 0.5785411234375 0.63786520625 0.569118628125
3 0.481713446875 0.45479237031249997 0.44023105156250003 0.439956634375 0.5081479421874999 0.47247408750000003 0.481713446875 0.45479237031249997