2 1.0 0.918501 0.00857618696510301 0.04111011838761662
2 0.931492 0.722498 0.04074118668015991 0.03430638154179633
2 0.898283 0.657039 0.04053646879233552 0.030400131541796327
2 0.814808 0.499689 0.049665807326946254 0.026258663111827295
2 0.821944 0.396617 0.03506771879233552 0.030081613125944706
2 0.763708 0.272277 0.03905585594746528 0.03187162628012441
2 0.73358 0.220744 0.03638455732694625 0.025485118387616624
2 0.683975 0.111574 0.03872830732694625 0.02562162628012441
2 0.520954 0.245666 0.03498583163720568 0.028519113125944705
2 0.568624 0.362786 0.0309976944820761 0.02672909997176518
2 0.58486 0.388484 0.041812363749381375 0.025022386803468067
2 0.636557 0.522609 0.03860547659425162 0.023277876280124232
2 0.605498 0.587892 0.04436083163720572 0.029065144695975854
2 0.67195 0.749369 0.036712105947465365 0.031735118387616626
2 0.684112 0.787059 0.03116146879233552 0.02985409997176518
2 0.75796 0.960457 0.0442789444820761 0.008323285798633862
2 0.417191 0.344179 0.036097952283992284 0.020016368387616622
2 0.49859 0.59647 0.03079297659425162 0.02282284997176518
2 0.395496 0.647925 0.03626172659425162 0.023141368387616622
2 0.324738 0.434196 0.029312363749381377 0.02429434471009344
2 0.474276 0.655875 0.025160452283992284 0.01937933155591374
2 0.523379 0.800339 0.03243736374938137 0.02447635523343692
2 0.533406 0.827182 0.02733710594746519 0.031189086817585476
2 0.39418 0.832156 0.04407422659425162 0.023596394695975676
2 0.366655 0.725618 0.03272396879233561 0.02994510523343692
2 0.411808 0.884417 0.036998710990419424 0.03720386838761662
5 0.495741 0.093542 0.0403726944820761 0.027275131541796237
5 0.441 0.155503 0.032846799525030154 0.03228885523343696
5 0.398516 0.19716 0.04024986374938137 0.02493138154179624
5 0.35278 0.251543 0.04436083163720568 0.029065144695975854
5 0.327566 0.293761 0.0349039444820761 0.026956613125944794
5 0.288988 0.335189 0.042508404567984215 0.038303636803468065
5 0.253044 0.367061 0.03506771879233561 0.030081613125944838
4 0.47848679531249994 0.1619261875 0.41025585 0.07539067656250001 0.36889455 0.081377740625 0.335558634375 0.0766374484375 0.3216604390625 0.09262014375 0.35017941406249997 0.11807009531249998 0.3624691125 0.13277936562499998 0.3913536546875 0.15125387031249998 0.4093699375 0.16349798124999998 0.4338031046875 0.1957066984375 0.43828675937500006 0.21695805625000003 0.4871939296875 0.244994834375 0.501416859375 0.25841735312499997 0.5257769156250001 0.29202116093749997 0.5568463125 0.34000922031249997 0.568624215625 0.364484115625 0.5960873203125 0.3744797453125 0.6241676140625 0.40830023281249994 0.682302265625 0.4382737953125 0.7315018906249999 0.46073021562500005 0.7513460109375 0.43809709375 0.72618170625 0.41983926718750003 0.68515369375 0.3838653140625 0.66622776875 0.3533767046875 0.6306338859375 0.3205179484375 0.60412125625 0.2923861578125 0.572101384375 0.2625342578125 0.5457349828125 0.2316122890625 0.47848679531249994 0.1619261875
1 0.219163015625 1 0.39312162968750003 0.6159402671875001 0.2336717375 0.5254912046875 0.12666881875 0.75155070625 0.0099997375 0.9840439562500001 0.15168458437500001 1 0.219163015625 1
1 0.3496998984375 0.16282129218750002 0.21493287187500001 0.45583175468750003 0.3522806734375 0.540795475 0.47158184218750004 0.258079009375 0.3496998984375 0.16282129218750002
1 0.5591633328125 1 0.63474149375 0.7405614875000001 0.5643902546875 0.6944835640625 0.4671632359375 1 0.5591633328125 1
1 0.611951028125 0.3921958734375 0.539266784375 0.639845078125 0.6159295140625 0.6722971265625 0.675990775 0.45189967031249995 0.611951028125 0.3921958734375
3 0.49512188437500004 0.7086546078125 0.39582259999999997 0.9792373203125001 0.4246141484375 0.984954678125 0.520841159375 0.6907584640625 0.413766628125 0.6368448671875 0.283667815625 0.9605837203125001 0.2971676234375 0.9702589671874999 0.41496252499999997 0.6757027640625 0.441605728125 0.68129499375 0.49512188437500004 0.7086546078125
3 0.4886182109375 0.31877719843749996 0.392565025 0.568538675 0.4042542578125 0.5716437625 0.498201321875 0.32095152968749996 0.4886182109375 0.31877719843749996
3 0.461588965625 0.5467000328125 0.4328347 0.5813892671875001 0.4548012234375 0.5939819078124999 0.44532119843749995 0.610399615625 0.49087729218750004 0.6251742828125 0.5136509578124999 0.581247746875 0.461588965625 0.5467000328125