6 0.2875 0.4375 0.0265625 0.0265625
2 0.31171875 0.47890625 0.0203125 0.01328125
2 0.321875 0.51640625 0.0203125 0.01875
2 0.32421875 0.5671875 0.01796875 0.0125
2 0.325 0.62109375 0.0234375 0.01875
2 0.3265625 0.6625 0.015625 0.01328125
2 0.328125 0.71953125 0.028125 0.01015625
2 0.196875 0.80625 0.02265625 0.0109375
2 0.15703125 0.76796875 0.0140625 0.01171875
2 0.15546875 0.71328125 0.01484375 0.0078125
2 0.15703125 0.646875 0.01640625 0.01015625
2 0.15 0.6078125 0.0171875 0.009375
2 0.1515625 0.5453125 0.02265625 0.0171875
2 0.1453125 0.49296875 0.01484375 0.01328125
2 0.18046875 0.46171875 0.009375 0.01328125
2 0.2296875 0.45859375 0.015625 0.0109375
5 0.2828125 0.46328125 0.0171875 0.0125
6 0.45703125 0.35859375 0.01796875 0.0203125
6 0.584375 0.40703125 0.02265625 0.01328125
6 0.5828125 0.4203125 0.02578125 0.01015625
6 0.68515625 0.4265625 0.0265625 0.0140625
6 0.68359375 0.440625 0.03828125 0.009375
6 0.76171875 0.4265625 0.03046875 0.01796875
6 0.5890625 0.5546875 0.02578125 0.01875
6 0.59296875 0.69375 0.028125 0.02265625
6 0.6921875 0.68515625 0.01640625 0.02109375
6 0.69296875 0.5578125 0.0296875 0.0234375
6 0.590625 0.83671875 0.0296875 0.02890625
6 0.69296875 0.81328125 0.03359375 0.02890625
2 0.30390625 0.828125 0.046875 0.02734375