2 0.29355 0.615127 0.016402927973732773 0.015389387023308564
2 0.288047 0.584795 0.013854460085908116 0.011401291469812235
2 0.276959 0.522568 0.014263895861557074 0.019213791469812235
2 0.434532 0.482627 0.01878762155129756 0.016252482576804894
2 0.456309 0.554656 0.01858290366347326 0.012346232576804894
2 0.462515 0.568527 0.008921298620519024 0.006550100362819755
2 0.565994 0.452208 0.011510710085908293 0.011319445916316085
2 0.596159 0.52003 0.016443871551297562 0.016170637023308565
2 0.606353 0.535328 0.014758540818602839 0.013772323320977619
2 0.705405 0.543609 0.021254202283992107 0.018678078130301045
2 0.758004 0.501856 0.012660452283992107 0.018377977767481467
2 0.739547 0.478237 0.014304839439121864 0.019995041469812236
2 0.707898 0.426903 0.011016065128862352 0.016760914065150522
2 0.686616 0.349378 0.012619508706427317 0.017596727767481467
2 0.660105 0.306474 0.014594766508343326 0.010647323320977708
2 0.648103 0.286543 0.014100121551297562 0.016088791469812236
2 0.619534 0.24919 0.015416960085908293 0.01145585517214318
2 0.492228 0.269289 0.017429839439121863 0.02010416887447395
2 0.514956 0.314673 0.017184177973732773 0.01541666887447395
2 0.521203 0.329326 0.01784259724103805 0.013100200725639333
2 0.549069 0.38314 0.015580734396167629 0.014580855172143182
2 0.419211 0.414286 0.013813516508343327 0.010620041469812236
2 0.395745 0.354839 0.014881371551297562 0.016116073320977708
2 0.39028 0.340159 0.018582903663473083 0.012346232576804894
2 0.373556 0.289869 0.01878762155129756 0.016252482576804894
2 0.233174 0.314338 0.01632104081860284 0.013826887023308565
2 0.243443 0.360941 0.015416960085908116 0.01145585517214318
2 0.250099 0.383406 0.01882856512886235 0.017033732576804805
2 0.264806 0.440028 0.022857645861557075 0.01951389183263199
2 0.308221 0.83533 0.014345783016686653 0.020776291469812237
2 0.367126 0.913889 0.016525758706427317 0.017733137023308386
2 0.42198 0.900234 0.021295145861557074 0.019459328130301046
2 0.473587 0.884343 0.014922315128862352 0.01689732332097762
2 0.526838 0.869961 0.015045145861557075 0.01924107332097762
2 0.813451 0.78325 0.01870573439616776 0.014689982576804895
2 0.768752 0.796551 0.016321040818602927 0.013826887023308565
5 0.44074 0.854966 0.01981453301668683 0.020967264427970277
5 0.520803 0.829472 0.01882856512886235 0.017033732576804895
5 0.815351 0.744832 0.015045145861556985 0.01924107332097762
5 0.886448 0.727478 0.019814533016686765 0.020967264427970277
1 0.323499 0.365189 0.11633873021229632 0.12181549101432534
1 0.581812 0.320948 0.09557917288534998 0.09769594473518968
1 0.663804 0.496536 0.0918400192218769 0.08586806733052796
1 0.365971 0.563289 0.13941438206674714 0.08596976025161904
4 0.5181244484375 0.3608172234375 0.529045896875 0.339628571875 0.5202193609375 0.3364443375 0.51492846875 0.3515982671875 0.5043329953125 0.366566959375 0.47571517031250005 0.3900136453125 0.45119602187499996 0.405454778125 0.4312975875 0.426329946875 0.42332590625 0.4380349234375 0.42977939843749996 0.4396982859375 0.44373953125 0.42292975625 0.4633872171875 0.406839171875 0.49978296875000006 0.383184765625 0.5181244484375 0.3608172234375