3 0.24414237499999997 0.4992518796875 0.2544383328125 0.4959849375 0.255065103125 0.484025428125 0.2557310484375 0.471318453125 0.2465964921875 0.47389017187500004 0.2456955078125 0.4910819796875 0.2223636859375 0.48549950468749997 0.204890746875 0.4861843 0.1971135 0.4843234578125 0.18966230625 0.48697360625 0.18476895468750001 0.4837485015625 0.18191152187499998 0.4738745921875 0.1823032546875 0.466399890625 0.1717203796875 0.46440840000000005 0.1719416234375 0.481652475 0.1746296921875 0.48402554999999997 0.17504680156250002 0.4975322875 0.1980133578125 0.4993512640625 0.20397709531250002 0.492885375 0.24414237499999997 0.4992518796875
3 0.511459134375 0.40005748125 0.5239995453125 0.3968950859375 0.5330165421874999 0.3965657671875 0.5365928890625 0.371256328125 0.537102140625 0.3615392234375 0.527563146875 0.3610949375 0.5201903359375 0.3622501265625 0.519732928125 0.381710484375 0.42678252031249997 0.40585442812499994 0.37882615625 0.4193560234375 0.370853003125 0.4212325453125 0.3680738796875 0.409863696875 0.358883253125 0.41186005625 0.3589647796875 0.4334168359375 0.3658548390625 0.430740575 0.366350259375 0.44275235156250003 0.40637264218749997 0.4303798453125 0.4812890546875 0.40689452656249997 0.511459134375 0.40005748125
3 0.3563865953125 0.665069209375 0.3621544671875 0.6623406828125 0.365273403125 0.6564915874999999 0.364177640625 0.64520114375 0.3654439296875 0.6317728109375 0.3486104734375 0.63098878125 0.2564826265625 0.639435875 0.2542254640625 0.6288406046875 0.2565747703125 0.6162120343749999 0.2428729578125 0.6200696140625 0.2408105703125 0.6379566453125001 0.24742641875000002 0.640512659375 0.2502055421875 0.6518815078125 0.3532814171875 0.649189396875 0.35608704375 0.649320071875 0.3563865953125 0.665069209375
3 0.52663234375 0.7008426734375 0.510999425 0.69861595 0.5099025734375 0.7195451203125 0.3698978765625 0.707779225 0.3633602984375 0.7037282734375 0.366270775 0.6911258124999999 0.3547563265625 0.691248503125 0.35306441875 0.7069951953125 0.35747498437499997 0.7086992046875 0.35696573125 0.7184163359375 0.503586278125 0.7327382203125 0.5233820546875 0.730663053125 0.52663234375 0.7008426734375
3 0.3452011875 0.94289719375 0.3541790109375 0.9433153437499999 0.3569073796875 0.9127213375000001 0.24348475781249998 0.8767175125 0.247152121875 0.86040384375 0.233215575 0.8505319968749999 0.230618253125 0.8753689546875 0.23735165781249998 0.8756825671874999 0.2373251546875 0.886920740625 0.3396948609375 0.9299027140625 0.344340465625 0.9271219187499999 0.3452011875 0.94289719375
3 0.58459159375 1 0.519341790625 0.9794811015624999 0.5185721609375 0.9727016 0.5084328984375001 0.97297865 0.5008768156250001 0.9883619046875 0.5005545203125 1 0.5152063765625 1 0.51635304375 0.9935784999999999 0.533503109375 1 0.58459159375 1
4 0.11086666406250001 0.8420675453124999 0.11129648125 0.8660649921875001 0.11271830000000001 0.8818664 0.119425203125 0.8934181875 0.13196561406250001 0.8902557796874999 0.1209264921875 0.8755050484375 0.11979145937499999 0.854231490625 0.12137106093750001 0.8348233640625 0.11737869218750001 0.8144064765625 0.1119380421875 0.78942635625 0.1072278484375 0.7719732046875001 0.10932940625000001 0.7533387296875 0.1004889125 0.7511565984375 0.10160413593749999 0.7719517359375 0.10070315156250001 0.7891435437500001 0.10361246406249999 0.80876071875 0.11308574375 0.8211906453125 0.11086666406250001 0.8420675453124999
3 0.16212085781250002 0.7227083453125001 0.15506139375 0.7178837921875 0.1525956953125 0.700535178125 0.140290325 0.6992127296875 0.1300727140625 0.7009847390624999 0.1310283578125 0.7113429109375 0.14074660781249998 0.711972 0.15247705 0.7349971953125001 0.1711113890625 0.7336172015625 0.17325212031249998 0.7142352609375 0.1634654546875 0.7077850765625 0.16212085781250002 0.7227083453125001
3 0.13213 0.6898331890625 0.1511293453125 0.6889133953125001 0.155591828125 0.67344601875 0.1621813 0.6715908265625 0.1624680640625 0.6816039 0.1731767046875 0.6813602000000001 0.1746996890625 0.6584980890625001 0.15882219687500002 0.6577585828125 0.15072143124999998 0.657381284375 0.14486563125000002 0.676147296875 0.131746084375 0.6785651406250001 0.13213 0.6898331890625
3 0.1599854046875 0.8495112499999999 0.15523040625 0.8784218984375001 0.16542737968750001 0.8796161390625 0.1669249875 0.861343440625 0.20033480625000002 0.8575046953125 0.20710383906250002 0.7283438828125 0.247810459375 0.729520515625 0.25157715 0.66279996875 0.23964742968750002 0.6624014828125 0.2394378859375 0.6780594296875 0.23487807656249998 0.6774873984374999 0.233022675 0.7180420843750001 0.1971639890625 0.7170912484375 0.19025725468750002 0.8437280656249999 0.1599854046875 0.8495112499999999
3 0.7562601250000001 0.6674933828125 0.7746819203124999 0.6634015359375 0.7722516015625 0.645963853125 0.775372253125 0.6431392875 0.77428681875 0.6213093734374999 0.7645199046875 0.6233294 0.752710075 0.6217893796875 0.5244775828125 0.6304637140625 0.5246328499999999 0.6275010328125 0.5167969734375 0.6281260390625001 0.5167102015625 0.6439615328125 0.50993455 0.6456258874999999 0.5111752515625 0.66449313125 0.5258385859375 0.6612161999999999 0.52656316875 0.647390346875 0.7569679171875 0.639807165625 0.7553642046875 0.6491371984375001 0.7562601250000001 0.6674933828125
3 0.7768885796875 0.4387372375 0.7756329890625 0.44392139531249997 0.7740879046875 0.4608879578125 0.798108034375 0.459385409375 0.8002087203125001 0.43807585312499997 0.7865819453125 0.4352567703125 0.791703690625 0.40010756875000003 0.7965581 0.39509105624999996 0.8006780375 0.285187796875 0.7866327921875 0.28409674687500003 0.7816265203125 0.27949471875 0.7650111453124999 0.28141272812499996 0.763205203125 0.31184003125 0.7801418921875001 0.3078231296875 0.78885375625 0.30429691875 0.7876332421875001 0.39642291093750004 0.778754109375 0.396883128125 0.7768885796875 0.4387372375
3 0.811410653125 0.7437376953125 0.8198410453125 0.7393246062500001 0.8346017734375 0.7330219359375 0.83335425 0.7255367703125 0.81965895625 0.7240251328125 0.8110082265624999 0.7201271328125001 0.7990401484375 0.7169484046875 0.78599920625 0.7154672453125 0.7804830578125 0.7143365578124999 0.773642840625 0.719697478125 0.77116256875 0.7169606390625 0.7721138 0.7113254343750001 0.7509925046875 0.7138367828125001 0.7497436671875 0.7439237125 0.7666118359375 0.7412142703125 0.7741749234374999 0.7345763671875 0.787405978125 0.7386876859375 0.798643796875 0.737026675 0.811410653125 0.7437376953125
5 0.196617 0.655811 0.015621677973732595 0.01553510876750579
2 0.161632 0.630814 0.014100121551297206 0.016243584160399747
2 0.1421 0.631723 0.016525758706427494 0.017915246071058634
5 0.196917 0.60176 0.01179731512886235 0.016915672249740867
2 0.187965 0.550488 0.01648481512886235 0.017133996071058633
2 0.165745 0.440315 0.013977290818602838 0.013899834160399749
2 0.163899 0.420039 0.014881371551297562 0.016279971463952592
2 0.185478 0.458192 0.013277927973732683 0.015425946856846905
2 0.183154 0.36902 0.010398589439121864 0.01996789764263518
2 0.180342 0.255593 0.014100121551297562 0.016243584160399747
2 0.105695 0.519861 0.015580734396167629 0.014753858767505613
2 0.111334 0.492971 0.012578565128862351 0.016952059553293885
5 0.074715 0.601186 0.01891045228399193 0.01880565798171734
5 0.102747 0.463611 0.01315509724103805 0.013082196856846907
5 0.105362 0.722714 0.018047315128862353 0.01720677067816432
2 0.198932 0.968966 0.014799484396167628 0.014717471463952591
2 0.196404 0.875888 0.015580734396167806 0.01475385876750579
2 0.193957 0.784373 0.015744508706427317 0.01787885876750579
0 0.7709950765625 1 0.78170355 0.786981825 0.773002134375 0.7903616515625 0.7638728828125 0.774796040625 0.7299086140625 0.770098903125 0.7262640265625 1 0.7709950765625 1
0 0.7771354859375 0.3500415046875 0.7608317578125 0.344866184375 0.74207285 0.349192109375 0.7348947406249999 0.6048303125000001 0.7570983640625 0.6058644640625 0.769919653125 0.6051999265625 0.7759737578125 0.5890797515624999 0.77383555625 0.46722600468750003 0.7771354859375 0.3500415046875
0 0.5413013859375 0.6210475484375 0.5452637499999999 0.40989717031249995 0.50319403125 0.41583388593750004 0.494674628125 0.6251844015625 0.5413013859375 0.6210475484375
0 0.5292661546875 0.9591290609374999 0.5354809734375 0.741144215625 0.4941065453125 0.7382856015625 0.48774863437500005 0.9471017296875001 0.5292661546875 0.9591290609374999
1 0.542015353125 0.6254967625 0.723105678125 0.621945034375 0.7313680984375 0.2835630859375 0.5539056625 0.342511146875 0.542015353125 0.6254967625
1 0.7117267953125 1 0.7191564296874999 0.6521196406249999 0.545024696875 0.6510853859375 0.5385274109375 0.9812118 0.6006178890625 1 0.7117267953125 1
1 0.481091334375 1 0.49078121562500004 0.7360092703125 0.3761941734375 0.72625633125 0.368164359375 0.9611896203124999 0.46269255 1 0.481091334375 1
1 0.49069460625000005 0.674407803125 0.495636646875 0.40841905 0.3832497515625 0.43871593750000004 0.379851990625 0.6749228859375 0.49069460625000005 0.674407803125
1 0.34095170937499997 0.6227442562500001 0.34690268125 0.40979393281250004 0.2678952796875 0.434037571875 0.26409019843750003 0.6254728828125 0.34095170937499997 0.6227442562500001
1 0.33185166875 0.895782421875 0.34032964374999997 0.6797955203125 0.2591644140625 0.6801268703125001 0.2532333328125 0.8687792265625 0.33185166875 0.895782421875
5 0.836353 0.743489 0.017347952283992107 0.018732883374611476
5 0.834947 0.776447 0.01471759724103805 0.013154971463952591
5 0.838025 0.80528 0.01636198439616776 0.014790246071058633
0 0.187304296875 0.843628765625 0.1907352671875 0.75105353125 0.16214485781250002 0.75268149375 0.1575749578125 0.84161325 0.187304296875 0.843628765625
0 0.212783840625 0.6104662546874999 0.215830621875 0.5071486562499999 0.1693535296875 0.505826940625 0.167256121875 0.6026681078125 0.212783840625 0.6104662546874999
5 0.826867 0.502718 0.00949450870642723 0.01758776033908216
5 0.828423 0.532406 0.013114153663473127 0.012300946856846906
5 0.828662 0.566853 0.01862384724103805 0.013336907981717338
2 0.750513 0.49531 0.013400758706427318 0.017769696856846907
2 0.753505 0.537461 0.014018234396167806 0.01468108416039975
2 0.754812 0.577342 0.010234815128862351 0.01684289764263518
0 0.25870733125 0.6107126078125 0.260633675 0.5016651765625 0.24603239375000002 0.509186175 0.24082140000000002 0.608617859375 0.25870733125 0.6107126078125
0 0.3370865390625 0.8952941671874999 0.36412400312500004 0.9034928140625 0.36907392968749997 0.7277160234375 0.34229293437499997 0.7235768671875 0.3370865390625 0.8952941671874999
0 0.344477778125 0.62775286875 0.3762947015625 0.6260805 0.3781792640625 0.4545769 0.35055433593749996 0.4566350578125 0.344477778125 0.62775286875