2 0.345327 0.535406 0.015625 0.01484375
2 0.341421 0.504937 0.01328125 0.0109375
2 0.333609 0.442437 0.01328125 0.01875
2 0.492984 0.408062 0.01796875 0.015625
2 0.510952 0.480718 0.01796875 0.01171875
2 0.516421 0.494781 0.00859375 0.00625
2 0.625796 0.382281 0.0109375 0.0109375
2 0.652359 0.451031 0.015625 0.015625
2 0.661734 0.466656 0.0140625 0.01328125
2 0.760171 0.478375 0.0203125 0.01796875
2 0.814859 0.438531 0.01171875 0.01796875
2 0.797671 0.414312 0.01328125 0.01953125
2 0.768765 0.361968 0.01015625 0.01640625
2 0.751577 0.283843 0.01171875 0.0171875
2 0.727359 0.240093 0.0140625 0.01015625
2 0.716421 0.219781 0.01328125 0.015625
2 0.689859 0.1815 0.01484375 0.0109375
2 0.561734 0.197125 0.01640625 0.01953125
2 0.582046 0.243218 0.01640625 0.01484375
2 0.587515 0.258062 0.0171875 0.0125
2 0.612515 0.31275 0.01484375 0.0140625
2 0.481265 0.339312 0.01328125 0.01015625
2 0.460952 0.279156 0.0140625 0.015625
2 0.456265 0.264312 0.01796875 0.01171875
2 0.442202 0.213531 0.01796875 0.015625
2 0.300796 0.233062 0.015625 0.01328125
2 0.308609 0.279937 0.01484375 0.0109375
2 0.314077 0.302593 0.01796875 0.01640625
2 0.325796 0.359625 0.021875 0.01875
2 0.348452 0.755718 0.01328125 0.0203125
2 0.40314 0.836187 0.015625 0.0171875
2 0.458609 0.824468 0.0203125 0.01875
2 0.510952 0.810406 0.0140625 0.01640625
2 0.564859 0.797906 0.0140625 0.01875
2 0.855484 0.721343 0.01796875 0.0140625
2 0.810171 0.733062 0.015625 0.01328125
5 0.479702 0.779937 0.01875 0.0203125
5 0.560952 0.757281 0.01796875 0.01640625
5 0.85939 0.683062 0.0140625 0.01875
5 0.931265 0.668218 0.01875 0.0203125
1 0.388296 0.286968 0.11015625 0.11796875
1 0.648452 0.251812 0.090625 0.09453125
1 0.721109 0.429937 0.0875 0.0828125
1 0.420327 0.486187 0.13515625 0.08125
4 0.5349467625 0.4066897390625 0.548004196875 0.4239142453125 0.5545329140625 0.42247887031250003 0.5471881062499999 0.41051740781249996 0.5284180453125 0.3889867734375 0.5047514453125 0.372719184375 0.4774124421875 0.3483178 0.46761936718749997 0.3330071265625 0.4631308734375 0.31769645468749996 0.45415388749999996 0.32056720625 0.4639469640625 0.3420978390625 0.48108484531249995 0.3650638484375 0.5161767 0.389943690625 0.5349467625 0.4066897390625