2 0.321718 0.378299 0.01875 0.01875
2 0.173281 0.438455 0.0171875 0.02890625
2 0.201406 0.655643 0.025 0.0203125
2 0.588906 0.550955 0.0203125 0.03046875
2 0.363124 0.58533 0.02890625 0.025
2 0.418593 0.557205 0.02890625 0.02890625
2 0.534999 0.502518 0.0390625 0.0296875
2 0.615468 0.504861 0.0203125 0.02578125
2 0.714687 0.468924 0.03203125 0.034375
2 0.628749 0.314236 0.01171875 0.01953125
2 0.525624 0.353299 0.02109375 0.01875
2 0.651406 0.311893 0.02109375 0.03359375
2 0.295156 0.254861 0.021875 0.01875
2 0.166249 0.293143 0.03671875 0.02734375
2 0.174062 0.179861 0.034375 0.040625
2 0.270937 0.150955 0.0203125 0.0234375
2 0.536562 0.131424 0.025 0.03046875
2 0.480312 0.245486 0.03359375 0.021875
2 0.440468 0.158768 0.034375 0.04765625
2 0.674062 0.175174 0.03046875 0.02890625
2 0.845156 0.406424 0.01875 0.02734375
2 0.756874 0.444705 0.0296875 0.02890625
1 0.3488106265625 0.3763910015625 0.208745584375 0.4189332796875 0.23308120937500001 0.5984761140625 0.375850209375 0.525649503125 0.3488106265625 0.3763910015625
1 0.38017654218749997 0.361248834375 0.432633334375 0.511949446875 0.5429548359374999 0.4636387234375 0.499150709375 0.3187065578125 0.38017654218749997 0.361248834375
1 0.56512729375 0.34105927812500003 0.632726253125 0.4672440015625 0.7295279609375 0.4247017234375 0.6467868359375 0.3064486125 0.56512729375 0.34105927812500003
1 0.6949172953125 0.289864334375 0.760893878125 0.40811744687499996 0.8468797531250001 0.37062255781250003 0.7619754624999999 0.2559747234375 0.6949172953125 0.289864334375
1 0.5770247109375 0.10599516718749999 0.6013603359374999 0.1680059453125 0.6705816687499999 0.14925850000000002 0.6338078359375 0.09013194531249999 0.5770247109375 0.10599516718749999
1 0.319067084375 0.1312321125 0.341780334375 0.20477977812499998 0.44290837656250004 0.1744954453125 0.40613454375 0.10815833281250001 0.319067084375 0.1312321125
1 0.7468332953125 0.0281211671875 0.950711753125 0.23073777812500001 0.9950566703125 0.1744954453125 0.803075628125 0.0079316109375 0.7468332953125 0.0281211671875
1 0.27777777656249997 0.15625 0.220269096875 0.163483796875 0.20833333281250002 0.24305555625 0.2853732640625 0.20833333281250002 0.27777777656249997 0.15625