1 0.10101138750000001 1 0.34176065 0.9903011046874999 0.20365228124999998 0.8023901375 0.0367802078125 0.8802862625 0.09703079375 1 0.10101138750000001 1
1 0.1767091328125 0.7683640828125 0.08287745468749999 0.64398194375 0.007803050000000001 0.6705924890625 0.0108005125 0.8378009015625001 0.1767091328125 0.7683640828125
1 0.3432930953125 0.665704840625 0.234943915625 0.571313265625 0.12395053593750001 0.6116939265625 0.22668845937499998 0.72879618125 0.3432930953125 0.665704840625
1 0.5137842390625 0.6250593375 0.379368859375 0.526372921875 0.2897175421875 0.5573530515625 0.41185356406249995 0.6716029531250001 0.5137842390625 0.6250593375
1 0.7044231484375 0.76450899375 0.519155775 0.63039355625 0.4201257328125 0.675583565625 0.5985645671875 0.8385221703125 0.7044231484375 0.76450899375
1 0.2450526015625 0.7556133234375 0.40443885 0.9469725296875 0.548962565625 0.864889753125 0.371930071875 0.6983139828125 0.2450526015625 0.7556133234375
5 0.4622043867361332 0.5249942691338229 0.009511360001590852 0.011991534639735946
5 0.4874043814051331 0.5429091948397857 0.010301700668363622 0.012795516693047303
5 0.5157566480744511 0.563258798758994 0.011882382001908987 0.014403480799670021
5 0.6188912860836779 0.6342054477427796 0.012663632001908986 0.014426212852981379
5 0.6558918467536323 0.6594926042484126 0.007976132001908987 0.014289820533113406
5 0.6952361574235868 0.6848479569139797 0.014307948002863568 0.021502926959604096
5 0.7027662994111783 0.5936917595004044 0.01269090400222712 0.01676996285298138
5 0.6736873267424965 0.5780069235278849 0.01659715400222712 0.01688362311953817
5 0.6500498320734966 0.5601374619285446 0.014961928668045488 0.010588159012915455
5 0.517154968730088 0.482076994918928 0.015779541335136215 0.013735891066226812
5 0.5006214493952699 0.4706621217993899 0.013453972668681757 0.015230194906292738
5 0.48333395206076996 0.46156826662654044 0.014226132001908986 0.014471676959604097
6 0.5592339280712695 0.5410942937444292 0.007331242003499838 0.02598583847980205
3 0.708745703125 0.7279052890625 0.7011782609375 0.71402503125 0.7185795984375 0.6917646109375 0.7238986093750001 0.6592869890624999 0.719768084375 0.647024565625 0.7297961296875 0.63736286875 0.71898621875 0.6287884078125 0.7078976875 0.6550269859375 0.712019378125 0.6665302875 0.704858278125 0.6875708875 0.6840376125 0.7097318140625 0.6983994640625 0.7200153453125 0.6893696968749999 0.7273415046875 0.7031175953125001 0.7338126453125 0.708745703125 0.7279052890625
3 0.5268252796875 0.5647623984375 0.5099319703125 0.581725346875 0.507811446875 0.5953237125 0.5204902125 0.607834915625 0.53429990625 0.6196201109375 0.5480830984375 0.6291278390625 0.553097215625 0.6194081406249999 0.519120778125 0.5880638828125 0.5320514000000001 0.573262278125 0.53576675 0.549844721875 0.45881940312499997 0.49751890000000004 0.4619030171875 0.4687707078125 0.44320855625 0.450690084375 0.4401591515625 0.46054910156249995 0.45108408593749993 0.469214825 0.4475189046875 0.505537903125 0.5232999875 0.5555530937500001 0.5268252796875 0.5647623984375
3 0.5446022187499999 0.5258172296875 0.553738025 0.527600834375 0.5564814109375 0.51857398125 0.5495986671875001 0.5145792390625 0.5438203125000001 0.507581071875 0.551202290625 0.505519221875 0.5706313359374999 0.5106378874999999 0.5780133109375 0.5085759875 0.5801515015625001 0.4964959125 0.5739461390625 0.48790558125 0.5704634984375 0.4962140203125 0.5625116203125 0.49825934062500005 0.5527882843749999 0.49494085937500004 0.5368934015625 0.499790621875 0.5347905468749999 0.51490728125 0.5446022187499999 0.5258172296875
3 0.59981905 0.5221116218749999 0.5940583640625 0.5166317984375 0.5945487640625 0.509816034375 0.592733096875 0.500656475 0.583650290625 0.5034277515625 0.5797583093750001 0.5116623203125 0.5792414109374999 0.51620066875 0.5815739359375 0.520821878125 0.5822056703125 0.526152515625 0.5799968140625 0.5321593609375 0.5748943625 0.534287590625 0.5714043671875 0.528114871875 0.5685284796875 0.52575455 0.5657560359375 0.5377844046875 0.5807521796875 0.548118103125 0.5864598640625001 0.5490430453124999 0.58976431875 0.5392736015625 0.591955509375 0.5317484609375 0.5987411234375 0.5273925109375 0.59981905 0.5221116218749999
4 0.4309846234375 1 0.448887228125 0.9849847484375 0.47596554375 0.9665843687500001 0.5142197687500001 0.9313408390625 0.553620321875 0.92945753125 0.605372534375 0.8814778999999999 0.6452022921875 0.8513297703125 0.7046911578125 0.8167040374999999 0.7311287234375 0.8083841218750001 0.7704234296875 0.7974086328125 0.7950738171875 0.7658088203125 0.8053032359375001 0.7327795312500001 0.825344528125 0.6959961203125 0.8152386734375 0.67449401875 0.7974255203125 0.7073026437500001 0.79171115625 0.7374335953125 0.7776780109375 0.7693423046875 0.7476015 0.7906850890625 0.7158082390625 0.794809553125 0.6917633859375 0.8132981312500001 0.6247260046875 0.8507339703125 0.5916746546875 0.877039715625 0.5587643703125 0.9154685515625 0.5269241375 0.915551965625 0.480886290625 0.9334006125000001 0.44643573906249995 0.9697648234375 0.41707050625 0.9870886546875 0.423402765625 1 0.4309846234375 1
0 0.5176774859375 0.5769640468749999 0.452662609375 0.52760668125 0.41156506562499995 0.5423325625000001 0.49756561250000003 0.6076859765625 0.5176774859375 0.5769640468749999
0 0.683321515625 0.7393293 0.67921215625 0.7119422531249999 0.6965021625000001 0.6993165203125 0.607906953125 0.6432136125000001 0.565460475 0.6568557671875 0.683321515625 0.7393293
0 0.5506341 0.8031322640624999 0.43419653125 0.699763471875 0.397699459375 0.711999134375 0.5129854609375 0.8252646953125 0.5506341 0.8031322640624999
0 0.380569159375 0.651747353125 0.29856427343749997 0.5756380562500001 0.2683818609375 0.5878886249999999 0.3496636109375 0.667006625 0.380569159375 0.651747353125
0 0.36085058281250004 0.91172965625 0.255436053125 0.7783843453125 0.21121024375 0.8055024703125 0.31109135 0.9355294453124999 0.36085058281250004 0.91172965625
0 0.201691103125 0.720265765625 0.13314901562499998 0.6283896640625 0.09100254375 0.6486082953125 0.16252568125 0.7423540296875 0.201691103125 0.720265765625
3 0.4238225625 0.5249097421875 0.4148395265625 0.5347474375 0.4063562765625 0.5223817171875 0.2787189671875 0.56411366875 0.262661640625 0.5702354109375001 0.2713820453125 0.585108221875 0.28265194843749997 0.5763469890625 0.40498058437499995 0.534460571875 0.4172322390625 0.5449161328125001 0.43228230156249997 0.5352549703125 0.4238225625 0.5249097421875
3 0.5729410546875 0.6352888937500001 0.55316439375 0.6296639328125 0.41283441718749997 0.6881949671875 0.3957857078125 0.6908236421875 0.40927765781250003 0.7082896234375 0.4227991578125 0.69757408125 0.55555705625 0.639832625 0.56785573125 0.654329171875 0.580689409375 0.6496530390624999 0.5729410546875 0.6352888937500001
3 0.5723408921875001 0.8443222109375 0.5615942359375 0.8329005374999999 0.55476880625 0.8327019375000001 0.540183265625 0.8171289125 0.35944150937499997 0.9209398406249999 0.3475542671875 0.9418019765625001 0.36562320000000004 0.964503484375 0.37731923125 0.9588265796875 0.366490290625 0.9403331500000001 0.5450039062500001 0.840497040625 0.5527875812499999 0.8578919578124999 0.5723408921875001 0.8443222109375
3 0.3845980171875 0.672224778125 0.3692540734375 0.65662971875 0.19650186875 0.7303758953124999 0.1867957453125 0.7432222625 0.19809274375000002 0.7528770578125 0.2134331015625 0.7520765625 0.20116971718749999 0.74061075625 0.3663733796875 0.6696746859375 0.37714354375000003 0.683116853125 0.3845980171875 0.672224778125
3 0.030656228125 0.881507284375 0.2342990140625 0.7897280609374999 0.22415471718750002 0.7646421421875 0.015172304687499999 0.8679322375 0.030656228125 0.881507284375
3 0.00825905625 0.6555149484375 0.010736603124999999 0.6656111296875 0.1059636890625 0.6330817671875 0.107075740625 0.6393435625 0.11382471093749999 0.6388477781249999 0.1078896921875 0.61998675 0.00825905625 0.6555149484375
2 0.0167139047978576 0.9665653743731795 0.011119313335454444 0.015943248746359016
0 0.0792051375 1 0.021608765625 0.89169526875 0.010486190624999999 0.901181059375 0.0531013203125 1 0.0792051375 1
4 0.54347081875 0.437060978125 0.55355630625 0.43986535312499997 0.5714495125 0.43871204218750004 0.595627853125 0.43774162499999997 0.6139230078125 0.4441327515625 0.628378884375 0.44455337500000003 0.644793346875 0.451308275 0.631438621875 0.4375281578125 0.6201058921875 0.435524459375 0.5990164921875001 0.4319814328125 0.57039469375 0.4290561890625 0.5550301765625 0.4315385296875 0.5405012328125001 0.42483849687499997 0.5285594546875 0.424491028125 0.5175701765625 0.425008240625 0.506590640625 0.4263627125 0.4911871328125 0.42549603124999996 0.4832868421875 0.4214997859375 0.47300517812500004 0.4186985 0.4733182828125 0.428742471875 0.48813709687499995 0.433358509375 0.504507740625 0.436345753125 0.5161157890625 0.43500957656250006 0.533999253125 0.43301901249999997 0.54347081875 0.437060978125