6 0.10278463241536147 0.07101451323456634 0.03848578307929138 0.03693922787409352
6 0.1397306413923519 0.10836680996757868 0.02673521682251274 0.030924668320799587
6 0.1705862525340828 0.30776534243256737 0.025154536104353475 0.027726893713693725
6 0.19099017700572607 0.4568556598437442 0.01974032825883123 0.036847182588823205
6 0.20572081839807801 0.5710444383797915 0.023642033079291403 0.03624786910658777
5 0.3392827521412993 0.5593534594722407 0.02677157825883123 0.0371746683207995
5 0.33864188182618626 0.4491972094722406 0.026735216822512696 0.030924668320799497
5 0.35048737597245383 0.33611501261539384 0.03771362343837108 0.03846534057054054
5 0.3496328822189697 0.1892400126153938 0.034652255951928355 0.04925729135632886
6 0.5872141745698392 0.057829385031750544 0.03848578307929138 0.03693922787409352
6 0.5522942739059091 0.10009181369163234 0.03458407825883114 0.03753854135632886
6 0.5175112495090207 0.30020312965506707 0.025159081283893416 0.028508143713693635
6 0.4910538095192834 0.4538204352794196 0.029828400565734013 0.025601467535011226
6 0.46665831839807803 0.5588910789931133 0.022828966822512696 0.03074273180303493