2 0.920718 0.795547 0.01875 0.015625
2 0.858999 0.779141 0.0203125 0.01875
2 0.798843 0.767422 0.01875 0.01796875
2 0.744155 0.755704 0.01875 0.0140625
2 0.417592 0.675235 0.0203125 0.0171875
2 0.365249 0.662735 0.01875 0.01640625
2 0.312905 0.654141 0.01875 0.0171875
5 0.262124 0.646329 0.01796875 0.025
5 0.25353 0.602579 0.02109375 0.01796875
5 0.333999 0.621329 0.01875 0.0203125
5 0.412124 0.636954 0.01875 0.02421875
5 0.746499 0.712735 0.01640625 0.021875
5 0.836343 0.736954 0.02265625 0.0203125
5 0.955093 0.761172 0.02578125 0.01640625
2 0.983999 0.715079 0.01953125 0.02421875
2 0.960561 0.722891 0.01484375 0.01875
2 0.949624 0.808047 0.015625 0.01875
2 0.985561 0.483829 0.01875 0.01640625
2 0.989467 0.45336 0.01484375 0.01328125
2 1.0 0.390079 0.01640625 0.01640625
2 0.823842 0.354141 0.01328125 0.01171875
2 0.79728 0.429922 0.0140625 0.0140625
2 0.793374 0.44711 0.01875 0.01171875
2 0.633999 0.415079 0.01484375 0.01328125
2 0.641811 0.400235 0.015625 0.01640625
2 0.675405 0.329141 0.01328125 0.015625
2 0.683999 0.263516 0.01484375 0.0171875
2 0.714467 0.201016 0.01171875 0.01328125
2 0.720718 0.190079 0.01953125 0.0140625
2 0.745717 0.136954 0.01640625 0.01640625
2 0.601968 0.122891 0.01328125 0.0203125
2 0.575405 0.161172 0.01796875 0.01484375
2 0.562124 0.183829 0.01953125 0.01484375
2 0.533999 0.229922 0.0140625 0.01875
2 0.514468 0.306485 0.0140625 0.01484375
2 0.475405 0.36586 0.01640625 0.015625
2 0.462124 0.387735 0.01484375 0.01171875
5 0.426186 0.408829 0.015625 0.01484375
5 0.521499 0.427579 0.01953125 0.021875
5 0.793374 0.479922 0.021875 0.01328125
5 0.901967 0.496329 0.01875 0.015625
2 1.0 0.304141 0.0140625 0.01484375
2 0.836343 0.285391 0.015625 0.01328125
2 0.856655 0.222891 0.01328125 0.0171875
2 0.860561 0.20961 0.0140625 0.0078125
2 0.87853 0.157266 0.015625 0.01328125
3 0.20559435625 0.3432218125 0.23172923124999997 0.34117882499999996 0.20675590625 0.31598198437499997 0.20617513125000003 0.2921471375 0.1684247546875 0.18454982343749998 0.1620362296875 0.1913597796875 0.19862505625 0.29895709375 0.20559435625 0.3432218125
3 0.2973568078125 0.32074895468750003 0.314199284375 0.3241539328125 0.325234009375 0.3153009890625 0.314199284375 0.26967428125000004 0.2758681328125 0.17433488749999998 0.26309108281250004 0.17229190156250002 0.3066492078125 0.273079259375 0.310714634375 0.3098530234375 0.2996799078125 0.31325800312499996 0.2973568078125 0.32074895468750003
3 0.25031403124999996 0.27852722343749997 0.26018720625 0.2703552765625 0.25321790625 0.25401138125 0.24799093125 0.23766748437500002 0.24508705625 0.23153852343749998 0.24276395625 0.22949553749999999 0.23753698124999997 0.22540956250000002 0.23172923124999997 0.2213235890625 0.22766380625 0.21519462812499998 0.21662908125000002 0.217237615625 0.22243683124999997 0.2322195203125 0.23289078124999998 0.23630549374999998 0.24102163124999998 0.2580973546875 0.25031403124999996 0.27852722343749997
3 0.24044085625 0.38816752499999996 0.23637543125 0.373866615625 0.22766380625 0.3799955765625 0.21837140625 0.3684186515625 0.21024055625 0.3697806421875 0.25321790625 0.4909978703125 0.2636718578125 0.4889548828125 0.22940613124999998 0.3902105125 0.24044085625 0.38816752499999996
3 0.3833115109375 0.47261098749999997 0.39434623593749996 0.4698870046875 0.336849509375 0.346626790625 0.32929943437500003 0.34390280781250004 0.332203309375 0.3561607296875 0.3833115109375 0.47261098749999997
4 0.23463310625 0.28874215937500003 0.25147558124999997 0.30372406406249997 0.26773728281250003 0.31461999375 0.2863220828125 0.3282399078125 0.3025837828125 0.337773846875 0.315941609375 0.35820371562500003 0.326976334375 0.35820371562500003 0.315360834375 0.34117882499999996 0.2938721578125 0.32211094687499997 0.26018720625 0.29759510312500004 0.23579465625 0.27852722343749997 0.22185605625 0.2546923765625 0.21662908125000002 0.260140340625 0.22592148124999997 0.2764842375 0.23463310625 0.28874215937500003
3 0.28864518281249996 0.3050860546875 0.2851605328125 0.29691410625 0.2805143328125 0.2921471375 0.2776104578125 0.29010415 0.2723834828125 0.286699171875 0.2671565078125 0.29282813281250003 0.27470658281250004 0.3050860546875 0.2810951078125 0.31461999375 0.2915490578125 0.3139389984375 0.28864518281249996 0.3050860546875
3 0.25844488125 0.3296018984375 0.2671565078125 0.3296018984375 0.2793527828125 0.3296018984375 0.2694796078125 0.3187059671875 0.25031403124999996 0.32142995 0.24218318125 0.3234729375 0.24508705625 0.3296018984375 0.25844488125 0.3296018984375
1 0.1922365296875 0.3684186515625 0.031942625 0.393615490625 0.0551736265625 0.5168757046875 0.22650225625 0.4801019390625 0.1922365296875 0.3684186515625
1 0.1765556046875 0.30372406406249997 0.129512828125 0.17229190156250002 0.001742325 0.1981697375 0.0209079 0.32279194218749996 0.1765556046875 0.30372406406249997
1 0.48082357968749995 0.24972496562500002 0.40700148125 0.1325227578125 0.2959416875 0.1478433078125 0.35277817031250003 0.2757699 0.48082357968749995 0.24972496562500002
1 0.3625775640625 0.3385841546875 0.41614758281249997 0.4596165 0.56248519375 0.42284717968749996 0.4951960234375 0.317135384375 0.3625775640625 0.3385841546875
1 0.2587039921875 0.5017480125 0.0614095328125 0.543113496875 0.084928078125 0.7070433828125 0.320113525 0.6534214578124999 0.2587039921875 0.5017480125
1 0.462531378125 0.47263896718750004 0.5219810328125 0.6181841921875 0.73626110625 0.5645622671875 0.6434935140625 0.42820937187499997 0.462531378125 0.47263896718750004