2 0.0 0.383373 0.034375 0.053125
2 0.034731 0.26228 0.03984375 0.03359375
2 0.059731 0.204467 0.03359375 0.04609375
2 0.105043 0.127123 0.03125 0.04453125
2 0.2527 0.417748 0.02734375 0.028125
2 0.834731 0.438061 0.03984375 0.090625
2 0.557387 0.447436 0.05390625 0.06640625
2 0.539418 0.223217 0.03828125 0.05546875
2 0.530043 0.123998 0.03203125 0.04296875
2 0.737856 0.127905 0.03125 0.0265625
2 0.288637 0.255248 0.03828125 0.021875
2 0.291762 0.220873 0.0375 0.03515625
2 0.314418 0.123217 0.03125 0.04453125
2 0.172231 0.058373 0.02734375 0.040625
2 0.201918 0.004467 0.03984375 0.02890625
2 0.338637 0.059936 0.02578125 0.03515625
2 0.514418 0.067748 0.034375 0.04765625
2 0.685512 0.06228 0.03515625 0.05859375
1 0.0750938671875 0.29771841875 0.0448477265625 0.3853644953125 0.28681685468749996 0.42014468593750004 0.322277846875 0.29910962812499997 0.0750938671875 0.29771841875
1 0.31184814375 0.23928770156249998 0.333750521875 0.13216472031249998 0.182519815625 0.13494713281249998 0.1230705046875 0.2323316640625 0.31184814375 0.23928770156249998
1 0.3639966625 0.076516415625 0.377555278125 0.01252086875 0.270129328125 0.0083472453125 0.2430120984375 0.06956037968749999 0.3639966625 0.076516415625
1 0.7947434296875 0.2114635515625 0.7634543171875 0.1307735109375 0.598664996875 0.13494713281249998 0.614309553125 0.22815804218750002 0.7947434296875 0.2114635515625
1 0.57571965 0.0055648296875 0.57989153125 0.0612131328125 0.7175636203125 0.0612131328125 0.6946182734375 0.009738453125000001 0.57571965 0.0055648296875
1 0.614309553125 0.3380634390625 0.6414267828125 0.4785754046875 0.8552357109375001 0.48970506406250003 0.8051731328124999 0.32276015468749997 0.614309553125 0.3380634390625
5 0.440981 0.317748 0.034375 0.03359375
5 0.380825 0.309936 0.0375 0.03515625
2 0.399575 0.05603 0.03046875 0.0265625
2 0.445668 0.052123 0.03125 0.0390625