2 0.876429 0.766385 0.0265625 0.0203125
2 0.965491 0.693729 0.01953125 0.015625
2 0.54596 0.192167 0.0125 0.01875
2 0.519398 0.210917 0.02109375 0.01953125
2 0.46471 0.248417 0.015625 0.01640625
2 0.574866 0.381229 0.01171875 0.0203125
2 0.556897 0.389823 0.0109375 0.01953125
2 0.485804 0.423417 0.01328125 0.01640625
2 0.386585 0.270292 0.01796875 0.01875
2 0.33971 0.30076 0.01796875 0.01484375
2 0.317835 0.317948 0.0125 0.02421875
2 0.272522 0.345292 0.01640625 0.01953125
2 0.290491 0.504667 0.01953125 0.0140625
2 0.343616 0.474979 0.0140625 0.01953125
2 0.356898 0.470292 0.01015625 0.0203125
2 0.416273 0.439042 0.0171875 0.02109375
2 0.647522 0.767167 0.01796875 0.01953125
2 0.612366 0.771073 0.01796875 0.02265625
2 0.544398 0.78826 0.01953125 0.01640625
2 0.461585 0.797635 0.01640625 0.01484375
2 0.403773 0.806229 0.01484375 0.01796875
2 0.380335 0.814042 0.015625 0.02421875
2 0.334241 0.821854 0.01875 0.01796875
2 0.303772 0.653104 0.01171875 0.0140625
2 0.359241 0.631229 0.01484375 0.021875
2 0.376429 0.628885 0.021875 0.03046875
2 0.438929 0.603104 0.01875 0.02109375
2 0.511585 0.591385 0.015625 0.0171875
2 0.588147 0.564042 0.01640625 0.0203125
2 0.603773 0.560135 0.0109375 0.0203125
5 0.905335 0.603885 0.03046875 0.01953125
5 0.881116 0.506229 0.02578125 0.01640625
5 0.803772 0.139042 0.02421875 0.0171875
5 0.588929 0.25701 0.01796875 0.03046875
5 0.787366 0.051542 0.0265625 0.02265625
5 0.660804 0.670292 0.015625 0.02421875
5 0.930335 0.735135 0.021875 0.01796875
5 0.975647 0.727323 0.01796875 0.0203125
1 0.5737840609375 0.6602027359375 0.5538968078125001 0.8134753031249999 0.680585971875 0.8360892890624999 0.7004732234375 0.6928673812499999 0.5737840609375 0.6602027359375
1 0.382277184375 0.6011551078124999 0.3483952 0.7682473328125 0.4699284078125 0.7990274796875 0.49570817968750003 0.627538090625 0.382277184375 0.6011551078124999
1 0.45077772187500004 0.2412158421875 0.4139494765625 0.3737589234375 0.52296108125 0.43092205312500004 0.546531159375 0.2902128109375 0.45077772187500004 0.2412158421875
1 0.632709253125 0.3310436171875 0.60692948125 0.45479237031249997 0.718887346875 0.5019048390624999 0.7328820796875 0.3900912453125 0.632709253125 0.3310436171875
4 0.5818862734375 0.577284790625 0.5980907015625 0.58733545 0.612085434375 0.596129778125 0.6209242140625 0.6011551078124999 0.6304995578125 0.5980142765625 0.6098757406249999 0.5860791187500001 0.590725053125 0.567862296875 0.574520625 0.5433638125 0.5561065015625 0.5182371625 0.5384289453125 0.500020340625 0.5222245171875 0.48620068281249995 0.514122303125 0.4880851828125 0.536955815625 0.5106991671875 0.554633371875 0.5389666484375 0.56862810625 0.56095246875 0.5818862734375 0.577284790625
3 0.63786520625 0.569118628125 0.6260801687499999 0.55906796875 0.6025100906249999 0.5483891421875 0.58409596875 0.53708215 0.5759937546875 0.522006159375 0.558316196875 0.5169808296875 0.554633371875 0.53394131875 0.5759937546875 0.5446201453125 0.5951444421875001 0.561580634375 0.6084026109375 0.574772125 0.6268167328125 0.5810537874999999 0.6393383359375 0.5879636171875 0.6400749015625 0.59864244375 0.64744055 0.6030396078125 0.6651181078125 0.6168592640624999 0.6842687953125 0.6256535921874999 0.6872150546875 0.5942452796875 0.667327803125 0.5885917828125 0.6525965046875 0.5785411234375 0.63786520625 0.569118628125
3 0.481713446875 0.45479237031249997 0.44023105156250003 0.439956634375 0.5081479421874999 0.47247408750000003 0.481713446875 0.45479237031249997