6 0.03485269237208778 0.2845461255905632 0.026340357548481973 0.03293155108845909
6 0.05834869358990378 0.3251066382044349 0.023996607548481964 0.032849705534962845
5 0.07964917492221739 0.49144840081830665 0.023378998782184014 0.04219742368379738
5 0.24575937013367896 0.5473288346689051 0.03097331047058125 0.029970242195451746
5 0.38319514042621844 0.5909374470126243 0.02706706047058125 0.029833832939624473
5 0.5291292033324317 0.6397147089935239 0.028820475243233723 0.04082589664195542
6 0.29010147971075584 0.42241811470597196 0.02868410754848192 0.03301339664195542
6 0.48699802476006165 0.5037697745099533 0.029369900162155814 0.0275719284931208
2 0.18937041720828435 0.06521822831563559 0.020653419236879245 0.020240578130301133
2 0.2735993668839728 0.11536950653860396 0.02142103246740401 0.019486609981466518
2 0.4211135206995765 0.2078149229660072 0.016061376623205347 0.025545637023308566