0 0.5281675609375001 0.3740658890625 0.297597234375 0.3646945203125 0.30669979999999997 0.4282619953125 0.5570168390625 0.43626513125 0.5281675609375001 0.3740658890625
0 0.567161784375 0.4649551203125 0.26561866875 0.452077725 0.2692527859375 0.5407684609375 0.6148561765625 0.54934996875 0.567161784375 0.4649551203125
0 0.6422916875 0.5947750640625 0.3249021359375 0.5824838328124999 0.3412555953125 0.7208178937499999 0.7113350265625 0.7192451734375 0.6422916875 0.5947750640625
0 0.301010103125 0.58318338125 0.0045923640625 0.5720512109375 0.0027752796875 0.7029364124999999 0.3080401140625 0.7099484796875 0.301010103125 0.58318338125
0 0.2090958578125 0.450385765625 0.0050292703125 0.4458809828125 0.002485440625 0.5285294828125 0.20345142031250002 0.5347047218750001 0.2090958578125 0.450385765625
0 0.28062911874999996 0.3651177171875 0.0334615703125 0.35138734843749997 0.005478959375 0.41227951249999994 0.28312458125 0.4219287453125 0.28062911874999996 0.3651177171875
1 0.0591824328125 0.2829842484375 0.024867743749999997 0.279181503125 0.02574866875 0.2861336109375 0.0460996453125 0.2880170875 0.052277642187499994 0.3139378703125 0.19509796875000002 0.3195166078125 0.19800524375 0.35016753437500003 0.2706873453125 0.3547935625 0.2695971296875 0.3473841015625 0.20818073125 0.34171462343750003 0.206000275 0.3130079484375 0.0631799484375 0.3068845953125 0.0591824328125 0.2829842484375
1 0.32298959531250004 0.3520519984375 0.2844969515625 0.3531102140625 0.2921285734375 0.43629198281250003 0.2765019203125 0.4362899484375 0.27831896718750004 0.44400981249999993 0.30993568437499996 0.44566677343750005 0.29721631875 0.3605845203125 0.323018459375 0.3611198296875 0.32298959531250004 0.3520519984375
1 0.0600349328125 0.3391702875 0.01848048125 0.3413473484375 0 0.3874882171875 0.000673334375 0.41257589375 0.0293827875 0.3473648875 0.057365396874999995 0.348286775 0.0600349328125 0.3391702875
1 0.24346379375 0.43450341249999996 0.210724609375 0.43474887031250004 0.206000275 0.5634343171875 0.2452486140625 0.5660358515625 0.24343155468750002 0.5550482765625 0.224534215625 0.5537856078125001 0.22780491249999998 0.44040433281249997 0.24597543281249998 0.4421735328125 0.24346379375 0.43450341249999996
1 0.32265505 0.559919603125 0.2826272546875 0.555544865625 0.2826798921875 0.5663535468750001 0.3037577109375 0.5674581890625 0.319384353125 0.7444608046875001 0.29140175468749996 0.7432665968750001 0.2950358484375 0.7559832640625 0.34118899062499997 0.7559512703125 0.32265505 0.559919603125
1 0.235436521875 0.7944254609375 0.24346379375 0.74021818125 0.21181485000000003 0.739270409375 0.211451428125 0.792623840625 0.235436521875 0.7944254609375
1 0.5909462734375001 0.7653574390625 0.517537353125 0.7617825484375 0.518990990625 0.779014165625 0.52444214375 0.7825675609375 0.548063840625 0.780537809375 0.5502443218749999 0.77520591875 0.5869487578125 0.775767978125 0.5909462734375001 0.779245171875 0.71559608125 0.7844162531250001 0.713779021875 0.7728840625 0.724681353125 0.771004659375 0.7163228984375001 0.758857340625 0.6836159546875 0.7571432421875001 0.6941548640625 0.770494065625 0.6945182859375 0.7767762078125 0.5927633328125 0.77443885 0.5909462734375001 0.7653574390625
1 0.48334773750000004 0.3056162109375 0.48363970937499995 0.29992779999999997 0.4659040359375 0.2981666203125 0.46445039843749997 0.2994519859375 0.4513676109375 0.2998555765625 0.44918715468750003 0.31008903593750003 0.4495505765625 0.31664348750000004 0.45427491093750005 0.321792628125 0.44991397343750006 0.3370856703125 0.45173103281250004 0.3532471109375 0.45245785156249996 0.3617267703125 0.48044046093750004 0.36401019843750004 0.48116728125 0.3561513390625 0.464086978125 0.354166965625 0.4629967609375 0.3481190421875 0.46226994218749995 0.33773321875 0.46735767343749995 0.319482871875 0.465540615625 0.304955296875 0.48334773750000004 0.3056162109375
