2 0.331147 0.596161 0.016402927973732773 0.015389387023308564
2 0.325644 0.565829 0.013854460085908116 0.011401291469812235
2 0.314556 0.503602 0.014263895861557074 0.019213791469812235
2 0.472129 0.463661 0.01878762155129756 0.016252482576804894
2 0.493906 0.53569 0.01858290366347326 0.012346232576804894
2 0.500112 0.549562 0.008921298620519024 0.006550100362819755
2 0.603591 0.433242 0.011510710085908293 0.011319445916316085
2 0.633756 0.501065 0.016443871551297562 0.016170637023308565
2 0.64395 0.516362 0.014758540818602839 0.013772323320977619
2 0.743002 0.524643 0.021254202283992107 0.018678078130301045
2 0.795601 0.48289 0.012660452283992107 0.018377977767481467
2 0.777144 0.459271 0.014304839439121864 0.019995041469812236
2 0.745495 0.407937 0.011016065128862352 0.016760914065150522
2 0.724213 0.330412 0.012619508706427317 0.017596727767481467
2 0.697702 0.287508 0.014594766508343326 0.010647323320977708
2 0.6857 0.267577 0.014100121551297562 0.016088791469812236
2 0.657131 0.230224 0.015416960085908293 0.01145585517214318
2 0.529825 0.250323 0.017429839439121863 0.02010416887447395
2 0.552553 0.295707 0.017184177973732773 0.01541666887447395
2 0.5588 0.31036 0.01784259724103805 0.013100200725639333
2 0.586666 0.364175 0.015580734396167629 0.014580855172143182
2 0.456808 0.395321 0.013813516508343327 0.010620041469812236
2 0.433342 0.335874 0.014881371551297562 0.016116073320977708
2 0.427877 0.321194 0.018582903663473083 0.012346232576804894
2 0.411153 0.270903 0.01878762155129756 0.016252482576804894
2 0.270771 0.295373 0.01632104081860284 0.013826887023308565
2 0.28104 0.341975 0.015416960085908116 0.01145585517214318
2 0.287696 0.36444 0.01882856512886235 0.017033732576804805
2 0.302403 0.421062 0.022857645861557075 0.01951389183263199
2 0.345818 0.816365 0.014345783016686653 0.020776291469812237
2 0.404723 0.894924 0.016525758706427317 0.017733137023308386
2 0.459577 0.881268 0.021295145861557074 0.019459328130301046
2 0.511184 0.865378 0.014922315128862352 0.01689732332097762
2 0.564435 0.850995 0.015045145861557075 0.01924107332097762
2 0.851048 0.764284 0.01870573439616776 0.014689982576804895
2 0.806349 0.777585 0.016321040818602927 0.013826887023308565
5 0.478337 0.836 0.01981453301668683 0.020967264427970277
5 0.5584 0.810507 0.01882856512886235 0.017033732576804895
5 0.852948 0.725866 0.015045145861556985 0.01924107332097762
5 0.924045 0.708512 0.019814533016686765 0.020967264427970277
1 0.361096 0.346223 0.11633873021229632 0.12181549101432534
1 0.619409 0.301982 0.09557917288534998 0.09769594473518968
1 0.701401 0.47757 0.0918400192218769 0.08586806733052796
1 0.403568 0.544324 0.13941438206674714 0.08596976025161904
4 0.5181244484375 0.3608172234375 0.529045896875 0.339628571875 0.5202193609375 0.3364443375 0.51492846875 0.3515982671875 0.5043329953125 0.366566959375 0.47571517031250005 0.3900136453125 0.45119602187499996 0.405454778125 0.4312975875 0.426329946875 0.42332590625 0.4380349234375 0.42977939843749996 0.4396982859375 0.44373953125 0.42292975625 0.4633872171875 0.406839171875 0.49978296875000006 0.383184765625 0.5181244484375 0.3608172234375