2 0.41805303125000004 0.9736350828125 0.43360140156250004 0.9999887609375 0.44352909062499996 0.9842290203124999 0.4335426296875 0.9688308125 0.43969443906250005 0.9604804765624999 0.613991409375 0.845114878125 0.622606325 0.8503398640625001 0.6295982671875 0.8623027000000001 0.6365615609375 0.850583453125 0.6219134109375 0.8393327484374999 0.6118826265624999 0.8247795328124999 0.42572487968750006 0.948395846875 0.4283207953125 0.9594361796875001 0.41805303125000004 0.9736350828125
3 0.4166515265625 0.9761479234375001 0.43584292031249994 0.9976271875 0.4436176609375 0.982539 0.43014955156249995 0.9730004296875 0.4401958921875 0.9630265359375001 0.6171631093750001 0.845170240625 0.6252908109375 0.8596902078124999 0.6378302578125 0.8506055984374999 0.6150099546875001 0.8256798906249999 0.551310146875 0.866010815625 0.42467765 0.9441486953125 0.42632926718749997 0.9610929562500001 0.4166515265625 0.9761479234375001
3 0.0812655984375 0.92867499375 0.0950336859375 0.9223251046875 0.0896347140625 0.9163104546874999 0.3142208046875 0.79843958125 0.3181739875 0.8078120390624999 0.3278660515625 0.804598140625 0.3154607734375 0.7747795875000001 0.3055472859375 0.7822184921875001 0.3064616609375 0.789000659375 0.0926890703125 0.894373725 0.078099528125 0.8941190640625001 0.0740721234375 0.8982776078124999 0.0812655984375 0.92867499375
3 0.4828760671875 0.6992339078125 0.49260953281250003 0.7140317734375 0.5008558484375001 0.7141757125 0.5008857234375 0.701489675 0.6327401421875 0.6327464015625 0.6465768515625 0.64736601875 0.6564017671875 0.6416171328125 0.662302234375 0.650177840625 0.665960978125 0.6409382203125 0.6565645828125 0.62639608125 0.6489525734375 0.6262632124999999 0.645058084375 0.6278867703125 0.6371217609375 0.6218278609375 0.6310884406249999 0.6158021390624999 0.49905696875 0.687925396875 0.49240375 0.6937296749999999 0.488406284375 0.6852021828125 0.4845117109375 0.686825740625 0.4828760671875 0.6992339078125
3 0.006288409375 0.7207041703125 0.018913059375 0.7150668546875 0.01749720625 0.70573865625 0.2094656 0.6287411921875 0.210925715625 0.6372243937500001 0.22157648437500002 0.639947609375 0.212622890625 0.6169555109375 0.20124924531250002 0.615911215625 0.01231965625 0.6954990296875 0.0018017625 0.6902407984375001 0.006288409375 0.7207041703125
0 0.48213609843749994 0.7200407890625 0.5798888046874999 0.8331165390624999 0.6214346187500001 0.8121239953125 0.519031315625 0.6944658796875001 0.48213609843749994 0.7200407890625
3 0.4335493890625 1 0.44607350468750007 0.9841377093749999 0.4351870328125 0.9737984328125 0.6159458046874999 0.844167484375 0.6268023578124999 0.8671928281250001 0.6377930796875 0.8513150093749999 0.610443896875 0.828001815625 0.43030510624999996 0.9458027781249999 0.4213502828125 0.9591787984375 0.42099600625000005 0.9659387796875001 0.418650203125 0.97435555 0.42491926874999997 0.98799731875 0.4311601515625 1 0.4335493890625 1
0 0.38231272656250004 0.9678823781249999 0.436053675 0.929859909375 0.3520477375 0.795389209375 0.29933242187500003 0.8187277281249999 0.38231272656250004 0.9678823781249999
0 0.25092824999999996 0.7473803718750001 0.296753215625 0.724157596875 0.2414740765625 0.6286675859375 0.19741069218750001 0.65466660625 0.25092824999999996 0.7473803718750001
0 0.7392529671875 0.73196560625 0.761774021875 0.6937953203125 0.6786558453125 0.62626053125 0.6532386765625 0.655931090625 0.7392529671875 0.73196560625
0 0.5144091546875 0.5291672078125 0.5775683765624999 0.5900651156250001 0.5966242125 0.561956553125 0.5446263296875 0.5116950859375 0.5144091546875 0.5291672078125
1 0.043767859375 0.707856615625 0.10431093124999999 0.8614656390625001 0.271269753125 0.7790563671874999 0.19012372187499998 0.637943521875 0.043767859375 0.707856615625
1 0.29187040625 0.81732714375 0.1290102859375 0.9128218218749999 0.16688433281249998 0.9975036734374999 0.3897354421875 0.9988840453125001 0.29187040625 0.81732714375
1 0.37410090625 0.81792595 0.44248213593749997 0.9265798984375 0.5783342140625 0.8390575015625 0.454818809375 0.6796384796875 0.33400909375 0.7561612921875 0.37410090625 0.81792595
1 0.5241725140625 0.6982814453125 0.6593607890625 0.83866456875 0.758576865625 0.766783909375 0.6245699546875 0.6398055109375 0.5241725140625 0.6982814453125
1 0.49135834687499996 0.6659509015625 0.5964917078124999 0.6124130015625 0.49787960625 0.5170031140625 0.3977746359375 0.5579175640625 0.49135834687499996 0.6659509015625
4 0.5163956359374999 1 0.525424628125 0.9979064953125001 0.5394021765625 0.9948044359375 0.5564006578125 0.9700060015625 0.5736761046875001 0.951904425 0.5984066484375 0.947317053125 0.6252822265625 0.9377481046874999 0.6499110078125 0.92312089375 0.66431238125 0.8999501328124999 0.685395934375 0.8810785234375 0.70258378125 0.8646484234375 0.7234044546875 0.85079124375 0.752600178125 0.8328977656250001 0.773771246875 0.8123546515625 0.7825983734374999 0.8116722546874999 0.8055782468749999 0.804544815625 0.8285581203125 0.797417375 0.8405079499999999 0.7850783890625 0.8551424890625 0.7694401953125001 0.86325579375 0.7344485781250001 0.8742871390625 0.7036904390625 0.8810864625000001 0.6937710874999999 0.8868500734375001 0.6796510578125 0.9024328125000001 0.669885021875 0.9070588578125 0.64152455625 0.9158872046875001 0.6048724156249999 0.899268746875 0.6104378875 0.8903966015625 0.647925796875 0.8843701968750001 0.6670602 0.8648042374999999 0.6809392515625 0.853991971875 0.7075187296875 0.845193259375 0.731623815625 0.8416324828124999 0.7516377875 0.8346283250000001 0.7774472046875001 0.8228098953125 0.7872789484375 0.8133116109375 0.7887861609375 0.7972767125 0.7951983499999999 0.7850937203125 0.8000047140625 0.768154503125 0.7997090375 0.7618510515625 0.8121465828125001 0.741745334375 0.8243432078125 0.718998625 0.8390032703125 0.69606255 0.845294971875 0.678480509375 0.86924674375 0.658345159375 0.8939904249999999 0.6426890703125 0.9171393140624999 0.6250490640625 0.93021548125 0.6111591171875 0.9316460359375001 0.57805351875 0.9402697359375001 0.555044096875 0.959944259375 0.5399136 0.9730642296875001 0.5274239296875 0.9837207890625 0.504748403125 1 0.5163956359374999 1
1 0.304614271875 0.724378959375 0.428526609375 0.66609508125 0.339398584375 0.5574666625 0.23030549687500002 0.6141178093749999 0.304614271875 0.724378959375
2 0.989791 0.858839 0.017266065128862397 0.01669262215897831
2 0.974238 0.905246 0.013441702283992146 0.018186938311602674
2 0.015730746875 0.9460795203125001 0.0371350609375 0.9330690453124999 0.029460921875 0.9237335328125 0.0153957765625 0.92850705625 0.0086401875 0.9375906984375 0.015730746875 0.9460795203125001
2 1.0 0.817927 0.01327792797373264 0.015061938311602675
2 1.0 0.773069 0.010111984396167766 0.014226141233702094
2 0.926593 1.0 0.010647572930778537 0.006763558645504731
2 0.13449626406249998 1 0.14518424218749998 0.9980617593750001 0.1133057171875 0.919417296875 0.09635446875 0.9267604625000001 0.1172373765625 1 0.13449626406249998 1
3 0.7651183500000001 0.7414880046875 0.7786813875 0.723230921875 0.7678335453125 0.71708983125 0.7879607125 0.6847066140625 0.7980969484375 0.6298300218749999 0.81113780625 0.6367533562500001 0.8172239093749999 0.6271880015625 0.8022628640624999 0.614279434375 0.7933741624999999 0.6133803171875 0.7866131671875001 0.625165759375 0.7819409265624999 0.650379071875 0.7801627234375 0.6629954796875001 0.7705076156249999 0.687377853125 0.763305528125 0.696923703125 0.7517301578125 0.7153208171875 0.7510289859375 0.7286999890625 0.7651183500000001 0.7414880046875
3 0.6117079546874999 0.6057455078125 0.6258257687500001 0.61343160625 0.6347923046874999 0.612844153125 0.6348312578125 0.61210086875 0.6324309484375 0.6046193015625 0.6294726078124999 0.59712799375 0.624204465625 0.591084296875 0.6171455953125 0.5872412625 0.6096845109375 0.580415321875 0.609399234375 0.575202590625 0.6142525640625001 0.5678476375 0.61985861875 0.5567859734375 0.623181228125 0.5360128890625 0.6218969000000001 0.5285508265625001 0.6105689375 0.5209134 0.6048597 0.5126301609375 0.5955952140624999 0.49758910937499995 0.5666068625 0.4859235734375 0.5583414234374999 0.4731318796875 0.5569401625 0.46789964375000004 0.5579656390625 0.45898996875 0.5614177078125 0.4464028046875 0.5604838937500001 0.43225110468750005 0.5521795796875 0.4202026703125 0.5437320437500001 0.42154319687499997 0.5421486125 0.43044313125 0.5456649062500001 0.437944203125 0.5482210328125 0.4424526078125 0.5477146312500001 0.45211533125000003 0.5472861359375 0.46029148593749997 0.543885621875 0.482551115625 0.56151973125 0.497738259375 0.586446509375 0.5123087578125001 0.6013296484375 0.5267038937499999 0.6152138140625001 0.5388497250000001 0.608219096875 0.555094875 0.5981491765625 0.566078596875 0.59592988125 0.5764554109375 0.5975385125 0.588386946875 0.6117079546874999 0.6057455078125
6 0.247578 0.617656 0.013646420171816586 0.022093188311602674
6 0.27472 0.598415 0.014427670171816587 0.02210682508107791
6 0.299724 0.583121 0.016566702283992284 0.018241485389503254
6 0.414915 0.498222 0.017184177973732596 0.015130122158978665
6 0.43375 0.4846 0.015785452283992286 0.018227848620028197
6 0.450242 0.471019 0.011097952283992107 0.01814602800317715
6 0.332025 0.662318 0.014222952283992108 0.01820057508107791
4 0.7881911640625 0.550512346875 0.819553534375 0.555598225 0.84309083125 0.555162509375 0.8517440234375 0.54769420625 0.8752226593750001 0.5362517015625 0.8766854687500001 0.50833965625 0.8621117359375001 0.49538638125 0.8461794218750001 0.484102575 0.8338350890624999 0.47711432187499997 0.8110070296874999 0.4640169671875 0.7981164281249999 0.455326053125 0.7752584625 0.454927065625 0.764257059375 0.47082028906250006 0.7572127656250001 0.49609510781250005 0.762690028125 0.524974909375 0.78398219375 0.5431249984375001 0.7881911640625 0.550512346875
3 0.6199830078125 0.4952571203125 0.6389212 0.5050433390625 0.6391786734375 0.5049047078125 0.647477328125 0.504203 0.655288296875 0.512805246875 0.6592009953125 0.5230326328125 0.6684148750000001 0.529119625 0.6765218843749999 0.5199486062500001 0.6776000796874999 0.5115015203125 0.6845258140625 0.5006166999999999 0.6813810234375001 0.48786291875 0.6839064609375 0.476054675 0.679181534375 0.46919947500000003 0.6679298218749999 0.4656166578125 0.6590405703125 0.4654614953125 0.6553339421875 0.4755559390625 0.6506089296875001 0.46870073906250004 0.6442595375 0.468589909375 0.6334211078124999 0.4692472859375 0.6279869375 0.47592521562499995 0.6232763484375 0.48092253593749995 0.6199830078125 0.4952571203125
3 0.945394 0.996458 0.018129202283992153 0.01826875892845372
3 0.695027 0.799863 0.0016443871551297562 0.0015897735389502898
0 0.710560246875 0.5630758625000001 0.6935982984375 0.6069137828125 0.7668135828125 0.6711370015625 0.7850255921875 0.603445134375 0.7216657718749999 0.5480760609375 0.710560246875 0.5630758625000001
0 0.475435521875 0.9766681765625 0.6100870984375 0.8842389703125001 0.5957145578125 0.8579417828125001 0.4679656203125 0.9533855234375 0.475435521875 0.9766681765625
5 0.56907 1.0 0.01574450870642714 0.013853715303777747
5 0.425914 0.588738 0.01570356512886235 0.0166653486200282
5 0.45059 0.567194 0.00846759724103805 0.012636367694751627
5 0.5567845046875 0.510848303125 0.560067503125 0.501344596875 0.552256746875 0.4971632140625 0.5488956359375 0.503355971875 0.5499858 0.50889099375 0.5567845046875 0.510848303125
3 0.362889403125 0.5589020578125 0.374448584375 0.5758321875 0.3816906265625 0.5615425921874999 0.5052760265625 0.5161269765625 0.5082931390625001 0.5205044296875 0.51621350625 0.5242466921875 0.5178352484375 0.524275 0.525328184375 0.5258473859375 0.5260075234375 0.512884834375 0.5220978859375001 0.5048877890625 0.513800178125 0.508346965625 0.5022843781249999 0.500937953125 0.3818293484375 0.5485706031250001 0.362889403125 0.5589020578125
3 0.280428903125 0.74885598125 0.2923465625 0.7692464203125 0.3013735515625 0.7621959828125 0.3019019265625 0.7521140109375 0.2959431171875 0.7419187796875 0.4108666921875 0.6862607781250001 0.45783672343750004 0.6676190515625 0.4625256703125 0.6813960812500001 0.470785634375 0.67865706875 0.4745198234375 0.6693518515625 0.4655183671875 0.6655907171875 0.4560772734375 0.6495683453125001 0.286426503125 0.7273366859375 0.287909596875 0.740336959375 0.280428903125 0.74885598125
3 0.6412228109375 0.5204540140625 0.6319606609374999 0.5658662156250001 0.64559805 0.5856521265625 0.6611239265625 0.6017118046875 0.6868784109375 0.6164463453125 0.6934087718749999 0.62107136875 0.694629128125 0.5977855796875 0.6547254921875 0.5730301546875001 0.6514486374999999 0.5278624796875 0.6412228109375 0.5204540140625
3 0.7633170359375 0.7369141765625 0.7766898265625 0.7227612375 0.765845184375 0.7143016859375 0.79153593125 0.6764061953125 0.7951564624999999 0.6396291953125 0.7965470953125 0.6238647703125 0.8167021078125 0.637749734375 0.8213972453125 0.62354671875 0.8113526640625001 0.610590046875 0.7977408171875 0.6118561296875 0.78245004375 0.62361870625 0.7809807546875 0.6408854374999999 0.7811509546875001 0.6484068 0.7801274296875 0.667936803125 0.77430449375 0.6821201828125 0.7674719359375 0.6940303734375 0.7584625921875 0.7043988875 0.753361059375 0.7155874546875001 0.762369309375 0.7375481046875 0.7633170359375 0.7369141765625
4 0.722256159375 0.4906338671875 0.739827990625 0.49996267968749997 0.7549485687499999 0.48067871562500003 0.7709606671875 0.46592139843749997 0.7789210234375 0.45403087031249995 0.7809935359375 0.43602285468749996 0.7685626796875 0.4147543265625 0.7505844515625 0.4024110375 0.7314125 0.402076390625 0.71828570625 0.40485461718750004 0.715806796875 0.41984818281249997 0.7058792171875 0.43696727187500006 0.702560809375 0.4572090328125 0.7101656984375 0.48440808750000003 0.722256159375 0.4906338671875
0 0.8105728453125 0.7352564546875 0.8653319375 0.6790773734375 0.8387912953125 0.6470367593749999 0.8288637187499999 0.6641558234375 0.82365681875 0.68812386875 0.8148836718749999 0.6939854703125 0.7910698515625 0.6852995421875 0.7858107796875 0.6994927140625 0.8003664 0.7125281 0.8105728453125 0.7352564546875