2 0.687781 0.237934 0.02578125 0.03125
2 0.470594 0.067622 0.0359375 0.03203125
2 0.362781 0.219965 0.02421875 0.02578125
2 0.329188 0.26684 0.0296875 0.02421875
2 0.262781 0.36684 0.02890625 0.0359375
2 0.190125 0.430903 0.02578125 0.02578125
2 0.14325 0.507465 0.0234375 0.02421875
2 0.55575 0.359028 0.02578125 0.028125
2 0.528406 0.377778 0.01796875 0.034375
2 0.436219 0.462934 0.0203125 0.028125
3 0.26044815312499997 0.3626981671875 0.3598042984375 0.4321510078125 0.4581958234375 0.4964591921875 0.49292224375 0.4720220828125 0.545976496875 0.4321510078125 0.34340571249999996 0.25337425156250004 0.33472410625000004 0.2662358875 0.3733090171875 0.302248471875 0.46977129531250006 0.38327678593750003 0.5228255500000001 0.4295786796875 0.5102854531250001 0.441154153125 0.49388686562500006 0.4462988078125 0.4717005421875 0.4617327734375 0.4572312 0.4951730296875 0.439867990625 0.48102522968750006 0.44758497343750003 0.4398679890625 0.2565896609375 0.31382394687500004 0.2556250375 0.3163962734375 0.24212031875 0.3459780390625 0.26044815312499997 0.3626981671875
4 0.5375520390624999 0.6173655671875 0.5098023031250001 0.6554223484375 0.5391377390625001 0.6617651453125 0.586708715625 0.6353368234375 0.65568663125 0.6163084343749999 0.6937434125 0.5983371749999999 0.7413143890625 0.5835373171875 0.792849615625 0.5708517234375 0.841213440625 0.558166128125 0.874513125 0.541252003125 0.8919558171874999 0.5327949421875 0.8919558171874999 0.5116522859375 0.867377478125 0.500023825 0.8451776890625 0.5010809578125001 0.73180019375 0.5454805359375 0.65647948125 0.5539375984375 0.6152513 0.586708715625 0.5375520390624999 0.6173655671875
5 0.116688 0.612934 0.01875 0.02109375
5 0.172156 0.630903 0.02578125 0.02109375
5 0.228406 0.644184 0.0203125 0.0234375
5 0.276844 0.658247 0.0234375 0.0234375
5 0.322156 0.670747 0.01875 0.02109375
5 0.360438 0.684028 0.0234375 0.01796875
5 0.401844 0.69184 0.01953125 0.025
5 0.437 0.706684 0.02109375 0.01796875
1 0.6017728578125 0.4239102609375 0.61604415 0.43659585468750006 0.7286287953125 0.5349092078125001 0.8396277421875 0.4894524953125 0.522487896875 0.07505642968750001 0.34806098125 0.204026634375 0.5827444671875 0.44188151875 0.6017728578125 0.4239102609375
2 0.809656 0.359809 0.0171875 0.0203125
2 0.679969 0.444184 0.02734375 0.021875
2 0.654969 0.466059 0.02578125 0.02109375
2 0.558875 0.526215 0.02578125 0.01875
2 0.6745 0.575434 0.02421875 0.01875
2 0.751844 0.532465 0.0203125 0.02734375
2 0.794812 0.509809 0.021875 0.02734375
1 0.186319659375 0.3562537609375 0.1435057796875 0.42285312812500003 0.359953725 0.5497090671875 0.3781892671875 0.53808060625 0.4217959953125 0.51270941875 0.186319659375 0.3562537609375
2 0.540906 0.601997 0.01484375 0.01875
2 0.560438 0.592622 0.015625 0.0234375
1 0.5193164984374999 0.6131370359375 0.5906729625 0.5740231203125 0.48499106249999996 0.49424364687500005 0.42655309218750004 0.5401948703125 0.5193164984374999 0.6131370359375