2 0.707863 0.226768 0.02578125 0.03125
2 0.490676 0.056456 0.0359375 0.03203125
2 0.382863 0.208799 0.02421875 0.02578125
2 0.34927 0.255674 0.0296875 0.02421875
2 0.282863 0.355674 0.02890625 0.0359375
2 0.210207 0.419737 0.02578125 0.02578125
2 0.163332 0.496299 0.0234375 0.02421875
2 0.575832 0.347862 0.02578125 0.028125
2 0.548488 0.366612 0.01796875 0.034375
2 0.456301 0.451768 0.0203125 0.028125
3 0.26044815312499997 0.3626981671875 0.3598042984375 0.4321510078125 0.4581958234375 0.4964591921875 0.49292224375 0.4720220828125 0.545976496875 0.4321510078125 0.34340571249999996 0.25337425156250004 0.33472410625000004 0.2662358875 0.3733090171875 0.302248471875 0.46977129531250006 0.38327678593750003 0.5228255500000001 0.4295786796875 0.5102854531250001 0.441154153125 0.49388686562500006 0.4462988078125 0.4717005421875 0.4617327734375 0.4572312 0.4951730296875 0.439867990625 0.48102522968750006 0.44758497343750003 0.4398679890625 0.2565896609375 0.31382394687500004 0.2556250375 0.3163962734375 0.24212031875 0.3459780390625 0.26044815312499997 0.3626981671875
4 0.5375520390624999 0.6173655671875 0.5098023031250001 0.6554223484375 0.5391377390625001 0.6617651453125 0.586708715625 0.6353368234375 0.65568663125 0.6163084343749999 0.6937434125 0.5983371749999999 0.7413143890625 0.5835373171875 0.792849615625 0.5708517234375 0.841213440625 0.558166128125 0.874513125 0.541252003125 0.8919558171874999 0.5327949421875 0.8919558171874999 0.5116522859375 0.867377478125 0.500023825 0.8451776890625 0.5010809578125001 0.73180019375 0.5454805359375 0.65647948125 0.5539375984375 0.6152513 0.586708715625 0.5375520390624999 0.6173655671875
5 0.13677 0.601768 0.01875 0.02109375
5 0.192238 0.619737 0.02578125 0.02109375
5 0.248488 0.633018 0.0203125 0.0234375
5 0.296926 0.647081 0.0234375 0.0234375
5 0.342238 0.659581 0.01875 0.02109375
5 0.38052 0.672862 0.0234375 0.01796875
5 0.421926 0.680674 0.01953125 0.025
5 0.457082 0.695518 0.02109375 0.01796875
1 0.6017728578125 0.4239102609375 0.61604415 0.43659585468750006 0.7286287953125 0.5349092078125001 0.8396277421875 0.4894524953125 0.522487896875 0.07505642968750001 0.34806098125 0.204026634375 0.5827444671875 0.44188151875 0.6017728578125 0.4239102609375
2 0.829738 0.348643 0.0171875 0.0203125
2 0.700051 0.433018 0.02734375 0.021875
2 0.675051 0.454893 0.02578125 0.02109375
2 0.578957 0.515049 0.02578125 0.01875
2 0.694582 0.564268 0.02421875 0.01875
2 0.771926 0.521299 0.0203125 0.02734375
2 0.814894 0.498643 0.021875 0.02734375
1 0.186319659375 0.3562537609375 0.1435057796875 0.42285312812500003 0.359953725 0.5497090671875 0.3781892671875 0.53808060625 0.4217959953125 0.51270941875 0.186319659375 0.3562537609375
2 0.560988 0.590831 0.01484375 0.01875
2 0.58052 0.581456 0.015625 0.0234375
1 0.5193164984374999 0.6131370359375 0.5906729625 0.5740231203125 0.48499106249999996 0.49424364687500005 0.42655309218750004 0.5401948703125 0.5193164984374999 0.6131370359375