2 0.752766 0.580377 0.015625 0.01484375
2 0.756672 0.549908 0.01328125 0.0109375
2 0.764484 0.487408 0.01328125 0.01875
2 0.605109 0.453033 0.01796875 0.015625
2 0.58714 0.52569 0.01796875 0.01171875
2 0.581672 0.539752 0.00859375 0.00625
2 0.472297 0.427252 0.0109375 0.0109375
2 0.445734 0.496002 0.015625 0.015625
2 0.436359 0.511627 0.0140625 0.01328125
2 0.337922 0.523346 0.0203125 0.01796875
2 0.283234 0.483502 0.01171875 0.01796875
2 0.300422 0.459283 0.01328125 0.01953125
2 0.329328 0.40694 0.01015625 0.01640625
2 0.346516 0.328815 0.01171875 0.0171875
2 0.370734 0.285065 0.0140625 0.01015625
2 0.381672 0.264752 0.01328125 0.015625
2 0.408234 0.226471 0.01484375 0.0109375
2 0.536359 0.242096 0.01640625 0.01953125
2 0.516047 0.28819 0.01640625 0.01484375
2 0.510578 0.303033 0.0171875 0.0125
2 0.485578 0.357721 0.01484375 0.0140625
2 0.616828 0.384283 0.01328125 0.01015625
2 0.637141 0.324127 0.0140625 0.015625
2 0.641828 0.309283 0.01796875 0.01171875
2 0.65589 0.258502 0.01796875 0.015625
2 0.797297 0.278033 0.015625 0.01328125
2 0.789484 0.324908 0.01484375 0.0109375
2 0.784016 0.347565 0.01796875 0.01640625
2 0.772297 0.404596 0.021875 0.01875
2 0.74964 0.80069 0.01328125 0.0203125
2 0.694953 0.881158 0.015625 0.0171875
2 0.639484 0.86944 0.0203125 0.01875
2 0.58714 0.855377 0.0140625 0.01640625
2 0.533234 0.842877 0.0140625 0.01875
2 0.242609 0.766315 0.01796875 0.0140625
2 0.287922 0.778033 0.015625 0.01328125
5 0.61839 0.824908 0.01875 0.0203125
5 0.53714 0.802252 0.01796875 0.01640625
5 0.238703 0.728033 0.0140625 0.01875
5 0.166828 0.71319 0.01875 0.0203125
1 0.709797 0.33194 0.11015625 0.11796875
1 0.449641 0.296783 0.090625 0.09453125
1 0.376984 0.474908 0.0875 0.0828125
1 0.677765 0.531158 0.13515625 0.08125
4 0.5349467625 0.4066897390625 0.548004196875 0.4239142453125 0.5545329140625 0.42247887031250003 0.5471881062499999 0.41051740781249996 0.5284180453125 0.3889867734375 0.5047514453125 0.372719184375 0.4774124421875 0.3483178 0.46761936718749997 0.3330071265625 0.4631308734375 0.31769645468749996 0.45415388749999996 0.32056720625 0.4639469640625 0.3420978390625 0.48108484531249995 0.3650638484375 0.5161767 0.389943690625 0.5349467625 0.4066897390625