1 0.66249513125 0.2929694890625 0.6602665062499999 0.306946896875 0.6751052109375 0.30686056875 0.6768035265625 0.315363075 0.6355848890625 0.315602878125 0.6367293953125001 0.512326778125 0.6202859140625 0.5199889796875 0.6219677234375001 0.5256541296874999 0.6450501796875 0.525519840625 0.6631808593749999 0.524468540625 0.655452290625 0.32967458125000004 0.69335144375 0.325670821875 0.6965168640625 0.3029527328125 0.6948131546874999 0.293504440625 0.66249513125 0.2929694890625
1 0.2646284734375 0.3196526734375 0.2647110109375 0.33383948124999996 0.284484871875 0.33183280625 0.2845288921875 0.33939911875 0.23838070937500003 0.3425050515625 0.23947569375 0.5307168546875001 0.22463137500000002 0.5298574 0.2246864 0.5393152812500001 0.2790509296875 0.5314324296875 0.2598582796875 0.3499466671875 0.2944819625 0.34974523281250003 0.30421493593750004 0.3222598171875 0.2646284734375 0.3196526734375
1 1 0.5065464984375 0.9961353421875 0.5067560421875 0.976410890625 0.517274815625 0.9792812265625 0.727230146875 0.9909435078125 0.74797036875 1 0.7501410671875 1 0.5065464984375
1 0.584075840625 0.530907190625 0.580372540625 0.5131046609375 0.544412453125 0.5150590234375 0.5263808156249999 0.5331345187500001 0.5225516484375 0.7251582359375 0.5490085062500001 0.7382457859375 0.57869141875 0.7390189125 0.578641896875 0.730506815625 0.5522620734375 0.7306602890625 0.5511505828125001 0.5396111296874999 0.5560252140624999 0.527287115625 0.584075840625 0.530907190625
1 0.255532975 0.740104940625 0.2606793328125 0.7242116765625 0.23564356250000001 0.722250065625 0.22579503750000002 0.72987393125 0.2373857875 0.7383188828125 0.23508436093750001 0.90952570625 0.23188031250000002 0.9256232687500001 0.22038860625 0.9342025125 0.256655471875 0.93304566875 0.254940759375 0.9217058390625 0.255532975 0.740104940625
1 0.666202296875 0.7604154109375 0.6722910062499999 0.7301452312500001 0.6214990984375001 0.7285176078125 0.6248517109375 0.73795630625 0.6413776171875 0.7444809140624999 0.6442204406250001 0.9497072875000001 0.6194946921875 0.950796984375 0.6261447828125 0.9602164671875 0.6739582671875 0.959938296875 0.6656706078125 0.952419975 0.666202296875 0.7604154109375
0 0.9953052937500001 0.7782354453125 0.6678896078125 0.76702634375 0.67050121875 0.93252961875 0.9986893546875001 0.9457534125 0.9953052937500001 0.7782354453125
0 0.6358611390625 0.9298937296875 0.6416871203125 0.767800371875 0.204499046875 0.75364331875 0.19878448124999998 0.905007775 0.6358611390625 0.9298937296875
0 0.5144039125 0.705038034375 0.52158960625 0.559797096875 0.22647551406250002 0.5634056703125 0.21080237500000001 0.7034782125000001 0.5144039125 0.705038034375
0 0.9667119265625 0.550586715625 0.6023504671875 0.55459814375 0.603280378125 0.7144363140625 0.9693070296874999 0.7132526515625 0.9667119265625 0.550586715625
0 0.5904710546875 0.49651694687500003 0.587952875 0.3470920515625 0.2170789953125 0.36532865625 0.2129635921875 0.508171425 0.5904710546875 0.49651694687500003
0 0.9854306875000001 0.327526765625 0.61104083125 0.34790354687499997 0.61191571875 0.49828382031249996 0.9910607484374999 0.48472818125000006 0.9854306875000001 0.327526765625
1 0.3207687078125 0.2893412546875 0.4771160046875 0.282450984375 0.49575836406249996 0.30094909062499997 0.5130686890625 0.30208915 0.5118598125 0.2809197921875 0.47705414843750005 0.27181900468750003 0.2697804109375 0.286315303125 0.245384684375 0.2744958546875 0.19441185156250002 0.2741278875 0.1967905484375 0.28474639062499996 0.24312598749999997 0.28447681875 0.2559068875 0.29104766875 0.3207687078125 0.2893412546875
1 0.9401956828125 0.23257589374999998 0.9389522906250001 0.21796368593749998 0.907679721875 0.2188101421875 0.8822184343749999 0.22294539531250002 0.882280290625 0.23357735468750002 0.8927637562499999 0.24348418593750001 0.917093684375 0.2440071578125 0.9277008609375 0.2751779078125 0.947490121875 0.2916757859375 0.979936496875 0.29348059531250004 0.9798359828125 0.27620363124999997 0.9509033734375001 0.281023609375 0.9508453843750001 0.2710561234375 0.9460804140624999 0.2484901484375 0.9286737171875 0.24327526875 0.9089193265625 0.2327578546875 0.9401956828125 0.23257589374999998