1 0.223637365625 0.4889351859375 0.22924854374999998 0.482207953125 0.26964886250000003 0.4866927828125 0.27974895312500003 0.48295542031250005 0.27974895312500003 0.47099591093750004 0.27974895312500003 0.4582889359375 0.270771090625 0.46127880625 0.270771090625 0.4784706140625 0.24720422812499998 0.47398578281250003 0.2298096375 0.47548074375000005 0.2219540421875 0.47398578281250003 0.2146595421875 0.47697567812499997 0.20960949687500002 0.47398578281250003 0.20624281249999998 0.464268678125 0.20624281249999998 0.4567939765625 0.195581590625 0.45529904062500004 0.19670381875 0.472490846875 0.19950940781249998 0.47473325 0.2006316359375 0.48818771875 0.223637365625 0.4889351859375
1 0.427883459375 0.41045085312499996 0.5013896359375 0.3835419296875 0.531128809375 0.375319759375 0.5434733546875 0.37158240781249996 0.552451178125 0.370834940625 0.554695634375 0.3454209640625 0.554695634375 0.335703859375 0.545156640625 0.335703859375 0.5378621765625 0.33719879375 0.5384232718749999 0.35663301718749996 0.44696144687499995 0.38503686406250004 0.39982772187500004 0.40073374843750004 0.3919720890625 0.4029761515625 0.3886053671875 0.39176411093749997 0.3795414890625 0.3941826265625 0.380749809375 0.41568312812499997 0.38748317656250003 0.41269325625000003 0.3886053671875 0.424652765625 0.427883459375 0.41045085312499996
1 0.3863609109375 0.6311943484375 0.3891665375 0.6311943484375 0.390288728125 0.6468912203125 0.39589990625000004 0.6439013484375 0.39870545625 0.6379215828125 0.3970220953125 0.6267095421875 0.397583265625 0.6132550734375 0.380749809375 0.6132550734375 0.289287909375 0.6259620734375 0.2864823203125 0.6154974765625 0.28816568125 0.6027905015624999 0.2746989078125 0.60727530625 0.2735766796875 0.6252146062499999 0.280310046875 0.627457009375 0.28367676875000003 0.6386690500000001 0.3863609109375 0.6311943484375
1 0.5406677281250001 0.707556215625 0.5603068125 0.70456634375 0.561990171875 0.6746675609375 0.54627890625 0.6731726015625 0.54627890625 0.694101771875 0.4059999953125 0.688869471875 0.3992665515625 0.685132134375 0.4015110828125 0.6724251328124999 0.3900310859375 0.6730825140625 0.3891665375 0.688869471875 0.39365545 0.6903644078125 0.39365545 0.7000815390625 0.5406677281250001 0.707556215625
1 0.38748317656250003 0.9118553953124999 0.3919720890625 0.9088655250000001 0.39365545 0.924562396875 0.4026332734375 0.924562396875 0.4037555390625 0.8939161203125 0.2887268140625 0.8632698453125001 0.291532365625 0.8468255062500001 0.27711365312499997 0.8376252203125001 0.2758211359375 0.862522378125 0.28255454062499996 0.862522378125 0.2831156359375 0.8737344171875 0.38748317656250003 0.9118553953124999
1 0.5670401796875 0.9671681796874999 0.6646742765625 0.9985618984375 0.7252748125 0.9940770921875 0.5692846359375 0.95296624375 0.5681624453125 0.946239009375 0.55806235625 0.9469864781249999 0.5513289125 0.9626833484375 0.5516942968749999 0.977486521875 0.5614290015625001 0.9836124937499999 0.5659179140624999 0.9761378171875 0.5670401796875 0.9671681796874999
1 0.21017059218749998 0.7044464078125 0.200070540625 0.698466640625 0.19950940781249998 0.7134160453125 0.19221490624999998 0.7089312390625 0.18884822343750002 0.69173943125 0.176503678125 0.6909919390625 0.1664035875 0.6932343671875 0.16789843124999998 0.703522915625 0.17762590625000002 0.703698940625 0.190531546875 0.7261230453125 0.2090483640625 0.7238806171875 0.21017059218749998 0.7044464078125
1 0.179861978125 0.667770090625 0.1669007828125 0.6707916125 0.16787285937500002 0.6820143843750001 0.1867778546875 0.6802140765625 0.190420834375 0.6645770265625 0.19689727031249998 0.6624201890625 0.197706821875 0.6723955562499999 0.208376646875 0.6716549015625 0.2087006875 0.6487776984375 0.1928231953125 0.6487776984375 0.1847224296875 0.6487776984375 0.179861978125 0.667770090625
1 0.234173546875 0.706184440625 0.233904225 0.8328338015625001 0.20400843281249997 0.8400094046875 0.200776465625 0.8690705843750001 0.21101104531249998 0.8697881421875 0.21154970624999997 0.8514903546875001 0.2446774828125 0.8461086578125 0.2446774828125 0.7169478453125 0.2853464984375 0.7162302890625 0.28561585625 0.649497196875 0.2736943515625 0.6496539640625 0.2743039171875 0.66528351875 0.26972530625 0.664924740625 0.26999462812499997 0.7054668828125 0.234173546875 0.706184440625
1 0.788573934375 0.60307874375 0.787461903125 0.6124605703125 0.78931530625 0.6307304312500001 0.8074783218749999 0.6257926281249999 0.8041422765625 0.608510325 0.8071076609375 0.60554764375 0.804883596875 0.5838213171875 0.7952460734375 0.58629021875 0.7833844875 0.5853026609375 0.556161234375 0.6045600875 0.556161234375 0.60159740625 0.5483771125 0.6025849640625001 0.549118434375 0.61838593125 0.5424462953125 0.6203610453125 0.5446703578125 0.6391247015625 0.55912666875 0.63517445625 0.55912666875 0.6213486031250001 0.788573934375 0.60307874375
1 0.8064404203125 0.3588623453125 0.79760696875 0.3597339859375 0.797934121875 0.40157285781249996 0.7969526171875 0.40680273125 0.796298309375 0.42379976875 0.820181396875 0.421184846875 0.8211629 0.3998295765625 0.8074219250000001 0.3976504890625 0.8106935921874999 0.3623489078125 0.8152739171875 0.3571190640625 0.8136380624999999 0.24729199531249998 0.7995699765625 0.2468561765625 0.7943353 0.2424979578125 0.77786065625 0.2451832859375 0.7776498562499999 0.2756204078125 0.7943353 0.27082636875 0.8028416 0.2669039703125 0.8064404203125 0.3588623453125
1 0.8241073703125 0.70030426875 0.8352309859375 0.6981251671875001 0.848317609375 0.7042266671874999 0.85649675625 0.6994326281250001 0.8708920375 0.6924594875000001 0.8692562265625 0.6850505109375 0.8555152515625 0.6841788703125 0.8466817984375 0.6806922937500001 0.8345766781249999 0.678077371875 0.8214900546875 0.67720573125 0.8159282250000001 0.6763340906249999 0.8093849343749999 0.68199976875 0.80676761875 0.6793848328125 0.8074219250000001 0.673719153125 0.7864833531250001 0.67720573125 0.7868105062499999 0.7072774234375 0.8034959515625 0.7037908453124999 0.8106935921874999 0.69681770625 0.8241073703125 0.70030426875
0 0.7444119515625001 0.24889154218749998 0.5704634484375 0.31594138437499997 0.573396628125 0.5987903859375 0.7538603140625 0.5868334265625 0.7444119515625001 0.24889154218749998
0 0.5777364203124999 0.6241768796875 0.5885140203125 0.9538013187500001 0.7633086453125 0.9978533265625 0.7514982156250001 0.6171180484375001 0.5777364203124999 0.6241768796875
0 0.413246946875 0.7070090453125 0.41751903749999997 0.941743359375 0.5323166203125 0.9826487828125 0.52806485625 0.7114142546875 0.413246946875 0.7070090453125
0 0.40525268593749997 0.419840990625 0.4142121375 0.6556306453125 0.5247579234375 0.6499668093750001 0.51578199375 0.3843961171875 0.40525268593749997 0.419840990625
0 0.2899345140625 0.42053365468750004 0.29614696875 0.6116796156250001 0.3726786703125 0.60538646875 0.367482071875 0.39267817968749996 0.2899345140625 0.42053365468750004
0 0.2940904984375 0.6664293859375 0.2980366359375 0.854897946875 0.37787526875 0.8781825984375 0.37504076875000003 0.662327715625 0.2940904984375 0.6664293859375
