2 0.304474 0.485549 0.01631635876750561 0.015207425911805572
2 0.299148 0.515927 0.013790672249741042 0.011246624525034577
2 0.288425 0.578245 0.01415454528527027 0.019059124525034575
2 0.446199 0.616329 0.01869649607105863 0.01604322729857639
2 0.467552 0.544091 0.018514559553293886 0.01213697729857639
2 0.473675 0.530156 0.008884848428423454 0.00645002175149294
2 0.57781 0.645202 0.011446922249741042 0.011192073138263935
2 0.607575 0.57707 0.016352746071058633 0.015988675911805573
2 0.617678 0.561663 0.01468108416039975 0.013608558320624908
2 0.716661 0.552236 0.021149407981717338 0.018441528685347208
2 0.769493 0.593352 0.012555657981717516 0.01824150693385427
2 0.751177 0.617171 0.014190932588823202 0.019840374525034753
2 0.719833 0.668842 0.010920383374611476 0.016642639342673606
2 0.699007 0.746567 0.012519270678164496 0.01746025693385427
2 0.672751 0.789753 0.014535534946188023 0.010483558320624909
2 0.660867 0.809811 0.014008996071058632 0.015934124525034576
2 0.632521 0.847474 0.015353172249740865 0.011282992116215241
2 0.505124 0.828867 0.0173159325888232 0.019913109707395904
2 0.527584 0.783246 0.01709760876750561 0.015225609707395903
2 0.533744 0.768529 0.017769696856846907 0.012900043502986236
2 0.561291 0.714424 0.015498721463952769 0.01440799211621524
2 0.431278 0.684806 0.013754284946188022 0.010465374525034755
2 0.408164 0.74449 0.014790246071058633 0.015952308320624907
2 0.402785 0.759225 0.018514559553293886 0.01213697729857639
2 0.386357 0.809678 0.01869649607105863 0.01604322729857639
2 0.245861 0.786856 0.016243584160399747 0.013644925911805572
2 0.255856 0.740163 0.015353172249741042 0.011282992116215241
2 0.26238 0.717634 0.018732883374611476 0.016824477298576567
2 0.276755 0.660875 0.02274829528527027 0.01925914627652787
2 0.31786 0.265309 0.014227319892376222 0.020621624525034753
2 0.376295 0.186113 0.016425520678164496 0.01755117591180557
2 0.431218 0.199123 0.02118579528527036 0.01922277868534721
2 0.482907 0.214404 0.014826633374611476 0.016733558320624998
2 0.536231 0.228158 0.01493579528527036 0.019077308320624996
2 0.82329 0.311485 0.018623721463952768 0.01448072729857639
2 0.778523 0.298712 0.016243584160399747 0.013644925911805572
5 0.450238 0.244145 0.019696069892376045 0.020748911094166635
5 0.530433 0.268692 0.018732883374611476 0.01682447729857639
5 0.825413 0.349857 0.01493579528527018 0.019077308320624996
5 0.896597 0.366374 0.019696069892376045 0.02074891109416672
1 0.335871 0.734986 0.11565073283649223 0.12053266517822933
1 0.59439 0.776198 0.09502786372990428 0.09664057028847228
1 0.675343 0.599764 0.0913570541766104 0.08484908510611114
1 0.377181 0.536513 0.13894052956950453 0.08439579663711819
4 0.433304678125 0.668700646875 0.422508796875 0.6900033421875 0.43135207500000006 0.6930830359375 0.43655367500000003 0.677876834375 0.44705985625 0.6627940984375 0.47553537187500006 0.6390290359375 0.499959646875 0.62331229375 0.5197325125 0.6022185375 0.527634434375 0.5904280265625 0.521172571875 0.58884069375 0.50731289375 0.605761284375 0.4877628703125 0.6220704546875 0.45151221875 0.646133525 0.433304678125 0.668700646875