1 0.20559435625 0.3432218125 0.23172923124999997 0.34117882499999996 0.20675590625 0.31598198437499997 0.20617513125000003 0.2921471375 0.1684247546875 0.18454982343749998 0.1620362296875 0.1913597796875 0.19862505625 0.29895709375 0.20559435625 0.3432218125
1 0.2973568078125 0.32074895468750003 0.314199284375 0.3241539328125 0.325234009375 0.3153009890625 0.314199284375 0.26967428125000004 0.2758681328125 0.17433488749999998 0.26309108281250004 0.17229190156250002 0.3066492078125 0.273079259375 0.310714634375 0.3098530234375 0.2996799078125 0.31325800312499996 0.2973568078125 0.32074895468750003
1 0.25031403124999996 0.27852722343749997 0.26018720625 0.2703552765625 0.25321790625 0.25401138125 0.24799093125 0.23766748437500002 0.24508705625 0.23153852343749998 0.24276395625 0.22949553749999999 0.23753698124999997 0.22540956250000002 0.23172923124999997 0.2213235890625 0.22766380625 0.21519462812499998 0.21662908125000002 0.217237615625 0.22243683124999997 0.2322195203125 0.23289078124999998 0.23630549374999998 0.24102163124999998 0.2580973546875 0.25031403124999996 0.27852722343749997
1 0.24044085625 0.38816752499999996 0.23637543125 0.373866615625 0.22766380625 0.3799955765625 0.21837140625 0.3684186515625 0.21024055625 0.3697806421875 0.25321790625 0.4909978703125 0.2636718578125 0.4889548828125 0.22940613124999998 0.3902105125 0.24044085625 0.38816752499999996
1 0.3833115109375 0.47261098749999997 0.39434623593749996 0.4698870046875 0.336849509375 0.346626790625 0.32929943437500003 0.34390280781250004 0.332203309375 0.3561607296875 0.3833115109375 0.47261098749999997
1 0.28864518281249996 0.3050860546875 0.2851605328125 0.29691410625 0.2805143328125 0.2921471375 0.2776104578125 0.29010415 0.2723834828125 0.286699171875 0.2671565078125 0.29282813281250003 0.27470658281250004 0.3050860546875 0.2810951078125 0.31461999375 0.2915490578125 0.3139389984375 0.28864518281249996 0.3050860546875
1 0.25844488125 0.3296018984375 0.2671565078125 0.3296018984375 0.2793527828125 0.3296018984375 0.2694796078125 0.3187059671875 0.25031403124999996 0.32142995 0.24218318125 0.3234729375 0.24508705625 0.3296018984375 0.25844488125 0.3296018984375
0 0.1922365296875 0.3684186515625 0.031942625 0.393615490625 0.0551736265625 0.5168757046875 0.22650225625 0.4801019390625 0.1922365296875 0.3684186515625
0 0.1765556046875 0.30372406406249997 0.129512828125 0.17229190156250002 0.001742325 0.1981697375 0.0209079 0.32279194218749996 0.1765556046875 0.30372406406249997
0 0.48082357968749995 0.24972496562500002 0.40700148125 0.1325227578125 0.2959416875 0.1478433078125 0.35277817031250003 0.2757699 0.48082357968749995 0.24972496562500002
0 0.3625775640625 0.3385841546875 0.41614758281249997 0.4596165 0.56248519375 0.42284717968749996 0.4951960234375 0.317135384375 0.3625775640625 0.3385841546875
0 0.2587039921875 0.5017480125 0.0614095328125 0.543113496875 0.084928078125 0.7070433828125 0.320113525 0.6534214578124999 0.2587039921875 0.5017480125
0 0.462531378125 0.47263896718750004 0.5219810328125 0.6181841921875 0.73626110625 0.5645622671875 0.6434935140625 0.42820937187499997 0.462531378125 0.47263896718750004
