1 0.3266651046875 0.6472817734375 0.31851784375 0.638673446875 0.304286471875 0.64489299375 0.29409571093750003 0.6568352421875 0.2824062296875 0.665922209375 0.2670326375 0.676385228125 0.253646334375 0.6911281359375 0.2377181375 0.7030036234375 0.2308054640625 0.708598871875 0.245601265625 0.7229602453124999 0.26200151875 0.7132186328125 0.273839575 0.69774825 0.2893947609375 0.6794832765625001 0.30745882343750003 0.6655042609375 0.3266651046875 0.6472817734375
1 0.44271484687499996 0.5478887421875 0.4702566640625 0.507769971875 0.49344420937500005 0.47540459999999995 0.510630184375 0.4543207625 0.503559109375 0.4443060359375 0.487251221875 0.472494696875 0.425370471875 0.5533626078125 0.416744465625 0.5653230625 0.428103778125 0.5704214640624999 0.44271484687499996 0.5478887421875
0 0.1852396890625 0.62648070625 0.0669688015625 0.5747328046875 0.0105417046875 0.6230289906250001 0.11154407343749999 0.6994070734375 0.1852396890625 0.62648070625
0 0.19774618593749999 0.6060518781249999 0.2668300765625 0.5295245453125 0.1633714984375 0.49142875156250004 0.0988729953125 0.5502729265624999 0.19774618593749999 0.6060518781249999
0 0.30665213593749996 0.522183853125 0.3543278453125 0.4688196109375 0.25034768125 0.4307177453125 0.204045309375 0.46990875781249997 0.30665213593749996 0.522183853125
0 0.37095921875000004 0.44914824062500003 0.4126333609375 0.4070655328125 0.3070389140625 0.37107326406249996 0.2605219328125 0.41948476718750005 0.37095921875000004 0.44914824062500003
0 0.43518529062500005 0.8727340421875001 0.48613594843749997 0.7683267500000001 0.3370321921875 0.6963551812500001 0.27029209062500004 0.784261153125 0.43518529062500005 0.8727340421875001
0 0.5130571296875 0.7324575203125 0.55718748125 0.652092525 0.4172906625 0.5880321546875 0.3634317890625 0.66047988125 0.5130571296875 0.7324575203125
0 0.584382621875 0.6268683921875 0.616691425 0.5612645109375001 0.48738470781250004 0.5129354984375001 0.4453308734375 0.5713313796875 0.584382621875 0.6268683921875
0 0.53648328125 0.4432702203125 0.505564328125 0.493991603125 0.50761765 0.49543441718750003 0.507096065625 0.4954283484375 0.6238682328125 0.5443209703125 0.654057675 0.4801113484375 0.53648328125 0.4432702203125
0 0.4437023421875 0.30756820625 0.49983931249999997 0.25160673437500003 0.3958864734375 0.2241610609375 0.3347539390625 0.2766122875 0.4437023421875 0.30756820625
0 0.6893558843750001 0.3767072484375 0.7274767015625 0.309489371875 0.60487159375 0.27630327656250003 0.5565829328125 0.3440932625 0.6893558843750001 0.3767072484375
