3 0.3714768109375 0.5477480124999999 0.3740409671875 0.56397284375 0.3894259484375 0.5836134515625 0.36122014375 0.6006922484375 0.3586559875 0.6075237437500001 0.359938065625 0.616063171875 0.3778872453125 0.6092316171875 0.40160575468750004 0.5878831640625 0.3977595203125 0.5716583328125 0.38237449687499997 0.558849221875 0.38301555781249996 0.551163759375 0.45288900937500004 0.5084667671875 0.447760696875 0.4785788875 0.4573763046875 0.47089342500000003 0.4498166671875 0.4597290078125 0.434939871875 0.4743092015625 0.4407092453125 0.4837025375 0.4439144625 0.5016352703125 0.3714768109375 0.5477480124999999
3 0.2054472 0.63911955625 0.2131397109375 0.672423184375 0.229165709375 0.6903558890625 0.2182680234375 0.6954795687499999 0.22275531875 0.708288653125 0.24519174999999999 0.6963334765625 0.239422378125 0.67754680625 0.22403739687500002 0.6638837578125 0.2176269640625 0.63911955625 0.2112165734375 0.6075237437500001 0.18124 0.613872746875 0.18557492343749998 0.6288722546875001 0.2054472 0.6194789187499999 0.2073703390625 0.632288003125 0.2054472 0.63911955625
3 0.3611657484375 0.623759771875 0.3736406375 0.6310554640625 0.4770908171875 0.6800986953125 0.48043773593749994 0.6890156468749999 0.4859145140625 0.691042234375 0.49991069374999997 0.6788827375 0.49991069374999997 0.674424275 0.4941296609375 0.6687498421875 0.48865288281249997 0.676045534375 0.4850017109375 0.671587059375 0.36420841249999997 0.6168694078125 0.3572103015625 0.6168694078125 0.344431159375 0.6278129328125 0.3441269046875 0.6229491421875 0.34716954843750003 0.61889598125 0.3407799875 0.6168694078125 0.3331733484375 0.623759771875 0.3265926875 0.6308649468749999 0.3331733484375 0.6371351984375 0.3359117375 0.630244834375 0.34656102031249997 0.635108625 0.3611657484375 0.623759771875
3 0.365121215625 0.7933769500000001 0.50812588125 0.8817358171875 0.5132983656250001 0.880114559375 0.5309457578125001 0.88822088125 0.532162815625 0.8959218734375 0.5199922 0.904838825 0.5300329546875 0.9129451468750001 0.54737609375 0.8934899859375 0.5425078640625001 0.8906527687500001 0.5403780031250001 0.8768720406250001 0.5364225359375 0.874845453125 0.3715107765625 0.77919089375 0.35751457656249996 0.7897291046875 0.35325485625 0.787297215625 0.3441269046875 0.7958088390625 0.34716954843750003 0.80310454375 0.35538471562499996 0.7986460546874999 0.365121215625 0.7933769500000001
3 0.8581650281250001 0.854313309375 0.8581650281250001 0.86444621875 0.8691185859375 0.8668781062500001 0.8782465359374999 0.8409378828125 0.8682057828125 0.8344528203125 0.8636418078125001 0.8417485125 0.660088365625 0.7525790015625 0.6640438109375 0.7436620515625 0.656741446875 0.74244610625 0.6451200953125 0.762469409375 0.6509604140625 0.7683863171875001 0.6543073328125 0.7623065828125 0.8581650281250001 0.854313309375
3 0.9315788421875 0.689730396875 0.9486176859375 0.699457978125 0.954398759375 0.6824347046875 0.7675798859375 0.6179894671875 0.7639286937499999 0.615557575 0.7545302453125 0.629526596875 0.7578433859375 0.637444634375 0.7627116359375 0.6309595781249999 0.9315788421875 0.689730396875
2 0.860181 0.945577 0.009375 0.01171875
2 0.835962 0.994015 0.00859375 0.01171875
2 0.874243 0.990109 0.0140625 0.0203125
2 0.910962 0.836202 0.00625 0.01015625
2 0.927368 0.800265 0.009375 0.0109375
2 0.943774 0.769015 0.0078125 0.0171875
2 0.962524 0.732296 0.01015625 0.01328125
2 0.936743 0.894015 0.02421875 0.01875
2 0.913306 0.992452 0.01796875 0.028125
5 0.951587 0.960421 0.009375 0.0140625
5 0.832056 1.0 0.01015625 0.009375
0 0.855141284375 0.866846478125 0.8373801406249999 0.8541008781249999 0.7672035421875 0.9943257031250001 0.7868601875000001 0.998460153125 0.855141284375 0.866846478125
0 0.9255490625 0.691035775 0.8779016390625 0.7819794375 0.8934200499999999 0.7923156046875001 0.9368716421875 0.7020465312499999 0.9255490625 0.691035775
1 0.8251389874999999 0.845485090625 0.6771966828125 0.7738210828125001 0.5540838515625001 0.9295524671875001 0.6792658 0.9977710546875 0.7428913328125 0.9998383015625001 0.8251389874999999 0.845485090625
1 0.78323925 0.6407186921875 0.705411175 0.7433682968750001 0.8478993406249999 0.8129879171875001 0.9161804046875 0.691710375 0.78323925 0.6407186921875
0 0.628055003125 0.7530382265625 0.5370369765625 0.8586515312499999 0.5747750890625001 0.88878635 0.669437478125 0.7743995906250001 0.628055003125 0.7530382265625
0 0.7342676609375001 0.62907195625 0.6667306156249999 0.7039292953125 0.70938495 0.7221150578125 0.7724648015625 0.6424469046875 0.7342676609375001 0.62907195625
1 0.5240581109375 0.6781510328125 0.39990038906250003 0.791784615625 0.5150508546875 0.86065766875 0.6378340890625 0.7210937625 0.5240581109375 0.6781510328125
1 0.63973035 0.569227196875 0.5547297734375001 0.6520732515625001 0.658218975 0.70752804375 0.747343496875 0.608380853125 0.63973035 0.569227196875
1 0.49656222968749997 0.5401776843749999 0.3988577671875 0.6103683671875 0.4880290234375 0.6525866015624999 0.5833164421875 0.57301625 0.49656222968749997 0.5401776843749999
1 0.36666796874999996 0.632378275 0.23298115312499998 0.723947315625 0.3164168921875 0.7883614328124999 0.4586368828125 0.6772155328125 0.36666796874999996 0.632378275
0 0.4671700890625 0.6778470624999999 0.36184468125 0.763981359375 0.3951119796875 0.78394085 0.4970362796875 0.695529353125 0.4671700890625 0.6778470624999999
0 0.5885311765625 0.57427926875 0.516674065625 0.636086378125 0.5444429953125 0.6525866015624999 0.61650110625 0.5869094890625 0.5885311765625 0.57427926875
0 0.31452063125 0.6165904906249999 0.241514359375 0.668374365625 0.25573634843750004 0.6980553890625 0.34012021875 0.6405879125 0.31452063125 0.6165904906249999
0 0.45579249062500005 0.53259955625 0.4019856328125 0.5665782390625 0.4145487015625 0.5906985625 0.481392078125 0.5452297749999999 0.45579249062500005 0.53259955625
0 0.284654440625 0.559754521875 0.216398896875 0.5964667390625 0.2296626796875 0.6487975484375 0.302194903125 0.6064863265625 0.284654440625 0.559754521875
0 0.431615115625 0.47260604375000004 0.388475034375 0.4984979921875 0.3889491140625 0.5294420109375 0.4377779796875 0.5010240265625 0.431615115625 0.47260604375000004
3 0.5894793375 0.5717532328125 0.6008569046875001 0.57301625 0.60749385 0.5723847421875 0.6084419484375 0.5660696328125 0.49324375781249996 0.5269159765625 0.48234024062499997 0.531968046875 0.4713200046875 0.5269585984375 0.481866190625 0.539546175 0.49419191875 0.5363886296875 0.5894793375 0.5717532328125
5 0.876587 0.908859 0.00859375 0.0140625
4 0.26135731562500003 0.7928101421875 0.31507918749999997 0.8395084640625001 0.374264315625 0.8722579375 0.4161491671875 0.89651679375 0.46622888749999997 0.9322986375 0.48671602968750005 0.95534453125 0.4753342640625 0.9268403875000001 0.44346535625000005 0.9104656406249999 0.398848890625 0.871044978125 0.33101364218749996 0.8449667140624999 0.27638123281250004 0.7928101421875 0.22083825468749999 0.755208890625 0.168937459375 0.74793123125 0.1516371984375 0.7157882375 0.1427354140625 0.7163343078125 0.171669071875 0.75399595 0.21810664218750003 0.764305978125 0.26135731562500003 0.7928101421875
4 0.378817003125 0.4375376453125 0.3533218890625 0.435718225 0.327371490625 0.44238941406250004 0.2950473 0.44238941406250004 0.285918834375 0.4433179015625 0.2904946109375 0.45512532187500004 0.4275309328125 0.4399635234375 0.40112525000000004 0.4369311640625 0.378817003125 0.4375376453125
3 0.3447147390625 0.5357941515625 0.34577324531250003 0.527803921875 0.34083358124999996 0.5245138390624999 0.334482590625 0.5306240078125 0.32919010625 0.5207537296875 0.333776928125 0.5113534640624999 0.326720275 0.5057133078125 0.3189579703125 0.512763515625 0.3143711359375 0.5207537296875 0.324956128125 0.5287439609375 0.32919010625 0.5456644296875 0.3447147390625 0.5357941515625
3 0.3642640078125 0.5080146390625 0.35738089375 0.514046940625 0.3604601828125 0.5234573390625 0.37404529375 0.5188727859375 0.371509403125 0.5113927265625 0.3677055765625 0.500051996875 0.351584575 0.4995694140625 0.3410787625 0.5010171671875 0.3325654234375 0.5043952546875 0.3441580515625 0.5087385125 0.3566563453125 0.5048778375 0.3599167734375 0.505360425 0.3642640078125 0.5080146390625
5 0.399243 0.50964 0.00703125 0.00703125
5 0.417212 0.500265 0.00546875 0.00859375
5 0.434399 0.490109 0.00546875 0.00703125
6 0.364868 0.561202 0.009375 0.01640625