2 0.20040418313280822 0.6109709074690517 0.02695436960011337 0.03404376339268058
2 0.15932780454702017 0.5351720665596613 0.029779269237293703 0.02550456047058134
2 0.12793396080762243 0.4951198108776184 0.02528274219545166 0.030891489853730292
2 0.06548357922660947 0.38299768628300784 0.03452133293962454 0.027148881087432297
2 0.377938939208076 0.356462865262415 0.025146332939624472 0.026985239853730292
2 0.4139706645284867 0.509646366480231 0.02998016587924912 0.05361592370110611
2 0.43609614647231937 0.6138838530875503 0.022457842558271324 0.03943069277582971
2 0.27712788503957403 0.6720935937520596 0.018650796279135663 0.01984489569792878
2 0.3037796650766409 0.7137901700509535 0.019977683302444225 0.03548353246740419
2 0.46032233095589004 0.6579650896948698 0.02900794292109108 0.048133536931630874
2 0.47228412841615197 0.7178758778443168 0.023665678493120977 0.029301716314779826
1 0.09208682968750001 0.37768270625 0.324990775 0.7225976046875 0.4504387140625 0.7120657453125 0.35654131875 0.356382321875 0.09208682968750001 0.37768270625
2 0.6798585593563435 0.519839978089198 0.026899805897782514 0.03248126339268076
2 0.6683729331328083 0.602802482553425 0.02937996515360979 0.036428423701106105
2 0.6515103261465665 0.6608740811734531 0.021912205534962936 0.023805692775829536
2 0.6417608147138212 0.7164791988682049 0.02261160998146643 0.021475579545304768
2 0.8216392876719791 0.7078739918889158 0.019759428493120623 0.02923353246740401
2 0.8473138994675443 0.6434023888046607 0.03402282513507622 0.05759035754848192
2 0.9026115238769812 0.6026177017108739 0.021966769237293703 0.025368192775829534
2 0.9437573682493511 0.5199182500065905 0.029779269237293703 0.02550456047058134
2 0.7068278310407081 0.3288604220828436 0.029717271051392304 0.06844603693163087
1 0.707941746875 0.5017977984375 0.6616272984375 0.7236733906249999 0.8037141796875 0.71424145625 0.9275226765625 0.5118685937499999 0.707941746875 0.5017977984375
1 0.73589413125 0.29831739062499996 0.7145913109375 0.4307733921875 0.9332750171875001 0.43668877031250003 0.9783976624999999 0.27879052031249996 0.73589413125 0.29831739062499996
3 0.4976152921875 0.704290478125 0.488037315625 0.6502336390625 0.48546864218749997 0.604396609375 0.4993187484375 0.595812696875 0.4977672109375 0.580545825 0.476156325 0.5725808875 0.45699728906250003 0.524252725 0.4605892734375 0.4810888796875 0.45380013437500005 0.43671587812499996 0.4350783359375 0.375866846875 0.4102899578125 0.3693477328125 0.40589791406250003 0.4055737453125 0.4153559765625 0.4332158453125 0.4287915921875 0.4663499546875 0.43516932812500003 0.4926554625 0.44300143593749997 0.537010259375 0.4510764546875 0.5744090171875 0.45750277031250003 0.5993233171875 0.4746017 0.6170995296874999 0.4795963890625 0.6531616953125 0.48454249687499995 0.69061506875 0.4976152921875 0.704290478125
3 0.625952315625 0.6408745265625 0.6199829 0.6924220265625001 0.637664815625 0.693503746875 0.638102053125 0.680982878125 0.6378849765625 0.65735055625 0.6402396625 0.6197697468750001 0.6482691859374999 0.598774196875 0.6537041984374999 0.5625299796875 0.65710185625 0.5249309640625001 0.658510734375 0.48458594374999997 0.665183046875 0.4427586921875 0.666300434375 0.41076091875 0.6671749109375 0.3857191828125 0.6732156578125 0.361977628125 0.6715183734375 0.3508843765625 0.6505618015625 0.3540308953125 0.634917246875 0.35430397187499996 0.6286594234375 0.3544132015625 0.62101855625 0.364279090625 0.6173066609375 0.381028196875 0.6166750953125 0.399113896875 0.6158977812499999 0.4213732171875 0.6118458125 0.447860775 0.6111656640625001 0.4673376828125 0.6099996953125 0.5007266640625 0.6071364421875 0.5230223953124999 0.6017985921875 0.556484196875 0.5994439046875 0.5940650062499999 0.6116680578125 0.602193790625 0.6268753734375 0.6144415828125 0.625952315625 0.6408745265625
5 0.5764185900263827 0.4412258287378211 0.03250496515360979 0.03648297077900686
5 0.5186333718775481 0.44145369967898374 0.030215778855940557 0.03800456047058134
4 0.7785340578125 0.7786375171875 0.8095575109375 0.7558502484375 0.8219046625 0.73060825625 0.7970677015625001 0.72548035 0.756634765625 0.719234309375 0.7180448625 0.7199079 0.6813465703125 0.7261099078125001 0.6002377921875001 0.720573871875 0.559173290625 0.7324135296875001 0.5192261765625 0.7122554156249999 0.39363249218749996 0.7269608984375 0.3706871453125 0.7273614109375 0.336269121875 0.7279621796875 0.31591828125 0.743611359375 0.299302084375 0.7717085875 0.3059227296875 0.79105805625 0.3306625265625 0.79896838125 0.3848969859375 0.7980217140625 0.4349595640625 0.79714786875 0.4855079625 0.7823619468749999 0.5305500171875 0.776014296875 0.6502001187500001 0.7822679546875 0.756437353125 0.7845846562500001 0.7785340578125 0.7786375171875