1 0.468538 0.29033 0.31953125 0.1421875
1 0.836507 0.305174 0.259375 0.125
1 0.877132 0.477049 0.26015625 0.11796875
1 0.527913 0.473143 0.296875 0.12421875
1 0.470101 0.656737 0.29609375 0.12265625
1 0.821663 0.647362 0.26796875 0.1140625
0 0.513851 0.384862 0.23984375 0.04375
0 0.853694 0.393455 0.2078125 0.04765625
0 0.849007 0.566112 0.196875 0.04140625
0 0.509163 0.567674 0.23828125 0.040625
0 0.839632 0.733299 0.175 0.04140625
0 0.499007 0.74658 0.203125 0.0453125
3 0.30680317343749997 0.5409113734375001 0.28109622500000003 0.5392728531250001 0.28300043750000003 0.550742403125 0.32584535 0.5491039015625 0.329653771875 0.5387266859375 0.3334621953125 0.531080325 0.329653771875 0.52671096875 0.3267974234375 0.35412158125 0.282798296875 0.3499437015625 0.28300043750000003 0.36286028593749997 0.307755246875 0.3617679421875 0.3048989625 0.5338111609375 0.30680317343749997 0.5409113734375001
3 0.6790776000000001 0.39617659375000003 0.682886021875 0.5338111609375 0.656227 0.5343573296875 0.6571790734375 0.5420037078125 0.6733649015625 0.5430960421875 0.6971676390625 0.5409113734375001 0.7009760609375 0.53326499375 0.703832409375 0.37159898125 0.68764651875 0.35794476249999996 0.6628569078125001 0.357758634375 0.66574805625 0.3688681453125 0.6847902968749999 0.3694143125 0.6790776000000001 0.3808838546875 0.6790776000000001 0.39617659375000003
3 0.5924356984375 0.36906375625 0.627663703125 0.3685176078125 0.628615840625 0.3603250421875 0.6143342234375 0.3581403734375 0.6105258015625 0.3499478453125 0.6133820859375 0.1882818328125 0.627663703125 0.18664333125000002 0.626711628125 0.1789969609375 0.5867230640625001 0.176266115625 0.5914836234374999 0.20575923281250003 0.5895794125 0.3625097484375 0.5924356984375 0.36906375625
3 0.9209131359375 0.367971421875 0.9199610625 0.37397928125 0.9532847921875 0.37397928125 0.9532847921875 0.36906375625 0.9447158734375 0.3663329015625 0.9494763703125001 0.20903625468749998 0.9599495625 0.20739775312500003 0.9666143359375001 0.2002975515625 0.95423699375 0.2002975515625 0.9399553781250001 0.2002975515625 0.9275779078124999 0.1997513828125 0.932338403125 0.20794392031250003 0.9332906046874999 0.242352553125 0.92852998125 0.3668790859375 0.9209131359375 0.367971421875
3 0.9209131359375 0.6791797640625 0.892349903125 0.6802720984375 0.8913978281249999 0.6966571546875 0.8913978281249999 0.7075805374999999 0.9209131359375 0.703757346875 0.9152004390625 0.6988418234375 0.9066315203125 0.697203340625 0.9056794453125001 0.6906492953125001 0.9342426796875 0.6911954812500001 0.9390031750000001 0.685187621875 0.9399553781250001 0.538814321875 0.9523327187499999 0.536629653125 0.9507800984375001 0.5290860203125 0.9085357953125 0.53062179375 0.9171047140624999 0.5382681546875 0.9228174109375 0.539360490625 0.9209131359375 0.6791797640625
3 0.561016115625 0.697203340625 0.5581598296875 0.7152269171875 0.5629203265625 0.725057928125 0.5895794125 0.7261502984375 0.5943399078125 0.717957734375 0.57815408125 0.7124960609375 0.58005829375 0.7086728718749999 0.606717315625 0.7092190578124999 0.608621525 0.545914515625 0.6295679140625 0.54482218125 0.6272591328125 0.5326929140625001 0.5838667156249999 0.5360834859375 0.5924356984375 0.5573840671875 0.5914836234374999 0.6977494890625 0.561016115625 0.697203340625
3 0.717161953125 0.74161829375 0.7409646890625 0.7448952984375 0.9132962906250001 0.736156603125 0.9428115984375 0.7476261531249999 0.9856565765624999 0.7465338187499999 0.9818481531250001 0.7356104359375 0.95138064375 0.7367027703125 0.9332906046874999 0.7334257484375 0.9066315203125 0.7285102234374999 0.736204065625 0.738341271875 0.7247787984375 0.717586859375 0.70859290625 0.7121251671875 0.6552748625 0.71649450625 0.6514664390625 0.7093943125 0.616789196875 0.7124363812500001 0.6238552796875 0.72141003125 0.639089034375 0.7208638640625 0.70859290625 0.7192253609375 0.717161953125 0.74161829375
3 0.36964233750000003 0.7705652546875 0.387732378125 0.773296071875 0.351552234375 0.7738422578125 0.35726493125 0.7880426453125 0.3829718171875 0.786950309375 0.40582241718749995 0.7825809718750001 0.40201399374999996 0.7727499234375 0.374402834375 0.7585495359375 0.3677381265625 0.7399797734375 0.35821700624999997 0.724687053125 0.321537053125 0.7292685453125001 0.3267974234375 0.7399797734375 0.3477438109375 0.738341271875 0.352504371875 0.76510354375 0.36964233750000003 0.7705652546875
3 0.66765233125 0.7683805484375 0.6733649015625 0.7787577828125001 0.678125525 0.78421945625 0.68955079375 0.785311790625 0.706688759375 0.7820347859375001 0.7190661 0.7814886375000001 0.703832409375 0.771111403125 0.6924071421875 0.7683805484375 0.6924071421875 0.762918875 0.7076408328125 0.7623726890625 0.7026426578125 0.7527133453125 0.6809817453125 0.7530878265625 0.66670013125 0.7530878265625 0.6590832843750001 0.7623726890625 0.66765233125 0.7683805484375
3 0.770479996875 0.77001906875 0.7409646890625 0.775480778125 0.7523899578125001 0.7803962656250001 0.77428841875 0.777665446875 0.7866658875 0.771111403125 0.7866658875 0.761826540625 0.783809540625 0.754726346875 0.772384271875 0.7481723031249999 0.760006803125 0.7487184890624999 0.737193440625 0.7509098984375 0.7428688375 0.7596418703125 0.7561983796875 0.7596418703125 0.770479996875 0.761826540625 0.770479996875 0.77001906875
5 0.507601 0.977049 0.0265625 0.0125
5 0.562288 0.97158 0.0203125 0.01484375
5 0.609944 0.966893 0.025 0.01328125
5 0.759163 0.950487 0.021875 0.01328125
5 0.785726 0.944237 0.01953125 0.0171875
5 0.844319 0.943455 0.01796875 0.0125
5 0.888851 0.937987 0.02421875 0.00859375
5 0.927913 0.933299 0.01953125 0.01171875
2 0.828694 0.394237 0.0171875 0.009375
2 0.497444 0.388768 0.02265625 0.00859375
2 0.418538 0.385643 0.0234375 0.00859375
2 0.497444 0.56533 0.0234375 0.01015625
2 0.423226 0.568455 0.02578125 0.009375
2 0.825569 0.559862 0.0234375 0.01171875
5 0.963069 0.786424 0.01875 0.01015625
5 0.916976 0.787987 0.01796875 0.01015625
2 0.876351 0.791893 0.01953125 0.01015625
2 0.606819 0.809862 0.02109375 0.0109375
2 0.557601 0.812987 0.02734375 0.01015625
2 0.503694 0.819237 0.02265625 0.0125
2 0.441976 0.787987 0.01953125 0.01171875
2 0.512288 0.784862 0.01875 0.0140625
2 0.580257 0.781737 0.01953125 0.009375
4 0.9053466203125 0.8049639609374999 0.8832049609375 0.8222014906249999 0.8436663140625 0.8312739171875 0.7756600609375 0.85032591875 0.725050584375 0.8512331859375 0.67602280625 0.840346284375 0.671278134375 0.834902865625 0.6681149484375 0.8149435953124999 0.6649519765624999 0.8095001765625 0.642810315625 0.7922626171875 0.6206686578125 0.8049639609374999 0.6206686578125 0.8267377046875 0.6206686578125 0.853047659375 0.6823489640625 0.8639345015625001 0.7440290578125001 0.8630272937499999 0.8436663140625 0.85667660625 0.8832049609375 0.8512331859375 0.9053466203125 0.8330883921875 0.91641745 0.8212942828124999 0.9622822546875 0.8085929078125 0.9875868875 0.8049639609374999 0.9828067078125 0.7869949421875 0.9622822546875 0.781375746875 0.938559109375 0.79135538125 0.9053466203125 0.8049639609374999
3 0.353387684375 0.16931405 0.386600065625 0.1729430125 0.422975634375 0.1756647375 0.4593512015625 0.18020092031249998 0.47674819062499996 0.165685103125 0.47674819062499996 0.159334415625 0.47042192656250004 0.14935478124999998 0.4419542140625 0.1502620328125 0.4213940421875 0.15207650625 0.396089409375 0.15298374374999998 0.3945078171875 0.15570546875 0.38976325156249997 0.1575199421875 0.353387684375 0.15661270624999998 0.2996151265625 0.15661270624999998 0.27323053750000004 0.15390400937499998 0.288544403125 0.170221303125 0.31226754843750004 0.170221303125 0.315430628125 0.1684068140625 0.353387684375 0.16931405
4 0.22686409687500003 0.8696691281250001 0.27905505937499997 0.9316525546875001 0.334409103125 0.9398176843750001 0.35496927500000003 0.9243946296875001 0.35496927500000003 0.8871978171875 0.350224603125 0.853629953125 0.323338378125 0.8445575546875 0.2426795984375 0.80373178125 0.2379349265625 0.5654527390624999 0.23477184687500002 0.3663305984375 0.24742427031249997 0.3128034515625 0.222794975 0.2957004015625 0.22053793906250002 0.39641507656249997 0.217374859375 0.730861484375 0.22686409687500003 0.8696691281250001