2 0.092254 0.900185 0.0369756151776464 0.0402901833024444
2 0.164934 0.702269 0.040554379445670106 0.033395342558271326
2 0.191492 0.636118 0.04037244292790554 0.029489092558271323
2 0.25896 0.477018 0.04952911910658777 0.02512897477225664
2 0.241693 0.374238 0.03490369292790554 0.02929811960011346
2 0.287325 0.248695 0.03888271753501123 0.030997028855940557
2 0.312194 0.196525 0.03624786910658777 0.024665183302444226
2 0.350741 0.086334 0.038591619106587774 0.024747028855940545
2 0.526058 0.216473 0.0348309183207995 0.02773561960011346
2 0.490219 0.334558 0.03085189371369381 0.026036710344286274
2 0.476612 0.360602 0.04168023180303493 0.02407490626060227
2 0.438449 0.495766 0.03848245719592924 0.022403278855940557
2 0.475771 0.560247 0.044205918320799495 0.028063001814098598
2 0.425636 0.723072 0.03653896753501122 0.030915183302444405
2 0.417263 0.760999 0.030997442927905537 0.029161710344286183
2 0.361897 0.945481 0.04413314371369381 0.026500501814098597
2 0.638945 0.312452 0.03599315798171734 0.019196433302444228
2 0.582911 0.566329 0.030669957195929066 0.02213046034428636
2 0.690491 0.615324 0.036138707195929064 0.022321433302444228
2 0.73975 0.40021 0.029180231803034928 0.02363839664195542
2 0.612948 0.625096 0.025055657981717338 0.01881448738612832
2 0.578382 0.770525 0.03230523180303493 0.02374752404661713
2 0.571062 0.797569 0.027163967535011223 0.03058780108845909
2 0.709979 0.7993 0.043951207195929064 0.022594251814098597
2 0.726833 0.692251 0.03255994292790545 0.02921627404661713
2 0.69761 0.851907 0.03679367865988183 0.0363839333024444
2 0.680865 0.961299 0.02650899607105863 0.016525301088459086
2 0.546345 0.953482 0.0212221825888232 0.020240578130301046
5 0.536113 0.063948 0.04022689371369381 0.026364092558271414
5 0.596655 0.12456 0.03266910483856411 0.03156002404661713
5 0.643005 0.165178 0.04011773180303493 0.024020342558271412
5 0.693845 0.218432 0.044205918320799585 0.028063001814098508
5 0.72308 0.260012 0.03475814371369372 0.02617311960011337
5 0.765525 0.300493 0.042298815963434676 0.03735615626060227
5 0.804407 0.33149 0.03490369292790545 0.02929811960011337
4 0.2365613796875 0.36752199218750004 0.209739984375 0.385172459375 0.2272365609375 0.40823940781249995 0.2783694578125 0.386954325 0.3391278359375 0.3583690125 0.37038421875 0.3252426484375 0.39867586875 0.3158977609375 0.412801315625 0.291726546875 0.4484277125 0.2445193765625 0.4759638578125 0.2115229296875 0.4914296046875 0.198447471875 0.5428224109374999 0.17158203125 0.549377428125 0.150460821875 0.5768485953125 0.11885946249999998 0.5959696046875 0.10704917968750001 0.6265112375 0.08926880000000001 0.64018184375 0.07486320937499999 0.6710483640625 0.050107382812500004 0.6588072578124999 0.0338210078125 0.6251951609375 0.037780409375000004 0.58466240625 0.0308389234375 0.5082841 0.1156825046875 0.4345456421875 0.18372006093749998 0.40527933281250006 0.2139912875 0.37049764375 0.24306229531249998 0.3413612890625 0.27054334375 0.30272940625 0.30253444375 0.2809035734375 0.33254584375 0.2365613796875 0.36752199218750004
1 0.5483554640625 0.5711282171875001 0.685956971875 0.966062471875 0.8929500062500001 0.9476915546875 0.7998944625 0.7127688671875 0.7158146265625 0.48449684218750005 0.5483554640625 0.5711282171875001
1 0.74131994375 0.4153579859375 0.6362424515625 0.1195710234375 0.5056607843750001 0.211878709375 0.5963771453125 0.4970246125 0.74131994375 0.4153579859375
1 0.440616190625 0.9704515015625 0.3703203859375 0.6455935296875001 0.2958264234375 0.6899795234375 0.3510055890625 0.9805448718750001 0.440616190625 0.9704515015625
1 0.40069130937499997 0.5916057859375 0.3528634203125 0.34256833124999997 0.283300040625 0.40071034843750003 0.32126676249999997 0.6222357578125 0.40069130937499997 0.5916057859375
3 0.4806287578125 0.9389607078125 0.5098190265625 0.9339197671875 0.43779219999999996 0.6613579078125 0.4937006765625 0.6352759703124999 0.5207425999999999 0.630310053125 0.608792978125 0.9272462421875 0.623169971875 0.9178966781250001 0.5257662109375 0.5915273140624999 0.4139867828125 0.64288555625 0.4806287578125 0.9389607078125
3 0.55358656875 0.5237973296875 0.4827324953125 0.2721068109375 0.472989896875 0.27405566875 0.541658103125 0.5266268390625 0.55358656875 0.5237973296875
3 0.4319424265625 0.53367546875 0.45025042812500005 0.578078003125 0.49700268281250004 0.5643805921875 0.48919728124999995 0.5477624640625 0.5122802203125 0.5356959265625 0.48711443593750003 0.5003803796875 0.4319424265625 0.53367546875