2 0.684781 0.75861 0.026326720779006864 0.03200015775927412
2 0.470567 0.935242 0.03649660754848192 0.03307692445232178
2 0.360095 0.786035 0.02466876339268076 0.0264859436526514
2 0.325683 0.740138 0.030110239853730292 0.02508256802583091
2 0.257531 0.64207 0.02953354139585791 0.036778585972519554
2 0.183757 0.580122 0.02623126339268076 0.026531407759274296
2 0.135545 0.504923 0.023860239853730293 0.02490071159934022
2 0.550636 0.641358 0.026272173701106107 0.028875157759274118
2 0.522965 0.623404 0.01856876785690744 0.03489783722616089
2 0.429291 0.54093 0.020803423701106282 0.028716033386094963
3 0.24461241406249998 0.69364205 0.4378078328125 0.573155403125 0.4308092515625 0.531773621875 0.4484194125 0.5181310390625 0.462305053125 0.5519923109375 0.48422197499999997 0.5680718328125 0.5005307625000001 0.5736936375 0.512868809375 0.585633990625 0.4590063515625 0.6303921625 0.36112971875 0.7086137109374999 0.32191620625 0.7435035890624999 0.3303733109375 0.756617834375 0.53606465625 0.5837352859375 0.4837063546875 0.5423204890625 0.44940648593750004 0.5168729453124999 0.3498924578125 0.578318228125 0.2493240078125 0.6448801 0.2307043234375 0.6610669421875001 0.243692690625 0.69104165625 0.24461241406249998 0.69364205
4 0.7238665265625001 0.47581267499999996 0.8364690250000001 0.5235112015625 0.8586503609375 0.52521428125 0.8834316765624999 0.514300978125 0.883800721875 0.493158321875 0.8665056484375 0.48419372968749996 0.8335012015625001 0.4663106828125 0.7853588046875 0.45221784375 0.73404500625 0.43803272812499994 0.6867323625 0.421848696875 0.6489892703125 0.40277009843749995 0.5803434968750001 0.38173465625 0.533233828125 0.3539221609375 0.5037876781249999 0.35941138281249996 0.5308731296875 0.3982756 0.6080372734374999 0.43119326874999997 0.6486934328125 0.46516400312500006 0.7238665265625001 0.47581267499999996
5 0.107142 0.400227 0.019118192775829358 0.021639319279472248
5 0.162297 0.380645 0.02614944277582971 0.02184390775927412
5 0.218315 0.365727 0.02072160308425506 0.024028533386094786
5 0.266507 0.350255 0.02384660308425506 0.024119461599340218
5 0.311602 0.336436 0.019118192775829712 0.021639319279472158
5 0.349651 0.322041 0.02375114569792878 0.01865071159934022
5 0.390921 0.313024 0.019967626623205347 0.025568301332783518
5 0.425818 0.297157 0.021407395697928776 0.018582515439406144
1 0.506342946875 0.940146415625 0.8307161031250001 0.5349781765625 0.7205106046875 0.48629172499999995 0.60620989375 0.5813292 0.5917171734375 0.593599540625 0.5730024734375 0.5750746140625 0.3341672140625 0.80610090625 0.506342946875 0.940146415625
2 0.804529 0.633189 0.01754205600635439 0.02081260517284953
2 0.673369 0.552587 0.027725579545304767 0.022670621865896835
2 0.647987 0.53144 0.026149442775829534 0.02184390775927412
2 0.550843 0.47408 0.02610853246740419 0.019500157759274293
2 0.665609 0.421497 0.0245460324674041 0.019454693652651577
2 0.743703 0.462215 0.02078978693163096 0.027934783386094963
2 0.787067 0.483621 0.02235228693163096 0.027980247492717502
1 0.3520938671875 0.4607645171875 0.13343164375 0.5813224640625 0.17508302656250002 0.6491675875 0.41329030624999996 0.49956359062500005 0.37012643437500004 0.47292357812499997 0.3520938671875 0.4607645171875
2 0.531552 0.398821 0.01517103246740419 0.019181909012915454
2 0.551246 0.407628 0.016034103084255236 0.023892141066226814
1 0.5832375078125 0.44316370781250003 0.5125637796875 0.40197353125 0.4185271640625 0.4722165578125 0.47616305312499996 0.5198681515625 0.5832375078125 0.44316370781250003