2 0.6752900113084191 0.585545729751216 0.016402927973732773 0.015389387023308564
2 0.6807930608334493 0.5552133890070431 0.013854460085908116 0.011401291469812235
2 0.6918810470386394 0.4929862075186974 0.014263895861557074 0.019213791469812235
2 0.5343075644514939 0.4530457098809501 0.01878762155129756 0.016252482576804894
2 0.5125310617379604 0.5250744773041452 0.01858290366347326 0.012346232576804894
2 0.5063253273417926 0.5389460043459873 0.008921298620519024 0.006550100362819755
2 0.4028462025111348 0.4226265451828274 0.011510710085908293 0.011319445916316085
2 0.3726806676854257 0.49044896224320284 0.016443871551297562 0.016170637023308565
2 0.36248679613412815 0.5057465800292176 0.014758540818602839 0.013772323320977619
2 0.263435142470655 0.5140278167823737 0.021254202283992107 0.018678078130301045
2 0.21083576492646366 0.47227433720079387 0.012660452283992107 0.018377977767481467
2 0.22929251583097487 0.4486557879264332 0.014304839439121864 0.019995041469812236
2 0.26094198552782155 0.39732146641955407 0.011016065128862352 0.016760914065150522
2 0.28222384328430916 0.3197966671451935 0.012619508706427317 0.017596727767481467
2 0.30873543362794215 0.27689240453132175 0.014594766508343326 0.010647323320977708
2 0.320737466644629 0.25696185044763775 0.014100121551297562 0.016088791469812236
2 0.34930620194530787 0.2196081833872623 0.015416960085908293 0.01145585517214318
2 0.47661233039401035 0.23970740697839243 0.017429839439121863 0.02010416887447395
2 0.45388415931768267 0.2850918288480913 0.017184177973732773 0.01541666887447395
2 0.44763748134395004 0.29974460588993335 0.01784259724103805 0.013100200725639333
2 0.41977143091440877 0.35355908665263963 0.015580734396167629 0.014580855172143182
2 0.5496293492772029 0.3847049376484315 0.013813516508343327 0.010620041469812236
2 0.5730945047496985 0.32525801577873265 0.014881371551297562 0.016116073320977708
2 0.578559932723431 0.3105779568857252 0.018582903663473083 0.012346232576804894
2 0.595283765265148 0.2602877802067029 0.01878762155129756 0.016252482576804894
2 0.735666425826026 0.2847570452676454 0.01632104081860284 0.013826887023308565
2 0.7253973111721335 0.3313592267559911 0.015416960085908116 0.01145585517214318
2 0.7187411974227521 0.3538245037978331 0.01882856512886235 0.017033732576804805
2 0.7040335662605162 0.4104465260303517 0.022857645861557075 0.01951389183263199
2 0.660618922435124 0.8057491023465543 0.014345783016686653 0.020776291469812237
2 0.6017142339459418 0.8843081227649744 0.016525758706427317 0.017733137023308386
2 0.5468596376094149 0.870652361332229 0.021295145861557074 0.019459328130301046
2 0.49525287200558277 0.8547619773041453 0.014922315128862352 0.01689732332097762
2 0.4420017192466208 0.8403795295737307 0.015045145861557075 0.01924107332097762
2 0.15538918984797861 0.7536681809401916 0.01870573439616776 0.014689982576804895
2 0.20008753618450545 0.7669692783077864 0.016321040818602927 0.013826887023308565
5 0.5280996715306129 0.8253845013507624 0.01981453301668683 0.020967264427970277
5 0.4480370352799943 0.7998909388295579 0.01882856512886235 0.017033732576804895
5 0.1534891751486575 0.7152505216843645 0.015045145861556985 0.01924107332097762
5 0.08239210312239018 0.697896841377145 0.019814533016686765 0.020967264427970277
1 0.6453413189740497 0.3356077279371174 0.11633873021229632 0.12181549101432534
1 0.3870275299644691 0.2913666214990299 0.09557917288534998 0.09769594473518968
1 0.3050361442796773 0.46695440934064514 0.0918400192218769 0.08586806733052796
1 0.6028694566950062 0.5337079220393349 0.13941438206674714 0.08596976025161904
4 0.5181244484375 0.3608172234375 0.529045896875 0.339628571875 0.5202193609375 0.3364443375 0.51492846875 0.3515982671875 0.5043329953125 0.366566959375 0.47571517031250005 0.3900136453125 0.45119602187499996 0.405454778125 0.4312975875 0.426329946875 0.42332590625 0.4380349234375 0.42977939843749996 0.4396982859375 0.44373953125 0.42292975625 0.4633872171875 0.406839171875 0.49978296875000006 0.383184765625 0.5181244484375 0.3608172234375