4 0.707634925 0.06279423125 0.6417867671875 0.082415253125 0.474884221875 0.082469159375 0.32408404062499996 0.0778587984375 0.20789547343749998 0.08374325625 0.1826998484375 0.08429253125 0.192438565625 0.10226572812500001 0.2749423375 0.0898588984375 0.4565499078125 0.102919540625 0.631941621875 0.1099372828125 0.710548959375 0.093506171875 0.707634925 0.06279423125
6 0.7669136339937841 0.27567311931301425 0.02705480562435252 0.02779376339268058
6 0.7323224642252424 0.3039520779171564 0.029235889784752268 0.04110228693163087
5 0.5344543525622527 0.39651390462308733 0.03764770326698752 0.03734604139585782
5 0.5349552743977088 0.5581099236978109 0.03252355562435252 0.027889220779006862
5 0.534745566787495 0.6876883295420095 0.024038967535011224 0.030082966314779823
5 0.5373333734453049 0.8102900324641087 0.019315080231458382 0.029219895697929044
6 0.7038486695591446 0.5306139894433979 0.027763281017246656 0.026244900162155815
6 0.6827656898230243 0.6980781789728165 0.021840766749222952 0.03316705600635448
6 0.6704369718737283 0.8188582832748879 0.02024187944567011 0.03235853246740419
6 0.28542603949430206 0.24541150608578466 0.032923815963434674 0.03648297077900677
6 0.32574497849326606 0.289829707790068 0.03572133023145838 0.029506267856907444
6 0.3606615957378271 0.5199399476437983 0.024257291356328814 0.03477046631477983
6 0.3903962533052597 0.689071777189103 0.02756422787409356 0.03873126339268076
6 0.41088003535596374 0.8104246258091313 0.018351893713693813 0.025300008928453722
6 0.7086751408182096 0.14819695575817785 0.014809516749222951 0.03304432508107791
6 0.42529756058675117 0.11436783197764147 0.022258143713693813 0.025368192775829624
6 0.8785895345319034 0.17614249796481454 0.02118579528527036 0.019104556006354433