2 0.061479 0.579902 0.04068922970746054 0.04982887440943671
2 0.324187 0.556284 0.043691498782184014 0.0429067518140986
2 0.124335 0.736691 0.02348809293798535 0.048447423683797376
2 0.359832 0.764434 0.03465741801906326 0.06211061960011355
2 0.14711 0.789017 0.02553183400953163 0.031341769237293704
2 0.191084 0.892834 0.029519904626382674 0.03616567849312098
2 0.386533 0.907467 0.03100058400953163 0.03153274219545175
2 0.598833 0.545575 0.03018810633066593 0.0744469284931208
2 0.859262 0.570284 0.032050615259119654 0.09168899219545175
2 0.592164 0.789724 0.03239548863591431 0.06671627404661713
2 0.824994 0.754131 0.025654564934808378 0.03837301923729371
2 0.805677 0.810453 0.02553183400953154 0.031341769237293704
2 0.777708 0.907854 0.0201449046263825 0.03583829627913602
2 0.734104 0.951169 0.023269904626382676 0.019436908769704785
2 0.578666 0.911053 0.02553183400953163 0.031341769237293704
2 0.565558 0.955624 0.02550456047058134 0.010526961398185364
1 0.37080710156249996 0.9403186984374999 0.2948329 0.5886853703125 0.08847046562500001 0.58982119375 0.21649605312500003 0.9377107578125001 0.37080710156249996 0.9403186984374999
1 0.7924050703125001 0.729802975 0.8267465656249999 0.5474747437499999 0.6242646125 0.5320617609375 0.6089637031249999 0.730348859375 0.7924050703125001 0.729802975
1 0.723033390625 1 0.72643571875 0.9513471656249999 0.764055503125 0.9568319546874999 0.78049774375 0.8239316125 0.61881305 0.8168951 0.602337340625 1 0.723033390625 1
5 0.490377 0.683888 0.0217483149348082 0.03823660998146643
5 0.444352 0.686185 0.029025026785361164 0.05254464664195542
6 0.061645 0.41048 0.026217626623205436 0.025900301088459088
6 0.211836 0.426656 0.023065353084255058 0.024228673683797552
6 0.369003 0.439952 0.03244035308425506 0.024556055897782515
6 0.539248 0.441993 0.028588650162155817 0.027544646641955238
6 0.693717 0.434895 0.028588650162155817 0.02754464664195542
6 0.853587 0.424082 0.015307400162155815 0.027080855172143002
6 0.911296 0.50964 0.02262502232113448 0.043732641832631994
6 0.861007 0.670284 0.018432400162155815 0.027189982576804893