1 0.211143434375 0.35384931875 0.46796928906249996 0.34867547656250003 0.414536503125 0.15190337812500002 0.1168451953125 0.186015465625 0.211143434375 0.35384931875
1 0.49677975781250006 0.3478059015625 0.8364660734375 0.33000855625000003 0.889178603125 0.120065309375 0.45888916249999995 0.14652455625 0.49677975781250006 0.3478059015625
1 0.60195730625 0.510004346875 0.829502365625 0.507933703125 0.866882734375 0.395331015625 0.5903956640625 0.40025220624999996 0.60195730625 0.510004346875
1 0.33433999999999997 0.5080398796875001 0.5451215 0.5133146546875 0.5307697171875 0.3967360859375 0.283985453125 0.4055184359375 0.33433999999999997 0.5080398796875001
1 0.36063496875 0.617280328125 0.5308538031250001 0.6203778203125 0.5203922750000001 0.54969979375 0.32126517187500003 0.55011528125 0.36063496875 0.617280328125
1 0.5855206515625 0.619567221875 0.762198803125 0.6208814312500001 0.783533209375 0.544158090625 0.568324384375 0.551101428125 0.5855206515625 0.619567221875
3 0.41350595312499994 0.12034264374999999 0.47668829687500003 0.377521325 0.4949176546875 0.375061753125 0.4377604328125 0.114208175 0.41350595312499994 0.12034264374999999
3 0.90566544375 0.0757735125 0.8346312499999999 0.37428327499999997 0.8550608531250001 0.380643853125 0.8564569640625 0.3540044859375 0.9313478203125 0.0812666671875 0.90566544375 0.0757735125
3 0.57537365 0.5324637531249999 0.59942335625 0.5283232156250001 0.5842653765625 0.367062265625 0.5616481421875 0.378164128125 0.580771934375 0.5238183875 0.57537365 0.5324637531249999
3 0.32266128125 0.5234759140625 0.3182890359375 0.5335907328125 0.3395134421875 0.5322789453125 0.2652059890625 0.388440934375 0.2452509046875 0.3937965921875 0.32266128125 0.5234759140625
3 0.750731546875 0.6376377718749999 0.7722215296875 0.6398667421875001 0.78435624375 0.6335688265625 0.8084450375 0.5343204187499999 0.7928043046875 0.5324357656250001 0.7707351015625 0.623179821875 0.750731546875 0.6376377718749999
3 0.523241696875 0.6355025515625 0.545906703125 0.6334790109374999 0.5511574218749999 0.6233886328125 0.5303057703125 0.540735628125 0.518318015625 0.544229409375 0.5386006390625 0.62272219375 0.523241696875 0.6355025515625
3 0.388504296875 0.7295060765625 0.40084007499999996 0.7285912765625 0.416921740625 0.7220634296874999 0.4187587265625 0.687011659375 0.42088963125 0.646351575 0.419035859375 0.6366750328124999 0.40669956875 0.63180234375 0.4077619046875 0.7016300734375001 0.388504296875 0.7295060765625
3 0.5763216796874999 0.6399676671875 0.6169870140625 0.6409164265625 0.6163493234375 0.6887220421875 0.7362278703125 0.6963358390625001 0.7336649671875 0.730984578125 0.747214109375 0.7361664953125 0.74640593125 0.6731856953124999 0.624845271875 0.6762851015625 0.62929954375 0.626930275 0.5778034125 0.6259488875 0.5763216796874999 0.6399676671875
0 0.42773939375000003 0.7240114453125 0.5033784109375 0.7341529359375001 0.51093091875 0.670670515625 0.43373342656249997 0.660156628125 0.42773939375000003 0.7240114453125
5 0.6554810430819105 0.7492554032943552 0.016727154567984216 0.03680204998588259
5 0.684182575194086 0.7514780559534261 0.016481493102595123 0.03211454998588259
5 0.7169131880389562 0.7511294454583173 0.017098968792335613 0.02903505261671846
6 0.5936294962704137 0.7107991190229012 0.016150622455808693 0.04066279735504672