6 0.00007786027856965719 0.8766905321324536 0.00015572055713931437 0.027676370612255852
6 0.023240392912185957 0.8505515809579547 0.04640456314006219 0.020068459092057723
6 0.2383949560522481 0.8380301635652619 0.020987334186749605 0.025568301332783604
6 0.4096553060240133 0.8132755191338228 0.032880389434303936 0.04229280007914227
6 0.5295960797015367 0.809722273290458 0.02139685786427279 0.032599551332783604
5 0.12626522432692527 0.6806004453020043 0.04414411312594475 0.03482128087881229
5 0.29069945064940195 0.6924281585506971 0.02402132892507769 0.024096729546028862
5 0.41234693749522233 0.6998806088672662 0.031879331555913736 0.025105300079142266
5 0.5350031874952224 0.7034495412371466 0.039411110495108835 0.033903638558944314
6 0.018064129405070486 0.4825911911453691 0.0346781078642729 0.032985996239076346
6 0.052045016279125736 0.5172306155976908 0.03885737364928845 0.037787156505632954
6 0.26942993735404797 0.547033090524866 0.03491332629424182 0.0236337282923877
6 0.4295105926439547 0.5798636255603136 0.03936560786427279 0.03312238855894432
6 0.5438160163497129 0.6058842194503921 0.035224139434303935 0.04236099623907634