5 0.02698450206872411 0.5051445234057483 0.040143742003499835 0.027869372455808693
5 0.37360222668681725 0.12894835707911906 0.037763629336408935 0.02462154172311406
5 0.42270334536122595 0.18344110527009674 0.04407726400381797 0.030417840343633085
5 0.46624480736790747 0.23040795850402856 0.033811926002545435 0.020510573835289668
5 0.5088686593729982 0.2656970053155253 0.02922442333704538 0.028858662369900402
5 0.5484311460454979 0.30661857643728146 0.023701129336408933 0.023884557326946255
5 0.5824885200509067 0.3447017526019918 0.02837044800286357 0.022567718792335524
5 0.6063351000556793 0.37862969527504553 0.030732379336408933 0.024253049525030157
5 0.6276288447246792 0.3947117186807939 0.03143181333545435 0.017262743102595034
2 0.030420226766359047 0.7332285798281835 0.042542036004136176 0.03267970318850324
2 0.23696167544554028 0.8146479189286211 0.026798857336090796 0.021704581637205678
2 0.2943549100890868 0.6412237070336906 0.028343176002545344 0.020223968792335612
2 0.08557879941117824 0.5693021986659476 0.04011647000318168 0.025525622455808517
2 0.23340996144967646 0.8453213868164454 0.03223124466899989 0.018866186680159915
2 0.25999754408017817 0.5773592808689803 0.03071419800286357 0.022690549525030156
2 0.07661178473104249 0.47049288444159637 0.028370448002863525 0.02256771879233561
2 0.30603565539463357 0.43579922263752274 0.019731244668999892 0.018211089439121864
2 0.12743739337999785 0.33728091474474964 0.034647720003181705 0.025239017412854548
2 0.15025672803945272 0.2829276074178033 0.035519876670908876 0.033092460990419424
2 0.3151561167249973 0.4134328997067443 0.03378465400222712 0.01816682383528967
2 0.1981209686903171 0.16394191203121614 0.025336354670590745 0.03021644448207601
2 0.35357263204167994 0.2886885272509356 0.023655676002545256 0.019978307326946255
2 0.3775963134547672 0.8752877685445084 0.025999426002545255 0.020101138059640887
2 0.3874252994509491 0.8466305020361649 0.028324994668999893 0.018661468792335257
2 0.42476966343090455 0.6969270731579211 0.023764764003817974 0.029353307326946344
2 0.5019406907622229 0.6780299089789985 0.02357386000159085 0.012947057326946166
2 0.38655150075585953 0.6371736148810351 0.03930794800286348 0.023140928878243726
2 0.5231242527450418 0.550280045229617 0.019740335335772664 0.018992339439121864
2 0.5478782573997242 0.46064765716997613 0.0220659040022273 0.017552670171816588
2 0.4577612400540884 0.3746902250123719 0.026008516669318027 0.020882388059640888
1 0.2455728984375 0.782985259375 0.2838455046875 0.6544185453125 0.0961520625 0.5965410125 0.058066942187500005 0.7412203125 0.2455728984375 0.782985259375
1 0.43714668124999995 0.7124862578125 0.40529098750000003 0.8382983156250001 0.49152475781250005 0.859574853125 0.5203172984375 0.7476273796874999 0.43714668124999995 0.7124862578125
2 0.5072201787873581 0.8630223846687389 0.02908806333545435 0.017139912369900402
2 0.5340906667727223 0.7537359158764033 0.020594310669954298 0.025283283016686652
2 0.5195816294159508 0.5817347631174414 0.028388629336408934 0.024130218792335612
4 0.26665422968749997 0.1007085359375 0.226295021875 0.14232358125 0.3131943734375 0.2207998 0.3880997140625 0.28458830625 0.41223772031249994 0.3268537984375 0.39574466406250003 0.3873710875 0.43148295625 0.41048786093749995 0.43733740781249997 0.3593954453125 0.4595856734375 0.331627484375 0.484929096875 0.385115490625 0.5303911875 0.41255938593749997 0.5799906046875 0.42608240156250005 0.6046122015625001 0.41753695312500005 0.5862012812499999 0.4056039 0.56240075 0.3923410625 0.5200111859375001 0.3518382140625 0.49178272500000003 0.327521746875 0.45919195156250003 0.297791053125 0.42654493593750004 0.263226584375 0.39178707031250004 0.2319972234375 0.35273251562499996 0.200993040625 0.318021521875 0.1737918265625 0.2605747953125 0.1324658484375 0.26665422968749997 0.1007085359375
3 0.32940909375 0.8753260609375 0.288669415625 0.9766139703125001 0.3337940296875 0.975055209375 0.35771255156250004 0.9060875640624999 0.3739243765625 0.821401396875 0.393630578125 0.7599095953125 0.4144859453125 0.70480653125 0.40025922031250005 0.6829807453125001 0.3571142109375 0.6699255890625 0.3354995234375 0.659772678125 0.310690440625 0.652205540625 0.2860688453125 0.6607509890625 0.29284197968750003 0.6886102453125 0.3446741109375 0.7092713359375 0.3504480703125 0.7436319203124999 0.3478348859375 0.796166709375 0.32940909375 0.8753260609375
3 0.292744359375 0.5878502875 0.30585553593750003 0.5138061859375 0.33611597187500003 0.43563884843749995 0.3703262484375 0.3274380453125 0.35411991875000004 0.32022617656249996 0.341454834375 0.3402368203125 0.329183471875 0.39408389375 0.2825049734375 0.5392135546875 0.292744359375 0.5878502875
1 0.0990144765625 0.4730545484375 0.245068303125 0.554879578125 0.2920749046875 0.4379469421875 0.1428173078125 0.3579020578125 0.0990144765625 0.4730545484375
1 0.1691279078125 0.30976818281249996 0.3075781578125 0.3847366125 0.3410517375 0.3055947609375 0.208587178125 0.190812725 0.1691279078125 0.30976818281249996
1 0.40280678437499995 0.6248065515625 0.49571994999999996 0.665886053125 0.509661565625 0.5708392953125 0.425369903125 0.5317263203125 0.40280678437499995 0.6248065515625
1 0.4464690015625 0.497569621875 0.515741 0.5390819812500001 0.5415172593750001 0.4450272375 0.47533653906250006 0.3920671796875 0.4464690015625 0.497569621875
1 0.012363375 0.9701354203125 0.1801405046875 0.979077246875 0.2140601765625 0.8459019359375001 0.0331961171875 0.8207174359374999 0.012363375 0.9701354203125
1 0.3993990390625 0.8861682156249999 0.367112125 0.9749213234375 0.47347394062500003 0.9709593796875 0.48033694374999997 0.9141712625 0.4856609328125 0.9098616406250001 0.3993990390625 0.8861682156249999
2 0.4961105034611305 0.915980288332212 0.023619313335454528 0.016853307326946166
1 0.4119309875 0 0.3442157515625 0.023286734375 0.6534147984375 0.3625814796875 0.68217921875 0.2482171171875 0.4939246578125 0 0.4119309875 0