2 0.375529 0.576566 0.016402927973732773 0.015389387023308564
2 0.370026 0.546234 0.013854460085908116 0.011401291469812235
2 0.358938 0.484007 0.014263895861557074 0.019213791469812235
2 0.516511 0.444066 0.01878762155129756 0.016252482576804894
2 0.538288 0.516095 0.01858290366347326 0.012346232576804894
2 0.544494 0.529967 0.008921298620519024 0.006550100362819755
2 0.647973 0.413647 0.011510710085908293 0.011319445916316085
2 0.678138 0.48147 0.016443871551297562 0.016170637023308565
2 0.688332 0.496767 0.014758540818602839 0.013772323320977619
2 0.787384 0.505049 0.021254202283992107 0.018678078130301045
2 0.839983 0.463295 0.012660452283992107 0.018377977767481467
2 0.821526 0.439677 0.014304839439121864 0.019995041469812236
2 0.789877 0.388342 0.011016065128862352 0.016760914065150522
2 0.768595 0.310817 0.012619508706427317 0.017596727767481467
2 0.742084 0.267913 0.014594766508343326 0.010647323320977708
2 0.730082 0.247983 0.014100121551297562 0.016088791469812236
2 0.701513 0.210629 0.015416960085908293 0.01145585517214318
2 0.574207 0.230728 0.017429839439121863 0.02010416887447395
2 0.596935 0.276113 0.017184177973732773 0.01541666887447395
2 0.603182 0.290765 0.01784259724103805 0.013100200725639333
2 0.631048 0.34458 0.015580734396167629 0.014580855172143182
2 0.50119 0.375726 0.013813516508343327 0.010620041469812236
2 0.477724 0.316279 0.014881371551297562 0.016116073320977708
2 0.472259 0.301599 0.018582903663473083 0.012346232576804894
2 0.455535 0.251309 0.01878762155129756 0.016252482576804894
2 0.315153 0.275778 0.01632104081860284 0.013826887023308565
2 0.325422 0.32238 0.015416960085908116 0.01145585517214318
2 0.332078 0.344845 0.01882856512886235 0.017033732576804805
2 0.346785 0.401467 0.022857645861557075 0.01951389183263199
2 0.3902 0.79677 0.014345783016686653 0.020776291469812237
2 0.449105 0.875329 0.016525758706427317 0.017733137023308386
2 0.503959 0.861673 0.021295145861557074 0.019459328130301046
2 0.555566 0.845783 0.014922315128862352 0.01689732332097762
2 0.608817 0.8314 0.015045145861557075 0.01924107332097762
2 0.89543 0.744689 0.01870573439616776 0.014689982576804895
2 0.850731 0.75799 0.016321040818602927 0.013826887023308565
5 0.522719 0.816405 0.01981453301668683 0.020967264427970277
5 0.602782 0.790912 0.01882856512886235 0.017033732576804895
5 0.89733 0.706271 0.015045145861556985 0.01924107332097762
5 0.968427 0.688918 0.019814533016686765 0.020967264427970277
1 0.405478 0.326628 0.11633873021229632 0.12181549101432534
1 0.663791 0.282387 0.09557917288534998 0.09769594473518968
1 0.745783 0.457975 0.0918400192218769 0.08586806733052796
1 0.44795 0.524729 0.13941438206674714 0.08596976025161904
4 0.5181244484375 0.3608172234375 0.529045896875 0.339628571875 0.5202193609375 0.3364443375 0.51492846875 0.3515982671875 0.5043329953125 0.366566959375 0.47571517031250005 0.3900136453125 0.45119602187499996 0.405454778125 0.4312975875 0.426329946875 0.42332590625 0.4380349234375 0.42977939843749996 0.4396982859375 0.44373953125 0.42292975625 0.4633872171875 0.406839171875 0.49978296875000006 0.383184765625 0.5181244484375 0.3608172234375