2 0.605459 0.300272 0.019514003954332716 0.01962329528527036
2 0.751445 0.353515 0.018365339429596263 0.029706770678164407
2 0.71447 0.572013 0.02582767095052709 0.021476893713693813
2 0.331236 0.485373 0.02155400642579064 0.031414819892376045
2 0.555617 0.509232 0.029924921939110227 0.02634633023145838
2 0.501294 0.483691 0.030084089429596263 0.03025258023145838
2 0.387116 0.434425 0.04027217292769336 0.031506865177646406
2 0.306552 0.440517 0.021363005437207504 0.026727319892376044
2 0.208797 0.4092 0.033431923916276585 0.03586687944567011
2 0.301038 0.25051 0.012514587452429903 0.020077059553293884
2 0.402571 0.28477 0.021857753954332714 0.019732457195929066
2 0.278477 0.249222 0.022462590418179395 0.03457620719592906
2 0.637051 0.175598 0.022639003954332715 0.019768844499481998
2 0.764397 0.207875 0.03783292243340179 0.029053953266987696
2 0.761201 0.094958 0.03603034190105418 0.04222604135632886
2 0.665504 0.070564 0.02126750494291585 0.024383569892376156
2 0.400675 0.063404 0.02624150642579064 0.031633143713693725
2 0.452277 0.174847 0.03448508794672147 0.023439654052775972
2 0.495654 0.086272 0.03631684338392897 0.04925729135632886
2 0.261392 0.113558 0.031646589429596264 0.030325354838564245
2 0.080875 0.352777 0.019864172433401883 0.02821704528527036
2 0.167597 0.386946 0.03086533942959626 0.030288967535011268
1 0.7741841921875 0.3820800125 0.635852615625 0.34606136875 0.6027312140625 0.49657925937499997 0.7425327578124999 0.5627562968750001 0.7741841921875 0.3820800125
1 0.5465063234375 0.48552392031249997 0.6051036953125 0.33238009218750003 0.48786299375000003 0.2953791265625 0.43815333437500004 0.442351503125 0.5465063234375 0.48552392031249997
1 0.3482350125 0.45013795156249997 0.42097560625 0.32080475625 0.34072634062499996 0.2899974453125 0.2531667703125 0.4121042859375 0.3482350125 0.45013795156249997
1 0.22247661093749999 0.3969809 0.2932716375 0.2756548796875 0.22759436718749998 0.24488855312500002 0.138018534375 0.3634908671875 0.22247661093749999 0.3969809
1 0.391793946875 0.1494390046875 0.4186563171875 0.0862947765625 0.36251956875 0.073076271875 0.3233365140625 0.1339155953125 0.391793946875 0.1494390046875
1 0.6498755296875001 0.1741227046875 0.6755856171875 0.09951715156249999 0.5894583421874999 0.0804986046875 0.549981478125 0.1485484859375 0.6498755296875001 0.1741227046875
1 0.1951964984375 0 0 0.17235198125 0 0.177056703125 0.039886403125 0.22844214062499998 0.2520208546875 0.0163297390625 0.2005133234375 0 0.1951964984375 0
1 0.7730694484375 0.127167246875 0.7158555234375 0.122611959375 0.7061378031250001 0.1750490578125 0.7817629125 0.2061830890625 0.7730694484375 0.127167246875