0 0.4069066875 0.35995927656250004 0.424392784375 0.66074096875 0.5805798578125 0.66074096875 0.5719428093750001 0.34763598125 0.4069066875 0.35995927656250004
0 0.42827679218750003 0.722503225 0.44166692812499997 0.9767527062499999 0.5870577156250001 0.979257540625 0.5805798578125 0.7262687437500001 0.42827679218750003 0.722503225
0 0.6356459562500001 0.40682807656250003 0.6395998281249999 0.7072814546874999 0.796506728125 0.704776621875 0.8015450296875001 0.41296275312499997 0.6356459562500001 0.40682807656250003
0 0.642769325 0.77075051875 0.64463813125 1 0.7878696796875 0.9992962828125 0.7957869984375 0.7738606859375 0.642769325 0.77075051875
0 0.87625750625 0.35444529999999996 0.8607160984375 0.65237593125 0.9981895203125 0.6586380546874999 0.9974697906250001 0.35555239843750003 0.87625750625 0.35444529999999996
0 0.8604278000000001 0.71836774375 0.851359321875 0.9786080453125001 0.9996290765625 0.983617709375 0.9953105046875 0.7243667687500001 0.8604278000000001 0.71836774375
1 0.3167812609375 0.4771997453125 0.323697540625 0.45914764375 0.3332074125 0.446360725 0.361304778125 0.44560855781250003 0.36865330625000003 0.4313173 0.37211143125 0.434326 0.36605971406250004 0.40649565625 0.3595756859375 0.40348698125000004 0.3578466234375 0.42153908125 0.3457431578125 0.4313173 0.323697540625 0.43206946874999996 0.3154844796875 0.45012159531249996 0.31245860625 0.42755645624999994 0.299993046875 0.43474460156249994 0.300355140625 0.45989981249999995 0.3068391390625 0.4606519828125 0.30424554531250003 0.48246494999999995 0.3167812609375 0.4771997453125
1 0.396448546875 0.6456822812499999 0.3966885765625 0.6753357015625 0.6040764109375 0.6790945890625 0.6033563375 0.6962183875 0.6127172265625 0.693712471875 0.6122371984375 0.657376596875 0.6021562359375 0.657376596875 0.602876309375 0.6653120109375 0.40845810625 0.6619707890625001 0.4086981359375 0.6298114265625 0.38661607187499997 0.6281408171875 0.375572996875 0.623503028125 0.3751373046875 0.6639795562499999 0.3859439890625 0.6602186875 0.3861275890625 0.649023503125 0.396448546875 0.6456822812499999
1 0.41925912500000007 0.9691318515624999 0.4202192125 0.9975323140624999 0.6194378671874999 0.9992029375 0.6175176921875 0.9766496265625 0.607916790625 0.9787378890625 0.6110370656249999 0.9850027062500001 0.4305401875 0.9833320828125001 0.4305401875 0.954931621875 0.40773804843750006 0.95075508125 0.39837716093750003 0.9440726250000001 0.3966970171875 0.9862556640625 0.40893815 0.9808261671875 0.4096582234375 0.9670435890625001 0.41925912500000007 0.9691318515624999
1 0.35205282968749996 0.9988523 0.3657341078125 1 0.36813434218749996 0.9737930609375001 0.359493528125 0.79560445625 0.37125463281250004 0.7905926109375 0.3851759421875 0.7926808734375 0.39117649375 0.778898303125 0.38661607187499997 0.7248199093750001 0.393816740625 0.723149284375 0.39237660937499996 0.6926605609375 0.38038478124999997 0.693739825 0.3837357953125 0.775490059375 0.35517312031250003 0.784260778125 0.3640539640625 0.9742932874999999 0.35205282968749996 0.9988523
1 0.830138203125 0.40348534375 0.8389937109375 0.3973217 0.8412075671875 0.35956933750000003 0.830138203125 0.36188070625 0.8327948468749999 0.38345348125 0.6114071796875 0.38730576562499996 0.6029944578124999 0.3865353109375 0.6060938921875 0.35879888437499996 0.593583815625 0.363903921875 0.5967956078125 0.40271488906249997 0.6127355156250001 0.40502626406250003 0.6295609859375 0.4042557984375 0.830138203125 0.40348534375
1 1 0.6834082390625 0.9970645093750001 0.66183545 0.8204797984375001 0.6530766234375001 0.81995435625 0.6980468890625 0.8319092984375 0.6949650734375 0.8292526546874999 0.678015034375 1 0.6834082390625
1 0.828809865625 0.7619947765624999 0.8305809609375 0.7280946984375001 0.8190688093749999 0.730406059375 0.8208399046875 0.7488970078125 0.6131783046875 0.7458151921875 0.614063853125 0.72963560625 0.6023480390625 0.7260058109374999 0.6034372328125001 0.7604538671875 0.6145066109374999 0.7673879796875 0.8159693765625 0.77124025 0.828809865625 0.7619947765624999
