2 0.966371 0.052271 0.01484375 0.01171875
2 0.916371 0.062427 0.01875 0.0125
2 0.888246 0.06399 0.01328125 0.01171875
2 0.833558 0.074146 0.01796875 0.01015625
2 0.743715 0.086646 0.02265625 0.01171875
2 0.677308 0.098365 0.02578125 0.01171875
2 0.643714 0.102271 0.01875 0.0109375
2 0.684339 0.292896 0.01328125 0.0140625
2 0.70309 0.288209 0.015625 0.0203125
2 0.778089 0.267115 0.015625 0.01171875
2 0.851527 0.253834 0.01796875 0.009375
2 0.912464 0.23274 0.0171875 0.01328125
2 0.929652 0.228834 0.01875 0.01484375
2 0.988246 0.211646 0.0203125 0.015625
2 0.712465 0.456177 0.02265625 0.01484375
2 0.735902 0.446021 0.02265625 0.0171875
2 0.80309 0.418677 0.01640625 0.0125
2 0.826527 0.580396 0.0234375 0.01328125
2 0.767933 0.613209 0.01875 0.01328125
2 0.741371 0.629615 0.0171875 0.015625
2 0.906996 0.559302 0.021875 0.009375
2 0.872621 0.404615 0.0171875 0.0171875
2 0.954652 0.530396 0.015625 0.01640625
2 0.97809 0.518677 0.021875 0.0140625
2 0.936683 0.375709 0.015625 0.015625
2 0.953871 0.366334 0.01796875 0.0171875
1 0.3222471453125 0.4481724640625 0.19547299375 0.398039965625 0.1685600453125 0.5224652046875 0.26842124843750004 0.5786377640625 0.3222471453125 0.4481724640625
5 0.698402 0.568677 0.01875 0.02265625
5 0.502308 0.760084 0.025 0.015625
5 0.485121 0.677271 0.028125 0.02265625
5 0.401527 0.344459 0.0234375 0.015625
5 0.383558 0.252271 0.0265625 0.0140625
5 0.352308 0.129615 0.02265625 0.0234375
5 0.308558 0.138209 0.02421875 0.01328125
2 0.315589 0.168677 0.01875 0.02734375
2 0.335902 0.228834 0.0265625 0.01796875
2 0.349964 0.287427 0.02265625 0.01953125
2 0.363246 0.347584 0.02109375 0.0171875
2 0.428871 0.623365 0.01875 0.01875
2 0.438246 0.674146 0.01484375 0.01484375
2 0.463246 0.781177 0.01875 0.02421875
5 0.476527 0.829615 0.02421875 0.0203125
5 0.51559 0.835084 0.0265625 0.01484375
2 0.405433 0.102271 0.01796875 0.01875
5 0.767933 0.055396 0.0265625 0.015625
5 0.628089 0.192896 0.0234375 0.0234375
5 0.724964 0.661646 0.02890625 0.0203125
3 0.0729482546875 0.27301071875 0.0864047296875 0.27905077968750003 0.1090682640625 0.2856948453125 0.12252473906250001 0.2881108703125 0.1359812125 0.3050230390625 0.14093886093750002 0.3128751171875 0.150145921875 0.3207271953125 0.1650188671875 0.323747225 0.167851809375 0.314687134375 0.1529788640625 0.3134791234375 0.139522390625 0.299586984375 0.12748238750000002 0.2862988515625 0.123941209375 0.2778427671875 0.08357178750000001 0.265158640625 0.08144708125 0.2548905390625 0.06374119375000001 0.2476424671875 0.0609082515625 0.2609306 0.07153178437499999 0.265762646875 0.0729482546875 0.27301071875
1 0.5772119203125 0.11596915468749999 0.3923624578125 0.08637286093749999 0.352701271875 0.3067867359375 0.514887196875 0.35812724687499997 0.5772119203125 0.11596915468749999
1 0.3746565703125 0.0930169265625 0.24646594843749997 0.06704466875000001 0.2238024125 0.2210662015625 0.342785975 0.25549454531250004 0.3746565703125 0.0930169265625
1 0.1671435734375 0.054360542187500006 0.0354117734375 0.03322033125 0.014164709375 0.16791367343750002 0.1466047453125 0.20898608125 0.1671435734375 0.054360542187500006
1 0.1140259125 0.38052379062499997 0.0070823546875 0.34186740625 0.0070823546875 0.4475684578125 0.0920706140625 0.501929 0.1140259125 0.38052379062499997