1 0.514289965625 0.1958565921875 0.6202343359375 0.0161994515625 0.4161366734375 0.004064268750000001 0.36111493281249996 0.1117622921875 0.514289965625 0.1958565921875
1 0.4013634296875 0.38154615625 0.4900495578125 0.231095003125 0.3436108625 0.160064928125 0.2745373140625 0.3231499765625 0.4013634296875 0.38154615625
1 0.5506784484375 0.44103726718749997 0.6456676640625 0.3321120453125 0.5267849390625 0.2854397046875 0.44879961562500004 0.3951937015625 0.5506784484375 0.44103726718749997
1 0.6816739203125 0.0665381796875 0.5555058015625 0.2482672109375 0.6639729437499999 0.31823423125 0.8079307578125 0.147556471875 0.6857688343749999 0.054154514062500006 0.6816739203125 0.0665381796875
1 0.813646328125 0.3695819171875 0.9403495421875 0.2579218015625 0.848270390625 0.1858605859375 0.7186871546875 0.31502040937500003 0.813646328125 0.3695819171875
1 0.6928008640625001 0.47397761406249994 0.7878827859374999 0.3950988703125 0.6963182531250001 0.342624646875 0.6080787953125 0.43553236249999994 0.6928008640625001 0.47397761406249994
0 0.71652383125 0.3162333046875 0.8143130125000001 0.21048848593749997 0.7804362874999999 0.19034068125 0.6870229812499999 0.296355646875 0.71652383125 0.3162333046875
0 0.560473046875 0.22628344843749998 0.64731503125 0.0968749765625 0.6054361562499999 0.0630581171875 0.520955921875 0.19977886875 0.560473046875 0.22628344843749998
0 0.484150553125 0.26239025625 0.42375473750000003 0.35490611875 0.45926616875 0.3740888703125 0.520209384375 0.28540145 0.484150553125 0.26239025625
0 0.6053729796875 0.436976321875 0.6720245671875 0.36148860781250003 0.6405448218750001 0.34740914218749996 0.57537511875 0.41928537343750005 0.6053729796875 0.436976321875
0 0.7726272796875 0.4126832078125 0.70593501875 0.4733241515625 0.737045759375 0.49175147187499996 0.788529053125 0.44388074218750007 0.7726272796875 0.4126832078125
0 0.920241215625 0.283403771875 0.836383553125 0.357802328125 0.8671332546875 0.384255925 0.9402122937499999 0.322643659375 0.920241215625 0.283403771875
5 0.936107 0.327892 0.012827308320625263 0.014135222872636887
5 0.90384 0.351139 0.011973323138263936 0.011005677693097127
5 0.876988 0.372074 0.015298344889756876 0.01961760841125635
6 0.824518 0.467068 0.009902330072117849 0.022710792154477844
2 0.266483 0.219323 0.008884690729444422 0.012549996974937905
2 0.2804 0.179566 0.008048889342673605 0.010201701795398099
2 0.295824 0.137474 0.011137521751493119 0.008657382513557322
2 0.342079 0.010416 0.010465374525034755 0.013340337334017516
5 0.327454 0.053294 0.00901197729857639 0.018018746974937903
2 0.317044 0.075887 0.008067073138263936 0.0109829517953981
2 0.277927 0.073316 0.009647756933854178 0.01177329215447771
2 0.2645 0.066989 0.009629573138263936 0.01099204215447771
2 0.250314 0.262973 0.008848323138263937 0.010987496974937904
0 0.27971561093749997 0.29452544375 0.3237874265625 0.1859961515625 0.3102251125 0.1796471828125 0.26709477656249997 0.288181946875 0.27971561093749997 0.29452544375
0 0.3571223125 0.10150553124999999 0.3956904046875 0.006140875 0.3748741328125 0.0047362609375 0.342295546875 0.09138717187499999 0.3571223125 0.10150553124999999
5 0.981328 0.29066 0.009775043502985881 0.017242042154477666
0 0.9650458859375 0.4084744921875 0.9486142031250001 0.35247127031250003 0.87734176875 0.4041311484375 0.8920308890624999 0.45830618437500004 0.9650458859375 0.4084744921875
0 0.80058915625 0.48802372656250004 0.7458969078125001 0.5260262390625 0.7546939921875 0.5605755218749999 0.8065625000000001 0.5225460859375 0.80058915625 0.48802372656250004
5 0.740507 0.482202 0.006577308320624908 0.014098861436318444
5 0.761891 0.461236 0.008921058320625086 0.014112496974937905
5 0.785728 0.44497 0.008848323138263937 0.010987496974937904
2 0.817414 0.430313 0.006486389342673604 0.010192611436318444
2 0.825474 0.105404 0.0081034407294446 0.012545451795398099
3 0.8455887656250001 0.367601846875 0.8429024843749999 0.37112460937499997 0.8339822984374999 0.36871115468750004 0.8192001187500001 0.3810233578125 0.6973040375 0.30415370468749997 0.6868720046875 0.31294887656250003 0.6866898265625 0.3241652609375 0.694974303125 0.318309540625 0.8167879250000001 0.3916363765625 0.8284673437500001 0.379306103125 0.83395135625 0.386422703125 0.8436755671875 0.38529849843749997 0.8455887656250001 0.367601846875
3 0.8164134000000001 0.394586165625 0.7824851546875 0.42213716874999996 0.7845880249999999 0.43631879375000004 0.7990746828125 0.4493916859375 0.8003322390625 0.46533956249999997 0.7385438921875 0.5145729765625 0.7412927625 0.5565067734375 0.7336301921875 0.570041175 0.7386159890624999 0.5747933375 0.748618521875 0.5665860359375 0.7492163953125 0.5541912734375 0.74491445 0.521694715625 0.8071460390625 0.4724639203125 0.8060018859375001 0.44234729218749996 0.791515228125 0.4292744 0.821577859375 0.4070144125 0.8221757921874999 0.3946196890625 0.8164134000000001 0.394586165625
3 0.9414275625 0.300756103125 0.9514163828125 0.29195835312499996 0.9516122749999999 0.2813324390625 0.9471246953125 0.2789447734375 0.9414035609375 0.2806826578125 0.9353216156249999 0.2859608 0.929682940625 0.291241521875 0.9303323640625001 0.3001011640625 0.9322290859375 0.305425725 0.9381976 0.3143163140625 0.94280886875 0.3220182265625 0.9519763765624999 0.3350601734375 0.9544950343749999 0.3480634375 0.9542167109375 0.355146515625 0.9544366046875 0.36459406875 0.9555842453125001 0.3758181875 0.9576046546875 0.386456975 0.9618413703125 0.3971086765625 0.967727425 0.40245644843750006 0.9752628203124999 0.4025002875 0.98314528125 0.3984133984375 0.9883682 0.39431103749999996 0.98988010625 0.383102409375 0.9889523609375 0.3813258234375 0.9865986234375 0.3754082140625 0.9809462078125 0.3800984671875 0.976276509375 0.388927184375 0.9712907124999999 0.384175040625 0.97072375 0.3788582140625 0.9656967249999999 0.3723346625 0.9703251921874999 0.3617345359375 0.9665592375 0.3522663734375 0.9649408390625 0.3398587359375 0.9607591 0.3315689328125 0.9541549343750001 0.3144091515625 0.9414275625 0.300756103125
3 0.8199772828125 0.18591452343749998 0.8316567015624999 0.17358425156249999 0.8282515281249999 0.1605758296875 0.8185410609374999 0.16229050312499999 0.81432835 0.17171226875 0.809589934375 0.177588596875 0.6658264625 0.07520489062499999 0.6495667734375 0.0621216828125 0.6530578609375 0.059780425000000005 0.6601260109375 0.0397482390625 0.6506388921874999 0.032017959375 0.6411895484375 0.044951595312499995 0.6339427953125 0.0573076578125 0.641515934375 0.0780154140625 0.8029101140625 0.195261484375 0.8146032171875 0.18352168124999998 0.8199772828125 0.18591452343749998
3 0.717537765625 0.4879778859375 0.72246309375 0.4799546890625 0.716001828125 0.4791130671875 0.7110847484375 0.477313290625 0.704961571875 0.480820025 0.695292334375 0.48430611093750003 0.6047370171875001 0.44009032187499997 0.602269909375 0.44834144218749994 0.593641790625 0.43943538125000003 0.5903191359375 0.4299697765625 0.5781861859374999 0.42281449374999996 0.5736676640625 0.43813837656250004 0.5831410390625 0.4452781859375 0.699529078125 0.49495781250000004 0.7007351749999999 0.4896513015625 0.7060405249999999 0.48909177656249997 0.7096827890624999 0.49324571562499997 0.7158334515625 0.4909199203125 0.717537765625 0.4879778859375
3 0.2647433484375 0.2870356609375 0.25657790625 0.285033490625 0.24878361093749998 0.3075963390625 0.257135146875 0.308974815625 0.26040147187499996 0.306334040625 0.427112021875 0.3773449875 0.4298984265625 0.3826807546875 0.43223851093750004 0.38313768125 0.43957093125 0.38362365 0.44112154062500003 0.37875639687499996 0.44149824375 0.36634622656250004 0.43781655468749997 0.3654382140625 0.43553838593750005 0.3676414578125 0.426874678125 0.3671477421875 0.264792696875 0.294833834375 0.2647433484375 0.2870356609375
3 0.5344155734375 0.24077683906249997 0.547701246875 0.212078090625 0.537261403125 0.2057728703125 0.534825840625 0.215511253125 0.33954161875 0.103550675 0.340313071875 0.093802603125 0.32987173125 0.0884222828125 0.3199230984375 0.1185086625 0.327722503125 0.124760203125 0.3349001359375 0.1185957953125 0.5271063953125 0.22699207968750001 0.5245676421875001 0.23229689687500002 0.5344155734375 0.24077683906249997
4 1 0.22738540624999998 0.9875723687500001 0.22125206875 0.964314525 0.2211167578125 0.9490527125 0.21483235625 0.933520484375 0.196929734375 0.901545490625 0.17196139375 0.8749477750000001 0.1532199234375 0.8510228984375001 0.12442616875000001 0.83540053125 0.1026507703125 0.8175966078125001 0.087058240625 0.7972459656249999 0.08693984375 0.770810503125 0.075169346875 0.7563690484375 0.054175239062500005 0.732714590625 0.03699978125 0.707931796875 0.0127492453125 0.7016275750000001 0.025202221875000003 0.7406880265625 0.0548584546875 0.7682277640625 0.08909435624999999 0.8027494015625001 0.0985885609375 0.8190118875 0.0979087296875 0.836414625 0.1212434 0.8758717296875 0.167939778125 0.9150403890625001 0.2022433609375 0.9339711812499999 0.2162935046875 0.9569540375000001 0.2295928578125 0.9884963234375 0.235971925 1 0.23954959062499998 1 0.22738540624999998