2 0.026951 0.562653 0.04068922970746054 0.04982887440943671
2 0.28966 0.539034 0.043691498782184014 0.0429067518140986
2 0.089808 0.719441 0.02348809293798535 0.048447423683797376
2 0.325305 0.747184 0.03465741801906326 0.06211061960011355
2 0.112583 0.771767 0.02553183400953163 0.031341769237293704
2 0.156557 0.875584 0.029519904626382674 0.03616567849312098
2 0.352006 0.890217 0.03100058400953163 0.03153274219545175
2 0.564305 0.528325 0.03018810633066593 0.0744469284931208
2 0.824734 0.553035 0.032050615259119654 0.09168899219545175
2 0.557636 0.772474 0.03239548863591431 0.06671627404661713
2 0.790466 0.736882 0.025654564934808378 0.03837301923729371
2 0.771149 0.793204 0.02553183400953154 0.031341769237293704
2 0.74318 0.890604 0.0201449046263825 0.03583829627913602
2 0.699576 0.933919 0.023269904626382676 0.019436908769704785
2 0.544138 0.893804 0.02553183400953163 0.031341769237293704
2 0.531031 0.938374 0.02550456047058134 0.010526961398185364
1 0.37080710156249996 0.9403186984374999 0.2948329 0.5886853703125 0.08847046562500001 0.58982119375 0.21649605312500003 0.9377107578125001 0.37080710156249996 0.9403186984374999
1 0.7924050703125001 0.729802975 0.8267465656249999 0.5474747437499999 0.6242646125 0.5320617609375 0.6089637031249999 0.730348859375 0.7924050703125001 0.729802975
1 0.723033390625 1 0.72643571875 0.9513471656249999 0.764055503125 0.9568319546874999 0.78049774375 0.8239316125 0.61881305 0.8168951 0.602337340625 1 0.723033390625 1
5 0.45585 0.666639 0.0217483149348082 0.03823660998146643
5 0.409824 0.668935 0.029025026785361164 0.05254464664195542
6 0.027117 0.393231 0.026217626623205436 0.025900301088459088
6 0.177308 0.409406 0.023065353084255058 0.024228673683797552
6 0.334476 0.422702 0.03244035308425506 0.024556055897782515
6 0.50472 0.424744 0.028588650162155817 0.027544646641955238
6 0.659189 0.417645 0.028588650162155817 0.02754464664195542
6 0.819059 0.406832 0.015307400162155815 0.027080855172143002
6 0.876768 0.49239 0.02262502232113448 0.043732641832631994
6 0.82648 0.653035 0.018432400162155815 0.027189982576804893