0 0.7588595875 0.475503165625 0.747598859375 0.433383559375 0.6162543765625 0.49328760312500003 0.6400688 0.53352671875 0.7588595875 0.475503165625
0 0.7372293875 0.423148015625 0.7211407234375 0.3684998484375 0.595883575 0.4413343078125 0.6101259390625 0.47947395156250006 0.7372293875 0.423148015625
0 0.7201988609375001 0.35295745625 0.7039391984375001 0.291394865625 0.5612661375 0.37770333125 0.5870564015624999 0.42322172968749994 0.7201988609375001 0.35295745625
0 0.6987361062499999 0.276132915625 0.6768452828125 0.197825525 0.5233735265624999 0.2996988953125 0.5522396296875 0.3577613234375 0.6987361062499999 0.276132915625
0 0.6749138734375 0.176448290625 0.650180753125 0.086727465625 0.4802914109375 0.2105779765625 0.512158521875 0.27289109843750003 0.6749138734375 0.176448290625
0 0.55655568125 0 0.4271839828125 0.1068181734375 0.46018623437499995 0.1801288140625 0.6399397703124999 0.0579294046875 0.611032996875 0 0.55655568125 0
0 0.6007425046875 0.5473069109375001 0.5872829296875001 0.5150162093749999 0.4765321671875 0.5778913265625001 0.498368403125 0.6053849828125 0.6007425046875 0.5473069109375001
0 0.574596740625 0.5080355609375 0.5588114578125001 0.465426659375 0.44614339062499997 0.5339452546875 0.4672299171875 0.5587166734375 0.574596740625 0.5080355609375
0 0.5453812796874999 0.45433016562499995 0.5257900765625 0.4117654078125 0.409782371875 0.48213805781249996 0.4337906109375 0.5161434093749999 0.5453812796874999 0.45433016562499995
0 0.50748973125 0.38347291875 0.4818160640625 0.330242871875 0.3536874 0.4140446796875 0.38972770625 0.45896608125 0.50748973125 0.38347291875
0 0.46475291875 0.311680140625 0.4338013890625 0.248402515625 0.30108894531249997 0.3479603953125 0.3405436375 0.39932111875 0.46475291875 0.311680140625
0 0.42282355000000005 0.22766296874999997 0.3773956421875 0.140696228125 0.23140356093749997 0.26204851093750003 0.27952507031249996 0.32562763906250003 0.42282355000000005 0.22766296874999997
0 0.3650636953125 0.1159680953125 0.328362115625 0.036787890625 0.16977669374999999 0.181554146875 0.2168122046875 0.24187742656250003 0.3650636953125 0.1159680953125
