1 0.5281675609375001 0.3740658890625 0.297597234375 0.3646945203125 0.30669979999999997 0.4282619953125 0.5570168390625 0.43626513125 0.5281675609375001 0.3740658890625
1 0.567161784375 0.4649551203125 0.26561866875 0.452077725 0.2692527859375 0.5407684609375 0.6148561765625 0.54934996875 0.567161784375 0.4649551203125
1 0.6422916875 0.5947750640625 0.3249021359375 0.5824838328124999 0.3412555953125 0.7208178937499999 0.7113350265625 0.7192451734375 0.6422916875 0.5947750640625
1 0.301010103125 0.58318338125 0.0045923640625 0.5720512109375 0.0027752796875 0.7029364124999999 0.3080401140625 0.7099484796875 0.301010103125 0.58318338125
1 0.2090958578125 0.450385765625 0.0050292703125 0.4458809828125 0.002485440625 0.5285294828125 0.20345142031250002 0.5347047218750001 0.2090958578125 0.450385765625
1 0.28062911874999996 0.3651177171875 0.0334615703125 0.35138734843749997 0.005478959375 0.41227951249999994 0.28312458125 0.4219287453125 0.28062911874999996 0.3651177171875
3 0.0591824328125 0.2829842484375 0.024867743749999997 0.279181503125 0.02574866875 0.2861336109375 0.0460996453125 0.2880170875 0.052277642187499994 0.3139378703125 0.19509796875000002 0.3195166078125 0.19800524375 0.35016753437500003 0.2706873453125 0.3547935625 0.2695971296875 0.3473841015625 0.20818073125 0.34171462343750003 0.206000275 0.3130079484375 0.0631799484375 0.3068845953125 0.0591824328125 0.2829842484375
3 0.32298959531250004 0.3520519984375 0.2844969515625 0.3531102140625 0.2921285734375 0.43629198281250003 0.2765019203125 0.4362899484375 0.27831896718750004 0.44400981249999993 0.30993568437499996 0.44566677343750005 0.29721631875 0.3605845203125 0.323018459375 0.3611198296875 0.32298959531250004 0.3520519984375
3 0.0600349328125 0.3391702875 0.01848048125 0.3413473484375 0 0.3874882171875 0.000673334375 0.41257589375 0.0293827875 0.3473648875 0.057365396874999995 0.348286775 0.0600349328125 0.3391702875
3 0.24346379375 0.43450341249999996 0.210724609375 0.43474887031250004 0.206000275 0.5634343171875 0.2452486140625 0.5660358515625 0.24343155468750002 0.5550482765625 0.224534215625 0.5537856078125001 0.22780491249999998 0.44040433281249997 0.24597543281249998 0.4421735328125 0.24346379375 0.43450341249999996
3 0.32265505 0.559919603125 0.2826272546875 0.555544865625 0.2826798921875 0.5663535468750001 0.3037577109375 0.5674581890625 0.319384353125 0.7444608046875001 0.29140175468749996 0.7432665968750001 0.2950358484375 0.7559832640625 0.34118899062499997 0.7559512703125 0.32265505 0.559919603125
3 0.235436521875 0.7944254609375 0.24346379375 0.74021818125 0.21181485000000003 0.739270409375 0.211451428125 0.792623840625 0.235436521875 0.7944254609375
3 0.5909462734375001 0.7653574390625 0.517537353125 0.7617825484375 0.518990990625 0.779014165625 0.52444214375 0.7825675609375 0.548063840625 0.780537809375 0.5502443218749999 0.77520591875 0.5869487578125 0.775767978125 0.5909462734375001 0.779245171875 0.71559608125 0.7844162531250001 0.713779021875 0.7728840625 0.724681353125 0.771004659375 0.7163228984375001 0.758857340625 0.6836159546875 0.7571432421875001 0.6941548640625 0.770494065625 0.6945182859375 0.7767762078125 0.5927633328125 0.77443885 0.5909462734375001 0.7653574390625
3 0.48334773750000004 0.3056162109375 0.48363970937499995 0.29992779999999997 0.4659040359375 0.2981666203125 0.46445039843749997 0.2994519859375 0.4513676109375 0.2998555765625 0.44918715468750003 0.31008903593750003 0.4495505765625 0.31664348750000004 0.45427491093750005 0.321792628125 0.44991397343750006 0.3370856703125 0.45173103281250004 0.3532471109375 0.45245785156249996 0.3617267703125 0.48044046093750004 0.36401019843750004 0.48116728125 0.3561513390625 0.464086978125 0.354166965625 0.4629967609375 0.3481190421875 0.46226994218749995 0.33773321875 0.46735767343749995 0.319482871875 0.465540615625 0.304955296875 0.48334773750000004 0.3056162109375
5 0.597479 0.281306 0.009375 0.008303822930778536
5 0.627948 0.279709 0.01484375 0.007809177973732595
5 0.659198 0.278853 0.01171875 0.008426653663473083
5 0.84201 0.271616 0.0109375 0.009948210085908293
5 0.872479 0.268456 0.01015625 0.008344766508343326
5 0.572479 0.32871 0.01015625 0.009907266508343416
5 0.609198 0.327567 0.0125 0.00924884724103805
5 0.641229 0.326669 0.0125 0.01081134724103805
5 0.841229 0.31775 0.01328125 0.01319604081860284
5 0.876385 0.315908 0.01484375 0.008590427973732596
5 0.913885 0.315505 0.01328125 0.010071040818602838
5 0.65451 0.376755 0.01328125 0.009289790818602928
5 0.605291 0.378553 0.01015625 0.007563516508343415
5 0.556854 0.379529 0.009375 0.009085072930778537
5 0.815448 0.370664 0.01015625 0.011469766508343415
5 0.864666 0.367303 0.0140625 0.008549484396167806
5 0.913104 0.367109 0.01328125 0.012414790818602838
2 0.85451 0.812367 0.01640625 0.011016065128862352
5 0.709979 0.81291 0.0140625 0.011674484396167806
5 0.652166 0.811252 0.01640625 0.014922315128862352
2 0.594354 0.820532 0.0171875 0.01183825870642714
2 0.491229 0.823593 0.01484375 0.008590427973732773
2 0.470135 0.840324 0.01484375 0.010934177973732594
2 0.449041 0.840648 0.0140625 0.010893234396167805
2 0.556073 0.883476 0.015625 0.012537621551297562
2 0.524823 0.880426 0.0203125 0.014345783016686653
5 0.493573 0.888314 0.01640625 0.010234815128862351
2 0.681854 0.853447 0.01875 0.015826395861557076
6 0.643573 0.905453 0.0171875 0.013400758706427141
6 0.786541 0.901085 0.015625 0.011756371551297561
6 0.781073 0.881841 0.0125 0.01081134724103805
6 0.772479 0.855728 0.01953125 0.01586733943912222
2 0.265448 0.832301 0.01640625 0.011016065128862352
2 0.391229 0.828053 0.015625 0.010975121551297562
2 0.95451 0.807907 0.01875 0.011920145861557074
0 0.5670846296875001 0.5889238375 0.555572596875 0.5542638656250001 0.32614346875 0.5452534671875 0.327960503125 0.5782980249999999 0.5670846296875001 0.5889238375
0 0.1966877671875 0.57469895625 0.201103315625 0.541681325 0.0022631328124999997 0.5334664171875 0.0022631328124999997 0.5626034390625 0.1966877671875 0.57469895625
0 0.50883423125 0.4607621984375 0.4996745390625 0.43471273593750004 0.311362903125 0.430127225 0.31560965625000004 0.453022328125 0.50883423125 0.4607621984375
0 0.2057263984375 0.44845686406249996 0.20897265156249997 0.422980128125 0.019402734375 0.41482624062499995 0.007193435937500001 0.4380521921875 0.2057263984375 0.44845686406249996
0 0.45271876562499996 0.367190196875 0.44713805312500005 0.34702543124999996 0.3269104171875 0.34389079375 0.328502940625 0.3638624328125 0.45271876562499996 0.367190196875
0 0.190485365625 0.3578225265625 0.18795805625 0.339133834375 0.0673312484375 0.3350599875 0.060430407812499996 0.349415571875 0.190485365625 0.3578225265625
6 0.761541 0.344583 0.01875 0.019732645861557076
0 0.44363562031250003 0.2995590390625 0.3322188046875 0.29444856875 0.3316879875 0.32663958437499996 0.4436945484375 0.3313163109375 0.44363562031250003 0.2995590390625
0 0.17628328124999998 0.28554769687500003 0.063615384375 0.280769421875 0.064677090625 0.30588416406249996 0.18093036875 0.30839686718750003 0.17628328124999998 0.28554769687500003
4 0.15598102656249999 0.24616769375 0.16811093906250002 0.2457170375 0.1740294578125 0.23716948750000003 0.163943571875 0.239027484375 0.1522651609375 0.23881320781249998 0.1368708890625 0.238006428125 0.12572329531249998 0.23861550625 0.1161682265625 0.23891027031249998 0.1066131578125 0.240000559375 0.0938731140625 0.2433105171875 0.082725521875 0.2459084078125 0.07370134218749999 0.2470265203125 0.06149204375 0.24678442031249997 0.0466286578125 0.243221128125 0.0365427015625 0.2426925453125 0.0280493375 0.243838475 0.0142475875 0.2478883171875 0.0089392 0.251985515625 0.003630884375 0.2604581125 0.01530929375 0.2562969921875 0.025925996875000003 0.2504891796875 0.0365427015625 0.24985227812500002 0.054060315625 0.2519636375 0.063615384375 0.25365768437499997 0.0768863171875 0.253159896875 0.0938731140625 0.2524590765625 0.1066131578125 0.24875135625000003 0.11988409062500001 0.24626474531250003 0.1358091828125 0.24630381875000001 0.15598102656249999 0.24616769375
0 0.6517825453125 0.7580611921875 0.643274265625 0.736880603125 0.3608840109375 0.7284963671875 0.358229853125 0.746256621875 0.6517825453125 0.7580611921875
0 0.175481034375 0.7398612609375 0.17569954375000002 0.7228833484375 0.008267435937500001 0.7171762484374999 0.0024282328125 0.733974071875 0.175481034375 0.7398612609375