0 0.058358287499999995 0.2573401921875 0.103082240625 0.4008616390625 0.28762505156249996 0.3375390640625 0.24346375937500003 0.210130203125 0.058358287499999995 0.2573401921875
0 0.5191833578125 0.23747698593750002 0.4852522828125 0.126405725 0.400218753125 0.15018573125 0.43785060937500003 0.27502769531250004 0.5191833578125 0.23747698593750002
1 0.28954833125 0.33114403281250004 0.31450749375 0.338969734375 0.33890399375 0.33068285 0.35999357656250003 0.31990407187500003 0.40242594218749994 0.30559718125 0.4156024546875 0.2833645828125 0.3922340828125 0.22888738593750002 0.36971481562499997 0.16799015781249999 0.34960220625 0.08380468437500001 0.3225330515625 0.015556785937500001 0.2774459453125 0.0153123453125 0.3227990515625 0.1153798140625 0.344863075 0.19397588593749998 0.3499142484375 0.2464167953125 0.3457531140625 0.280933846875 0.2950087015625 0.3030970171875 0.28954833125 0.33114403281250004
1 0.3891088109375 0.661890921875 0.34994753749999996 0.5547228 0.3161238859375 0.4774629703125 0.2995995234375 0.40382568125 0.2916480984375 0.4527440546875 0.34496543125 0.5964655140625 0.359712290625 0.64993706875 0.37327755625000003 0.6695721906250001 0.3891088109375 0.661890921875
0 0.16073719687500002 0.6380611 0.30590647031249996 0.5536977328125 0.2535737984375 0.43817329843749997 0.111683309375 0.5242229296875001 0.16073719687500002 0.6380611
0 0.2341210984375 0.803178953125 0.36092201875 0.684579128125 0.3238477140625 0.6064386625 0.1892232328125 0.6854126421875 0.2341210984375 0.803178953125
0 0.43451302812500003 0.456069271875 0.51677928125 0.4145154171875 0.498449284375 0.3199067671875 0.40767404999999995 0.36367749531250004 0.43451302812500003 0.456069271875
0 0.4908559453125 0.5942263328124999 0.5544111375 0.53935738125 0.5243215109375 0.44608497187499996 0.45714993593750003 0.4896001046875 0.4908559453125 0.5942263328124999
0 0.0298492296875 0.1785941109375 0.209100465625 0.1481523265625 0.1690670640625 0.016009696875 0.0021151 0.0298332859375 0.0298492296875 0.1785941109375
0 0.392113859375 0.1025035921875 0.477062990625 0.0763066984375 0.4715514640625 0.07215354375000001 0.46206293125000003 0.0155844796875 0.35577613124999996 0.0147205765625 0.392113859375 0.1025035921875
0 0.517647440625 1 0.70388736875 0.732005484375 0.6698718921875 0.6185173374999999 0.3772136703125 0.9666993937499999 0.484479134375 1 0.517647440625 1