4 0.22786458281250002 0.7190393515625 0.26475694375000003 0.749421296875 0.29296875 0.7928240734374999 0.2907986109375 0.7609953703125 0.2864583328125 0.7262731484375 0.2517361109375 0.6799768515625 0.20724826406250002 0.6524884265625001 0.1703559015625 0.6105324078125001 0.1204427078125 0.539641203125 0.06727430625 0.47743055625 0.03797743125 0.4296875 0.0173611109375 0.43836805625 0.087890625 0.5295138890625 0.146484375 0.6163194437499999 0.210503471875 0.6799768515625 0.22786458281250002 0.7190393515625
4 0.1909722234375 0.626446759375 0.22135416718749998 0.668402778125 0.23546006875 0.6582754640624999 0.22352430625 0.6409143515625 0.23328993125 0.62789351875 0.2756076390625 0.636574075 0.2701822921875 0.6134259265625001 0.25499131875000003 0.587384259375 0.238715278125 0.6076388890625 0.20399305625 0.6047453703125 0.1801215265625 0.5946180562500001 0.14539930625 0.545428240625 0.09982638906249999 0.4890046296875 0.05208333281250001 0.4166666671875 0.0021701390625 0.353009259375 0.0271267359375 0.4137731484375 0.1106770828125 0.5164930562500001 0.1909722234375 0.626446759375
1 0.3830295140625 0.27777777812500004 0.4546440984375 0.4644097234375 0.6119791671875 0.397858796875 0.5533854171875 0.19965277812499999 0.3830295140625 0.27777777812500004
1 0.5935329859375 0.18952546406249998 0.6412760421875 0.38628472343750003 0.8062065984375 0.313946759375 0.7790798609375 0.1027199078125 0.5935329859375 0.18952546406249998
1 0.20616319375 0.31684027812500004 0.2907986109375 0.4846643515625 0.3971354171875 0.43258101875 0.3200954859375 0.2589699078125 0.20616319375 0.31684027812500004
1 0.6716579859375 0.575810184375 0.6998697921875 0.6770833328125 0.8040364578125001 0.6524884265625001 0.8116319437499999 0.5410879640624999 0.6716579859375 0.575810184375
1 0.52734375 0.625 0.5620659734375 0.713252315625 0.6662326390625 0.6886574078125001 0.6412760421875 0.5917245359375001 0.52734375 0.625
1 0.46875 0.5946180562500001 0.2604166671875 0.66695601875 0.31358506875000003 0.7421875 0.5002170140625 0.6770833328125 0.46875 0.5946180562500001
1 0.1616753484375 0.3385416671875 0.0726996515625 0.379050925 0.1616753484375 0.5309606484375 0.2560763890625 0.4933449078125 0.1616753484375 0.3385416671875
2 0.274825 0.106556 0.02734375 0.03203125
2 0.444356 0.187025 0.025 0.02890625
2 0.509981 0.222963 0.0421875 0.02734375
2 0.644356 0.294056 0.0328125 0.03359375
2 0.724825 0.280775 0.02734375 0.02421875
2 0.836544 0.339369 0.02265625 0.0203125
2 0.700606 0.2214 0.0328125 0.02421875
2 0.882637 0.361244 0.02265625 0.0171875
2 0.981856 0.414369 0.01875 0.02890625
2 0.431856 0.457338 0.01640625 0.021875
2 0.577168 0.513588 0.0296875 0.021875
2 0.233418 0.375306 0.02265625 0.0234375
2 0.229512 0.554994 0.021875 0.02890625
2 0.373262 0.599525 0.03125 0.0203125
2 0.399044 0.605775 0.02578125 0.02890625
2 0.522481 0.647181 0.03046875 0.02890625
2 0.791231 0.688588 0.025 0.03046875