2 0.086608 0.587199 0.04181742688202613 0.04913297524323372
2 0.351226 0.558982 0.04465592539915138 0.0421562723211343
2 0.140461 0.742937 0.024598093383928932 0.04805171631477982
2 0.374822 0.766573 0.036076762851581276 0.06152388108743238
2 0.160235 0.794881 0.02624150642579064 0.030905126623205346
2 0.198253 0.897961 0.030338757414373772 0.03566081047058134
2 0.393247 0.909183 0.03171025642579064 0.03100058400953145
2 0.627054 0.54347 0.031898598821136305 0.07394206047058134
2 0.886574 0.563636 0.03416143577927464 0.09115683400953163
2 0.606153 0.78781 0.03392401384016441 0.06617047077900687
2 0.841529 0.748138 0.02652800790866543 0.03793637662320535
2 0.818893 0.804814 0.02624150642579064 0.030905126623205346
2 0.785194 0.902734 0.020963757414373774 0.03549716923687925
2 0.738498 0.953202 0.024088757414373774 0.03179253024023367
2 0.585562 0.909413 0.02624150642579064 0.030905126623205346
2 0.569271 0.959141 0.026177839429596263 0.019914777601083244
1 0.31679945625 0.9341251859374999 0.2611489703125 0.5837123453124999 0.054300710937499996 0.5884549781249999 0.162326465625 0.9342132453125 0.31679945625 0.9341251859374999
1 0.751514725 0.7161772484375 0.7965443890625 0.5331932328125 0.5945482625 0.5213141953125 0.5676685015625 0.7199291859375 0.751514725 0.7161772484375
1 0.5868707078125001 1 0.6648566359375 0.9986728234375001 0.67250904375 0.938941925 0.7098859156249999 0.9437709296874999 0.7341013703125 0.8105426953125001 0.5724976484375001 0.806329696875 0.543810828125 1 0.5868707078125001 1
5 0.510323 0.683721 0.02262175790866543 0.037868192775829715
5 0.46407 0.686823 0.030226010874414965 0.052053423701106105
6 0.096641 0.417723 0.02679992193911026 0.025450013392680583
6 0.246195 0.431278 0.023611254942915893 0.023832966314779824
6 0.402908 0.441832 0.03298625494291585 0.02399660754848192
6 0.57338 0.440898 0.029207338935304604 0.027053423701106284
6 0.728577 0.431098 0.029207338935304604 0.027053423701106284
6 0.889401 0.417488 0.01592608893530496 0.026821598620028198
6 0.942245 0.502063 0.02362584239534584 0.04335057954530477
6 0.882499 0.663636 0.019051088935304605 0.026876145697928778