2 0.919615 0.278182 0.017423857336090975 0.02081260517284953
2 0.843542 0.183813 0.02285624466899989 0.01784672954602886
2 0.771895 0.201253 0.019767607336090887 0.020880801332783517
2 0.704835 0.210235 0.018250560669954296 0.024741587226160888
2 0.638646 0.227053 0.029160788669636162 0.02271608597251955
2 0.2537 0.300979 0.022947151336727156 0.02565922954602886
2 0.132098 0.320871 0.025972154002227167 0.017156407759274295
2 0.695662 0.562974 0.018968176002545432 0.019295569279472246
2 0.703684 0.58117 0.016660788669636162 0.022352373119538173
2 0.738232 0.664178 0.022093176002545435 0.0193864974927175
2 0.944827 0.632702 0.024382382001908808 0.0147671936526514
2 0.927603 0.561913 0.015961354670590566 0.029360891066226812
2 0.920144 0.524989 0.02760737933640911 0.023451871865896833
2 0.508553 0.591112 0.014271585335772486 0.018377926959604097
2 0.520463 0.607859 0.011918744668999892 0.01752848079967002
2 0.55889 0.688638 0.02282897266868176 0.015502979546028861
2 0.371626 0.703494 0.025990335335772663 0.018718907759274116
2 0.331882 0.643764 0.023728401336727066 0.02568196159934022
2 0.309634 0.611096 0.020667036004136108 0.031059783386094785
2 0.39452 0.791631 0.01745112933640893 0.02315635517284953
2 0.429467 0.84185 0.016633516669318026 0.02000862311953817
2 0.447654 0.861123 0.02442783533577266 0.0186734436526514
2 0.477905 0.910424 0.015071016669318028 0.019963159012915455
2 0.647191 0.894263 0.016660788669636162 0.022352373119537815
2 0.616895 0.841056 0.016742604670590744 0.029383623119538172
2 0.577668 0.758692 0.018250560669954296 0.024741587226160888
2 0.804858 0.886355 0.022883516669318028 0.020190479546028685
2 0.779095 0.820003 0.029260786004136462 0.03130983597251955
2 0.749252 0.738693 0.017387494668999894 0.01768760517284953
2 0.956964 0.724495 0.01376130623411811 0.01849158722616089
2 0.96144 0.787177 0.004808201225368691 0.014471676959604097
3 0.7492308703125 0.8674737453124999 0.7452740109375 0.8557126859374999 0.7353386265624999 0.8554235953125 0.7298011078125 0.83913734375 0.722745496875 0.8237027593749999 0.7156586015624999 0.8055797437500001 0.692563953125 0.7905743109375 0.6778553109375001 0.77402120625 0.672359503125 0.761319528125 0.661691140625 0.7636966328125 0.667228659375 0.7799828843750001 0.685758603125 0.796647178125 0.70440325 0.8231690546875001 0.7130916578125001 0.847609553125 0.72395814375 0.86225918125 0.7301660734375 0.8705023765625001 0.7492308703125 0.8674737453124999
1 0.9017598390625 0.3411535984375 0.6338395171875 0.39696145 0.6887096984375 0.5645477234375 0.9343299734375 0.525155371875 0.9017598390625 0.3411535984375
1 0.46796414531249997 0.5813942703125 0.3869860765625 0.4440744484375 0.15719304843749998 0.4792734109375 0.2502266390625 0.6293544578125 0.46796414531249997 0.5813942703125
1 0.5120172484375 0.61525350625 0.370841303125 0.6483770437499999 0.4275277578125 0.7446561015625 0.552948684375 0.7219332796875 0.5120172484375 0.61525350625
1 0.9214927156250001 0.558910571875 0.7511105515625001 0.583427765625 0.7867842953124999 0.69305716875 0.947974528125 0.6744777390625 0.9214927156250001 0.558910571875
1 0.96629894375 0.7711918828125001 0.8037310874999999 0.785077309375 0.8541072562500001 0.90754495625 0.987667521875 0.902123328125 0.96629894375 0.7711918828125001
1 0.5884237984375 0.814492540625 0.46425409531249995 0.8310465453125 0.539703615625 0.9480385281249999 0.6360988921875 0.9322276734375 0.5884237984375 0.814492540625
5 0.883841 0.224034 0.02053067600254508 0.019341033386094875
5 0.745896 0.248917 0.014335220003181704 0.023846676959604095
5 0.637575 0.269195 0.01989487667090888 0.031818301332783516
5 0.250284 0.343053 0.02374658267027261 0.02724446159934022
5 0.15281 0.355837 0.018277832670272564 0.0270853372261608