0 0.3288421015625 0.2065825265625 0.43657084375000005 0.25143190937500004 0.45045698125 0.2385694109375 0.33593674375 0.19500145156249998 0.3288421015625 0.2065825265625
2 0.448768 0.213903 0.010206246974937905 0.009126016508343326
2 0.404937 0.197548 0.015674996974937905 0.009412621551297563
2 0.367355 0.18152 0.010219882513557366 0.01146976650834335
2 0.323518 0.164383 0.010206246974937905 0.009126016508343372
5 0.596225 0.187266 0.012554542154477665 0.010030097241038049
2 0.577153 0.265149 0.010982951795397966 0.008385710085908294
2 0.635869 0.289314 0.010197156615858205 0.007563516508343415
2 0.630986 0.255474 0.023510222872636887 0.013728307326946344
2 0.633911 0.221263 0.024291472872636888 0.013769250904511133
5 0.671484 0.235728 0.013326701795397966 0.008508540818602838
5 0.656191 0.291941 0.012549996974937905 0.00924884724103805
5 0.744858 0.362974 0.015674996974937905 0.009412621551297563
2 0.622539 0.548692 0.011773292154477666 0.009989153663473083
5 0.569477 0.556845 0.01570226805217665 0.014100121551297562
2 0.485902 0.689923 0.007862496974937905 0.009003185775648782
5 0.439886 0.700789 0.012554542154477844 0.010030097241038049
5 0.456174 0.681336 0.012572722872636888 0.01315509724103805
5 0.299189 0.815253 0.014893746974937904 0.009371677973732773
5 0.261443 0.7711 0.014107951795398144 0.008549484396167806
5 0.237061 0.741706 0.014112496974937905 0.009330734396167805
5 0.211902 0.713052 0.014889201795398144 0.008590427973732596
5 0.12303 0.606863 0.010969316256778683 0.0060419600859081156
5 0.141902 0.628939 0.010969316256778683 0.006041960085908293
5 0.10651 0.586472 0.009402271077238834 0.005178822930778537
5 0.059122 0.630068 0.018018746974937903 0.009535452283992284
5 0.046535 0.614569 0.018009656615858294 0.007972952283992108
5 0.03786 0.600056 0.017214771077238854 0.005588258706427318
2 0.274316 0.835818 0.014880111436318445 0.007027927973732773
2 0.227755 0.887268 0.014880111436318445 0.007027927973732773
2 0.337743 0.864134 0.011750566256778682 0.0060829036634732605
2 0.797892 0.350133 0.016465337334017248 0.01101606512886244
1 0.6142970328125 0.538275753125 0.7378475546875001 0.39936465625 0.5119933249999999 0.30032541875 0.4290526484375 0.4248945328125 0.6142970328125 0.538275753125
1 0.3923472984375 0.40322872343749994 0.46950992031250005 0.27841727031249996 0.323628340625 0.2161301859375 0.26762472656249997 0.32638165468749997 0.3923472984375 0.40322872343749994
1 0.231290034375 0.35352968125 0.1892566359375 0.4457466296875 0.2820691796875 0.520360103125 0.342425475 0.43082740625 0.231290034375 0.35352968125
1 0.3094178453125 0.5476272015625 0.476930359375 0.6877975328125 0.5671920796875 0.59056253125 0.376657703125 0.463216596875 0.3094178453125 0.5476272015625
1 0.25313306875 0.677734628125 0.372121484375 0.80329594375 0.45039001250000005 0.7295416109375 0.306076165625 0.6009859843750001 0.25313306875 0.677734628125
0 0.31191155312499996 0.596783528125 0.4140524046875 0.6881623984374999 0.43828704218750003 0.663658878125 0.33327071875000003 0.5749728796875 0.31191155312499996 0.596783528125
0 0.211141996875 0.6385969578124999 0.15696975468750002 0.5809313171875 0.13852860312499998 0.6006994531250001 0.1824334390625 0.6491043859375 0.211141996875 0.6385969578124999
0 0.188765521875 0.48699477656249995 0.262180071875 0.5505214171875 0.2794894484375 0.5251687 0.20359897500000002 0.46264670937499996 0.188765521875 0.48699477656249995
0 0.2508739078125 0.362889503125 0.3419616390625 0.4188455859375 0.3604058109375 0.3883886734375 0.272199003125 0.3352225984375 0.2508739078125 0.362889503125
0 0.40285343906250004 0.4653010609375 0.53066500625 0.5492880671875 0.5610171140625 0.512346784375 0.434253528125 0.4347178953125 0.40285343906250004 0.4653010609375
4 0.41160548593749996 0.8234165171875001 0.4115330859375 0.810971971875 0.42223536250000004 0.8039708250000001 0.437458375 0.7906203203125 0.453254290625 0.7713246921875 0.4736308546875 0.7484868125 0.50056431875 0.733554596875 0.519359496875 0.7186837515625 0.533956753125 0.709691303125 0.539736040625 0.6958458734375 0.5418948953125 0.675224415625 0.55318706875 0.6577017140625 0.565527515625 0.652493978125 0.5827072359375001 0.6397338921875 0.6043920578125 0.61794031875 0.62774058125 0.602332353125 0.634884909375 0.5992916625 0.6413651734375 0.5940207421875 0.6504250515625001 0.5844941640625 0.649416875 0.5790747265625 0.6432480703125 0.5819226046875 0.63455216875 0.5980545390625001 0.6173383875 0.60495836875 0.6063033375 0.6107223984375 0.59657230625 0.6167986953125 0.5855770046875 0.629395021875 0.5719879046874999 0.6438069078125 0.5528330218749999 0.65280443125 0.5424819328125 0.6642148375 0.5353848015625 0.675367865625 0.5305611640625 0.6856043453125 0.532263196875 0.69837823125 0.5238532 0.707694934375 0.5151161281250001 0.7167505671875001 0.502530225 0.7226573125 0.485663384375 0.73323836875 0.4710788828125 0.7444269078125 0.459411021875 0.7533289453124999 0.45132097968749996 0.7616866734375 0.43870882343749995 0.7761497578125 0.42642088125 0.790385890625 0.41607263281250007 0.80228431875 0.40374532968750004 0.8097548671875 0.400620884375 0.8322772046875 0.3938362609375 0.8411912265625 0.3909863890625 0.8549462453125001 0.3861371984375 0.8607905171875 0.3724777390625 0.8645308140625 0.372794890625 0.8672425875 0.3770453375 0.87039258125 0.380618921875 0.8691162453124999 0.3906883625 0.86525310625 0.40039525937500003 0.855028621875 0.4038907640625 0.8403316937499999 0.41160548593749996 0.8234165171875001
4 0.6578002109375001 0.56628154375 0.65100990625 0.5742195156250001 0.6510326203125001 0.5781236890625 0.6649715109375001 0.5678770578125001 0.6833430796875 0.5361523890625 0.7136840328125 0.4913945734375 0.7450757515624999 0.459376525 0.7666385265625 0.43626909999999997 0.753744 0.438490915625 0.740792675 0.450614284375 0.7233327484375 0.47116565312500003 0.694195 0.4989109703125 0.6797411046875 0.532548509375 0.6707195671874999 0.5486633859375 0.6578002109375001 0.56628154375
3 0.7457742734374999 0.34793031874999997 0.7308584609375 0.3581257515625 0.7583744140625 0.3695184453125 0.774140921875 0.3555153609375 0.6915836515625 0.3221602828125 0.6837795171875001 0.3237027703125 0.6501755593749999 0.31120847500000004 0.6472830765625 0.31764315781249997 0.6795745171875 0.3283611328125 0.6889997875 0.3256839109375 0.7457742734374999 0.34793031874999997
3 0.4093933265625 0.445175878125 0.5220280390625 0.272148446875 0.5039517640625 0.2672473796875 0.39357478125 0.4355836671875 0.4093933265625 0.445175878125
3 0.4469451359375 0.692908046875 0.5700892390625001 0.5560594875 0.54879734375 0.545080453125 0.43315667500000005 0.6826602140625 0.4469451359375 0.692908046875
3 0.2544753546875 0.704747703125 0.2598806796875 0.6954623718749999 0.24352025937500002 0.6801266390625 0.31466077812500004 0.5847927390625001 0.30292014218749996 0.5769382578125 0.2343693203125 0.6804090734375 0.24563238593749998 0.693572628125 0.2365058359375 0.6980474359375 0.2544753546875 0.704747703125
3 0.1433137953125 0.5864430875 0.149852865625 0.5742125031249999 0.136597409375 0.5681836984374999 0.188418821875 0.47336135468749996 0.179743234375 0.46795357656250003 0.127952865625 0.568111665625 0.1386740578125 0.575531684375 0.131593115625 0.582018746875 0.1433137953125 0.5864430875
3 0.0764593421875 0.6063672343750001 0.102386253125 0.6054399640625 0.1546059359375 0.6664709796875 0.17697685624999998 0.666119359375 0.19317991406249999 0.65439524375 0.2161902671875 0.6765566359374999 0.23531690468750002 0.679420625 0.22324682031249998 0.6658772015625 0.202273203125 0.6442035703125 0.189584009375 0.6481106578125 0.1774389046875 0.65814239375 0.16220214375 0.66115395625 0.10996693906249999 0.5974550609375 0.072361475 0.6011993671875 0.0764593421875 0.6063672343750001
3 0.2322845046875 0.8209324703125 0.24354535312499997 0.8337149015625 0.24909595312500002 0.8263856234375 0.2419241015625 0.8172465656250001 0.25564389374999996 0.8156795390625 0.2683552609375 0.8155836984375 0.2993507 0.8118739796875 0.3150695015625 0.8043155843750001 0.3196117125 0.7984574875 0.33288490625 0.80753529375 0.339484321875 0.8039787671875 0.329206996875 0.7871490875 0.3144877171875 0.7917118125 0.29116605624999997 0.803443865625 0.2617008890625 0.8079957921875 0.2530319546875 0.803731384375 0.23525649375 0.807371921875 0.227147240625 0.8119000421875 0.2322845046875 0.8209324703125
3 0.12462044531250001 0.7029620203125 0.11902549843750002 0.7026688015625 0.110369934375 0.7006911390624999 0.10633186875 0.7058136296875 0.1088994609375 0.7101392859375 0.1160225328125 0.710893609375 0.1242561609375 0.71553643125 0.1317590375 0.7063841953125001 0.143959540625 0.705880575 0.1469736609375 0.6995613875 0.13929759531250002 0.6911579328124999 0.1336826921875 0.6874345890625 0.1271126484375 0.694329421875 0.1327275171875 0.6980527640624999 0.12462044531250001 0.7029620203125
3 0.098349046875 0.6711045 0.0953593859375 0.6816160625000001 0.10150285781249999 0.688796175 0.0862816171875 0.6944756140624999 0.1005387796875 0.697889865625 0.1091323265625 0.6891960187499999 0.1034553375 0.6748011890625001 0.10802190468749999 0.673135475 0.11772365468749998 0.680121059375 0.12430256718749999 0.674750721875 0.1196539609375 0.6623148234375 0.1044126953125 0.6645641343750001 0.098349046875 0.6711045
5 0.168534 0.776384 0.02506363251355732 0.01224769448207592
5 0.150438 0.753568 0.01958579215447771 0.010398589439121864
5 0.137034 0.731778 0.019594882513557323 0.011961089439121863
5 0.533316 0.248013 0.015697722872636887 0.013318871551297563
4 0.0328969546875 0.6415242671875 0.0345925375 0.6370987546875 0.0356878984375 0.628127409375 0.033065089062500004 0.6211109125000001 0.030734234375000002 0.6149695828125 0.028112657812500004 0.6081681125 0.0226638578125 0.60852746875 0.0181085015625 0.614522871875 0.0238930796875 0.6225649625 0.0291349796875 0.6359528578125 0.0232198171875 0.65477520625 0.0264491234375 0.6674127171875 0.029684684375 0.68112540625 0.025477732812499997 0.6926110890625 0.028983998437500002 0.703543359375 0.029017776562499997 0.709349321875 0.0290603109375 0.7166605374999999 0.0310904203125 0.720421428125 0.032874828125 0.7312634515624999 0.03289359375 0.73448899375 0.041071753125 0.731372709375 0.036496071875 0.7121389796875001 0.0338394875 0.69931650625 0.0346516140625 0.6909752328125001 0.0351009578125 0.675175128125 0.033613525 0.666068425 0.028123440625000003 0.6593315921875 0.031233896875 0.6515407093750001 0.0328969546875 0.6415242671875