0 0.40866766718749997 0.6731703812500001 0.6293037906250001 0.703563715625 0.6241119484375 0.3684394109375 0.40875692187499996 0.40989155468750005 0.40866766718749997 0.6731703812500001
0 0.41191045624999995 0.1160401375 0.40330756562500003 0.3509025109375 0.6188124015625001 0.2934228828125 0.5897803578125 0.039931787499999996 0.41191045624999995 0.1160401375
0 0.22762422343750002 0.4824318890625 0.2144880046875 0.6801710546875 0.33425362187499996 0.6994991640625 0.345836909375 0.4614606078125 0.22762422343750002 0.4824318890625
0 0.2343690015625 0.24862234062500002 0.22727680156250002 0.42719383125 0.343906253125 0.4082294609375 0.3442816703125 0.19413754218749998 0.2343690015625 0.24862234062500002
0 0.1210725046875 0.278735296875 0.114960815625 0.42479453281249996 0.1882726671875 0.4056211078125 0.193807403125 0.24242468125 0.1210725046875 0.278735296875
0 0.1060911890625 0.489961725 0.0983273875 0.6297318 0.17667603125 0.6413655312500001 0.1789690609375 0.4782445578125 0.1060911890625 0.489961725
1 0.360007096875 0.6680721875 0.3572435953125 0.705926584375 0.37646427031249996 0.710505784375 0.3795734984375 0.6876586046875001 0.6765038609375 0.7363179984375 0.676652240625 0.761822325 0.7122993515625 0.7591706515625 0.7071668515625 0.7128295109375 0.6633996796875 0.7129372140625 0.360007096875 0.6680721875
1 0.07506376718749999 0.61423011875 0.079448903125 0.6472724750000001 0.1897537171875 0.6601919859375001 0.18983320625 0.6738550078125 0.20264073593749998 0.6462271640624999 0.10043456718749999 0.63220816875 0.088956540625 0.6097005249999999 0.07506376718749999 0.61423011875
1 0.3711825578125 0.359896721875 0.3661469296875 0.3978914796875 0.3875918203125 0.39413251250000003 0.39068515000000004 0.3685526875 0.659431353125 0.3094600390625 0.6595585359375 0.3313208875 0.6935849015625 0.328706934375 0.69336233125 0.29045043593750003 0.6495739625 0.2869146453125 0.3711825578125 0.359896721875
1 0.19892866250000002 0.4569318453125 0.2000501125 0.47957587031250004 0.3603933265625 0.45580201093749995 0.366781140625 0.4392554921875 0.23075538906249998 0.4633743453125 0.19892866250000002 0.4569318453125
1 0.21389379375 0.2533015328125 0.3745767515625 0.17363299999999998 0.36859133593750004 0.1621308859375 0.22181631093749998 0.23913751093750002 0.2203006109375 0.23293631874999998 0.213660109375 0.23600122343750002 0.21389379375 0.2533015328125
1 0.092658840625 0.41959311250000003 0.0979795421875 0.4439994125 0.20067885156249998 0.42082080624999996 0.1991413828125 0.410878234375 0.10973512187500001 0.4300055546875 0.11262383281249999 0.41788113125 0.092658840625 0.41959311250000003
1 0.0079366171875 0.6080278890625 0.006926004687499999 0.6164333953125001 0.0338750296875 0.61573946875 0.0458600390625 0.5140138656250001 0.09837734375 0.512375746875 0.0980653546875 0.458749325 0.09144178281250001 0.4647242109375 0.0878157515625 0.4772815453125 0.0813106859375 0.50362615 0.0628178125 0.504056575 0.0324847109375 0.5039310453125 0.02199121875 0.607700765625 0.0079366171875 0.6080278890625
1 0.001891409375 0.31040435624999996 0.0048538015625 0.3324629625 0.035931479687500004 0.333402690625 0.0736544953125 0.3321089015625 0.106929565625 0.329255596875 0.109818275 0.317131171875 0.0787817140625 0.3232585109375 0.038820189062499996 0.32127826718749997 0.0336519046875 0.3230616140625 0.0122026015625 0.3239766171875 0.011375796875 0.309028325 0.001891409375 0.31040435624999996