2 0.47055 0.659169 0.03570176386770836 0.025074928659881833
2 0.666485 0.439922 0.034030161094166546 0.020314654052775973
2 0.34181 0.511613 0.04202449905006951 0.02849102708830529
2 0.503424 0.322052 0.03648301386770836 0.025111315963434678
2 0.447229 0.283458 0.03410289627652787 0.023439654052775972
2 0.320444 0.488719 0.03183188145888884 0.026455492142117266
2 0.227514 0.381936 0.03793641109416668 0.020496590570540672
2 0.335421 0.214901 0.044422800436840326 0.030943938998963992
2 0.341726 0.179218 0.03330346248093754 0.022622016749222974
2 0.265382 0.132647 0.04266027868534723 0.02227741439185813
2 0.186691 0.287748 0.01756935970739586 0.017206770678164406
2 0.17212 0.275337 0.013626742116215285 0.015462334160399748
2 0.238439 0.114186 0.024655161094166676 0.019878006410140793
2 0.182262 0.074811 0.03403016109416668 0.020314654052775927
2 0.333193 0.781035 0.031050631458888846 0.026419104838564154
2 0.23643 0.637315 0.03321254350298615 0.01871576674922295
2 0.219642 0.619327 0.025436411094166677 0.01991439371369381
2 0.149405 0.512037 0.03179551386770836 0.024892992142117265
2 0.139263 0.712564 0.025563697663298645 0.025383143713693813
2 0.088101 0.625714 0.04266027868534724 0.02227741439185813
2 0.11876 0.215759 0.03095971248093752 0.022512854838564245
2 0.185318 0.817163 0.03403016109416668 0.02031465405277615
2 0.067065 0.487867 0.025418227298576408 0.01913314371369381
1 0.2905477765625 0.5093029109375 0.43581469375 0.6603145500000001 0.60563329375 0.4840612 0.4186092875 0.36013527968750003 0.2905477765625 0.5093029109375
1 0.1806439078125 0.398040978125 0.27761507343749997 0.49327806250000006 0.385262078125 0.33771637656250003 0.269744590625 0.25975959843749996 0.1806439078125 0.398040978125
1 0.08127121875 0.2500741046875 0.176717696875 0.35884826406250003 0.2611539296875 0.2130919859375 0.1288468296875 0.1289099859375 0.08127121875 0.2500741046875
1 0.17063095156250002 0.8802081015625 0.27112457968750003 0.8241058796875 0.084953328125 0.559602778125 0.0347441734375 0.638005565625 0.17063095156250002 0.8802081015625
1 0 0.47565453281250003 0.048366909375 0.5724140328125 0.09955234375000001 0.5040359796875 0.01042155625 0.38376230312500004 0 0.43465749374999996 0 0.47565453281250003
4 0 0.3289791484375 0.03083004375 0.33844534843749996 0.048294621875 0.3156714234375 0.0428648171875 0.2891095578125 0.0489424703125 0.23586748750000003 0.07172537031250001 0.19247553281250002 0.09961566250000001 0.137527784375 0.126487490625 0.0743677484375 0.0942009296875 0.058348684375 0.0654609140625 0.0978343578125 0.032421039062500004 0.1661503484375 0.00016761250000000002 0.252647084375 0 0.2556678484375 0 0.3289791484375
5 0.454687 0.769488 0.04275119766329869 0.02618366439185813
6 0.395474 0.826951 0.028634146276527873 0.023184942927905183
6 0.552563 0.697401 0.02954268284565984 0.02869008023145838
6 0.664683 0.618157 0.04533133700597229 0.036449076302517015
6 0.815921 0.504758 0.0320500870059723 0.03583049214211727
6 0.80782 0.348743 0.04046199905006951 0.028418252481199426
6 0.634167 0.24915 0.02470971248093754 0.02222175641014079
6 0.498903 0.180282 0.05361596248093754 0.02356808664159917
6 0.397759 0.123953 0.029415396276527783 0.023221330231458382
6 0.314311 0.080179 0.0255636976632986 0.025383143713693723
3 0.14279795625 0.516936646875 0.1727673625 0.4766010265625 0.1609585890625 0.4642573484375 0.13594892812499998 0.4993807375 0.14279795625 0.516936646875