1 0.7758576953125 0.275203703125 0.44887598281249996 0.288773153125 0.39853063906249997 0.517762053125 0.8121694453125 0.51916411875 0.7758576953125 0.275203703125
1 0.557382928125 0.0804398203125 0.53746271875 0.21889590937499998 0.802696828125 0.2062772578125 0.77270005 0.0632659984375 0.557382928125 0.0804398203125
1 0.5090447625000001 0.08289498437500001 0.3013065390625 0.09587191875 0.24696829843749998 0.2301124453125 0.4822056296875 0.22590624374999999 0.5090447625000001 0.08289498437500001
1 0.419844053125 0.29600983125 0.17370237187499998 0.296489203125 0.0772500828125 0.49790809375 0.3669551453125 0.52174328125 0.419844053125 0.29600983125
1 0.48615257968750003 0.0023020109375 0.3177995953125 0.006365746875 0.2943315390625 0.0583848796875 0.4758905515625 0.0527766109375 0.48615257968750003 0.0023020109375
1 0.7261262203125 0 0.5330773718749999 0.0048225375 0.5287794609375001 0.04155998125 0.726915684375 0.0317454640625 0.7261262203125 0
3 0.828746603125 0.6224674640625001 0.8800566890624999 0.6280757312499999 0.8737416109374999 0.5832093984375 0.8555857359375001 0.5846115125 0.7932242125 0.250918571875 0.8082225484375 0.24951650625 0.79609820625 0.2316743890625 0.7695425109375 0.2467123234375 0.81927388125 0.562178346875 0.828746603125 0.6224674640625001
3 0.407213896875 0.6084466984375 0.407213896875 0.5733949765624999 0.3827428921875 0.569188728125 0.445893828125 0.263537221875 0.47115424375000003 0.2677434234375 0.46970931718750003 0.24710648750000003 0.43010607968750003 0.24951650625 0.35669311718749996 0.5635804609374999 0.35748247499999997 0.6070446796875 0.407213896875 0.6084466984375
3 0.49799342968750004 0.25209561875 0.49799342968750004 0.2717246515625 0.521675025 0.2689205171875 0.5350945375 0.2689205171875 0.533515821875 0.23947696875000002 0.55561859375 0.0670222546875 0.5579867734375 0.055805671875 0.533515821875 0.055805671875 0.5319369984375 0.07263052187499999 0.5406202578125 0.0670222546875 0.5169386625 0.2436832171875 0.49799342968750004 0.25209561875
3 0.1972369296875 0.2689205171875 0.22565483125000002 0.2773329203125 0.2264442421875 0.24648735156249998 0.305382925 0.07543465625 0.2891537609375 0.07735340156250001 0.215392803125 0.23667283593750002 0.20355200624999997 0.2436832171875 0.1972369296875 0.2689205171875
3 0.7561229984375 0.037578753124999996 0.7482290984375 0 0.73273015 0.0017361171875 0.7411246625000001 0.03898081875 0.7419140203125 0.05860980624999999 0.768753153125 0.054403603125 0.7561229984375 0.037578753124999996
0 0.7979604671875 0.5451285218749999 0.5165843171875 0.5418595734375 0.5169386625 0.61523215625 0.802696828125 0.6138300421875 0.7979604671875 0.5451285218749999
0 0.34011595781250004 0.5984072578124999 0.3487992171875 0.539520253125 0.1103343171875 0.52951389375 0.104089215625 0.526901603125 0.0985634953125 0.5829844734375 0.34011595781250004 0.5984072578124999
0 0.7537548171874999 0.2142397625 0.5429884375 0.2254562984375 0.53746271875 0.2801370546875 0.75691235625 0.27452878593749996 0.7537548171874999 0.2142397625
0 0.43405302968750004 0.22966254687499998 0.2466190390625 0.2347608078125 0.22960178125000003 0.2899515703125 0.4222122328125 0.2899515703125 0.43405302968750004 0.22966254687499998
0 0.4758905515625 0.053001537499999994 0.3282751609375 0.06562018750000001 0.31564495312499996 0.0950636890625 0.4743117828125 0.0894553734375 0.4758905515625 0.053001537499999994
3 0.5043085078125 0.07263052187499999 0.494835890625 0.0642181203125 0.505097865625 0 0.4896745953125 0.0032793265624999996 0.479048090625 0.055805671875 0.48062686093749996 0.0796409046875 0.50351915 0.0824450390625 0.5043085078125 0.07263052187499999