1 0.7530320046875 0.39695444062499996 0.6276221203125 0.2698591953125 0.5372439515625 0.3239995234375 0.6616633921874999 0.4803116796875 0.7530320046875 0.39695444062499996
1 0.6031493265625001 0.24823187343750003 0.506985565625 0.1469361171875 0.42303630625000005 0.1875603953125 0.512354246875 0.303699446875 0.6031493265625001 0.24823187343750003
1 0.4517594359375 0.294105953125 0.37045021875 0.1886721421875 0.2714488625 0.2291529953125 0.354218484375 0.3617409796875 0.4517594359375 0.294105953125
1 0.5865030390625 0.47829486875000005 0.47691142500000006 0.3260021703125 0.3619560609375 0.38823653281250003 0.468738953125 0.5626326203125 0.5865030390625 0.47829486875000005
1 0.42870350625000003 0.6428432515625 0.3279286265625 0.4479316671875 0.17887233281249998 0.5356012265625 0.270390534375 0.778068784375 0.42870350625000003 0.6428432515625
1 0.30488164375000004 0.409770375 0.2343957375 0.272942325 0.10121241875 0.3317099328125 0.1629319359375 0.4940280375 0.30488164375000004 0.409770375
3 0.8057483718749999 0.2577444390625 0.791989221875 0.24559567968749998 0.7880803640625 0.2548873703125 0.77742021875 0.2457596015625 0.7659669234375001 0.27775748437500003 0.76760665625 0.30249441718750003 0.7613025984374999 0.31641911093749997 0.7461455984375001 0.3418429828125 0.739329025 0.357516253125 0.756778140625 0.37330780625000004 0.764797384375 0.36060869375000004 0.7567339734375 0.3527321359375 0.7728203109375 0.3261596296875 0.7811064296875 0.285252040625 0.7811579265625 0.262327846875 0.7983337703125 0.27399653125 0.8057483718749999 0.2577444390625
3 0.6380366484375 0.2412182953125 0.631221353125 0.22739752812499997 0.6095081359375001 0.20795490156250002 0.620411203125 0.1894613328125 0.6269204703125 0.1596709609375 0.5624471359375 0.10665302343750001 0.5678733265625 0.0709527578125 0.560503715625 0.0460491125 0.5511622093749999 0.058709750000000005 0.5607972625000001 0.0713347125 0.5550360750000001 0.115254953125 0.6154229765625 0.17109319218750002 0.6026713140625 0.20246543906249997 0.6001187812500001 0.22178984218750003 0.624285128125 0.246006540625 0.631931721875 0.25328309375 0.6380366484375 0.2412182953125
3 0.66623314375 0.2756834015625 0.6560778218750001 0.25633704062499996 0.6477033640625 0.25609336875 0.6483695640625 0.2614032828125 0.6355534875 0.251037128125 0.5131170359375 0.3209544234375 0.5030273640625 0.31948513125 0.5000239765625001 0.32821535156250004 0.513482359375 0.34447856250000003 0.519226021875 0.33347676875 0.636301596875 0.26516701875000004 0.650344265625 0.27792022968749996 0.6576356453125001 0.2722540203125 0.66623314375 0.2756834015625
3 0.6411167796874999 0.487172828125 0.6335306968750001 0.4739577171875 0.6277051250000001 0.47613955781249995 0.6181896625000001 0.4605788921875 0.4534429859375 0.583346203125 0.44500938124999995 0.6062151890624999 0.4591100078125 0.62837549375 0.466473159375 0.6209478421875 0.45825609375000004 0.6060127718749999 0.47646067812500004 0.59243435 0.6223126171875 0.4785226640625 0.63138730625 0.49407050625000004 0.6411167796874999 0.487172828125
3 0.5416567609375 0.1546196546875 0.537699284375 0.1470830140625 0.5380578953125 0.1425068765625 0.5326168828125 0.1366153515625 0.5281874859375 0.139697065625 0.52805681875 0.142903859375 0.5266625328125001 0.1433219453125 0.5190888515625 0.1348457515625 0.5163656609375 0.13407853125 0.433484009375 0.16973544375 0.40248323125 0.183051778125 0.4002891703125 0.1861985265625 0.398649721875 0.17995896718749999 0.392472821875 0.1836778171875 0.39202482031249997 0.19467254375 0.4004302453125 0.203860921875 0.40687641250000006 0.20198452812499998 0.4079562109375 0.1923841515625 0.42476206562499996 0.18553464687500001 0.5163585890625 0.14302213125000002 0.522566021875 0.15122924375 0.532595109375 0.15014509375 0.535372878125 0.1580230859375 0.5416567609375 0.1546196546875
3 0.4936594625 0.30229322187499996 0.4875214625 0.292882453125 0.48305995937499996 0.2976261453125 0.47474149375 0.2847941984375 0.3258458359375 0.3624992046875 0.3255553015625 0.37711127968749997 0.3190448734375 0.3797647328125 0.327486025 0.39706761875 0.335445940625 0.388770584375 0.3334065 0.378964225 0.333737075 0.3708513375 0.353761784375 0.36574822500000004 0.47450054374999995 0.29818934218750004 0.4854769796875 0.313129259375 0.4936594625 0.30229322187499996
3 0.3598385359375 0.434274390625 0.34995506875000004 0.40825026875 0.339650384375 0.41261997656249993 0.34322390468749997 0.42050656249999996 0.1475671734375 0.5289582640625 0.1443404828125 0.5221194640625 0.1354651953125 0.529643809375 0.142651196875 0.5635775062499999 0.1544697453125 0.5602895046875 0.1520332703125 0.54361571875 0.3478588796875 0.4310182078125 0.354828071875 0.44159779062500004 0.3598385359375 0.434274390625
3 0.2631838796875 0.2640040703125 0.2546562421875 0.2424880671875 0.248751346875 0.24785172968750002 0.078229675 0.3215520390625 0.077438890625 0.31948964062499996 0.0692259421875 0.3224554171875 0.07483076093749999 0.34592576406250003 0.0829251390625 0.34586993593750004 0.08254935468749999 0.333622690625 0.10012679218750001 0.32626795625 0.25158730937499996 0.2590051890625 0.2561965859375 0.2693362375 0.2631838796875 0.2640040703125
2 0.096744 0.379949 0.009007585475263546 0.010406302586424766
2 0.111208 0.428082 0.010570085475263547 0.010451766693047482
2 0.124365 0.469921 0.010665585969555125 0.012795516693047303
2 0.138144 0.515688 0.008194501977166358 0.009602320533113407
2 0.158652 0.588245 0.010506418479069168 0.008889266693047303
5 0.167981 0.608853 0.006791169467652303 0.013463106426490868
2 0.183195 0.65779 0.012164418973360736 0.011278480799670022
2 0.163938 0.708071 0.012196252471457924 0.01205973079967002
2 0.168898 0.720731 0.009820668973360735 0.011210284639736123
2 0.203273 0.721731 0.008321835969555113 0.012727320533113406
5 0.205506 0.743697 0.009884335969555114 0.012772784639735945
5 0.139213 0.758193 0.00841733646384668 0.015071070533113406
2 0.132737 0.725154 0.013136669961943914 0.01598871285298138
2 0.12781 0.711713 0.013822419467652346 0.013667694906292738
2 0.152616 0.678801 0.011111254942915849 0.023733016693047303
2 0.106803 0.593776 0.010697419467652325 0.013576766693047304
2 0.118155 0.583938 0.010697419467652325 0.013576766693047304
5 0.094931 0.673994 0.009198586463846725 0.015093802586424765
2 0.257111 0.897723 0.010729252965749492 0.014358016693047659
5 0.275841 0.841169 0.011606003460041148 0.016724498746359017
2 0.490596 0.71523 0.012514587452429993 0.019872230799670022
5 0.507046 0.657045 0.014762836958138337 0.017596676959604096
2 0.662987 0.573197 0.010824753460041059 0.016701766693047303
5 0.658074 0.540202 0.014699169961943958 0.016034176959604095
5 0.679151 0.522043 0.013073002965749581 0.014426212852981379
5 0.871952 0.416584 0.010729252965749581 0.014358016693047482
5 0.82195 0.376803 0.009884335969555024 0.012772784639736124
5 0.775981 0.33401 0.011478669467652303 0.01359949874635884
5 0.745063 0.305734 0.00997983646384668 0.015116534639736123
2 0.907196 0.300283 0.009725168479069169 0.008866534639736124
5 0.715613 0.279847 0.009916169467652303 0.013554034639736123
5 0.790307 0.231961 0.01229175296574958 0.01440348079967011
5 0.768351 0.214115 0.015575920456235437 0.018400659012915453
5 0.747176 0.196291 0.01154233646384668 0.015161998746358752
5 0.586013 0.15875 0.006823002965749581 0.01424435642649069
5 0.607906 0.178159 0.007476918973360824 0.011142088479802048
5 0.629766 0.19835 0.009820668973360824 0.01121028463973608
3 0.6772896937499999 0.11702893125 0.67879693125 0.1068758625 0.6723976828125 0.10290223750000001 0.672172396875 0.10843114843749999 0.669266459375 0.11533877968749999 0.6636748734375 0.11838082812499999 0.6689631968749999 0.1281489453125 0.6661521171875 0.1327285984375 0.6633934890625001 0.1413885546875 0.66020481875 0.144500521875 0.6534635203125 0.1381862140625 0.6521865921875001 0.1480546421875 0.6653034250000001 0.15892456562499999 0.6711253187499999 0.155597878125 0.674339528125 0.141124371875 0.67880331875 0.1389235265625 0.681213078125 0.1334581671875 0.6784275359375 0.12667628125 0.6772896937499999 0.11702893125
3 0.663395025 0.1036685390625 0.6644132609375 0.0968094921875 0.659092559375 0.09685149374999999 0.6579587859375 0.10291990625 0.65373859375 0.1049621234375 0.648522025 0.1024485046875 0.6399707015625 0.10200286249999999 0.6319776312500001 0.10236074843750001 0.6306128015625 0.10684788125 0.628704515625 0.1174206015625 0.624068990625 0.122403028125 0.62793675 0.12901059374999999 0.6327780578125 0.1334814875 0.638549496875 0.13325578124999998 0.6402048609375 0.132516671875 0.645966128125 0.1216624328125 0.637052178125 0.1192380421875 0.6367182109375 0.1129301125 0.6398493249999999 0.11223393749999999 0.6443086015625 0.1115764140625 0.6524686453124999 0.1143724984375 0.6624877031249999 0.11505765937500001 0.6672273484375 0.10751961875 0.663395025 0.1036685390625
5 0.639677 0.108688 0.007540585969555025 0.01270458847980207
5 0.624561 0.095733 0.009884335969555024 0.012772784639736079
5 0.608632 0.083537 0.007667919961943959 0.01582958847980207
4 0.7125122234375 0.033195485937500005 0.6997807484375 0.0338091375 0.6802941140625001 0.026156632812500004 0.6619547984375 0.0266071140625 0.64993716875 0.02783199375 0.6368831312500001 0.025483964062499996 0.6247786109375 0.021589009375000003 0.6137459453125 0.024023460937499998 0.5959568765625 0.0254740453125 0.5883517046875 0.019938634375 0.5831271250000001 0.0176216015625 0.5808528078124999 0.0226727296875 0.588573528125 0.02899878125 0.59300415 0.032670442187499996 0.598875096875 0.0336285515625 0.613122365625 0.0320749109375 0.624366703125 0.0280720625 0.6314102328125 0.029261101562500003 0.63978070625 0.0377710703125 0.658782409375 0.0355684953125 0.6701422671875 0.03235628125 0.685525459375 0.0355593640625 0.7026909609375 0.042160221875 0.7140862515624999 0.041704515625 0.7125122234375 0.033195485937500005
0 0.23278180625 0.7326955374999999 0.17111435 0.551877184375 0.156351759375 0.5588344640625 0.216038815625 0.7497561015625 0.23278180625 0.7326955374999999
3 0.22351798750000001 0.8157002578125001 0.236251078125 0.8055185703125 0.22752652499999998 0.7768892375 0.213972371875 0.7864481765625 0.21604939218750002 0.800964625 0.1949643640625 0.729018965625 0.1983267484375 0.725088078125 0.18736003750000002 0.68424473125 0.180672740625 0.6693571515625 0.1609421078125 0.6820541484375 0.16601090624999998 0.6973685984375 0.1707988921875 0.69774490625 0.18428551875000002 0.689842884375 0.1936028375 0.725777490625 0.18998429375 0.731417509375 0.2210037078125 0.83204228125 0.22351798750000001 0.8157002578125001
0 0.7513805671875 0.3247383265625 0.6791951171874999 0.2652979359375 0.65011026875 0.2829065109375 0.7272443203125001 0.3651219125 0.7513805671875 0.3247383265625
0 0.6023965312499999 0.18885506406250002 0.5510997 0.13853836718749998 0.5253810156250001 0.15448728750000001 0.5802753015625 0.21584311875 0.6023965312499999 0.18885506406250002
0 0.48646322656249996 0.2744702859375 0.42218992968749997 0.193667246875 0.3925892453125 0.20774561249999998 0.45446072343750005 0.29215331718750004 0.48646322656249996 0.2744702859375
0 0.6211448984375 0.440889925 0.5353240578125 0.3314159171875 0.5016267765625 0.3488902828125 0.5883888203125001 0.47005314374999996 0.6211448984375 0.440889925
0 0.45597139999999997 0.5598940031249999 0.3772015296875 0.4234833078125 0.3374666296875 0.4434183984375 0.41503403125 0.5959506078125 0.45597139999999997 0.5598940031249999
4 0.8501047609375 0.3429043671875 0.8666532625000001 0.3087470875 0.8492726656249999 0.3046793921875 0.8394548421874999 0.335151809375 0.815630415625 0.41794481875 0.7742406234375 0.4299225265625 0.7493239453125 0.4423796109375 0.721342390625 0.465293059375 0.681142528125 0.4966391078125 0.657308446875 0.5310976640625 0.6296681625 0.5659395125 0.6077806015625 0.5688178765624999 0.5781083859375 0.5846517328124999 0.54435468125 0.6197005140625 0.5153565203125 0.651372440625 0.4816386296875 0.685543465625 0.441931078125 0.7151461796875 0.40420873124999995 0.7342610578125 0.343883459375 0.77380945625 0.298606165625 0.8164321359375 0.2988716828125 0.8261066906250001 0.399329209375 0.752492171875 0.45329496875 0.7233043296874999 0.5043237109375001 0.68524296875 0.5247916265625 0.6524440703125001 0.55496456875 0.6243215265625001 0.585903796875 0.5935848515625 0.6080417203125 0.58456216875 0.641560128125 0.571476596875 0.659765128125 0.5456422515625 0.6848812875 0.5120997703125 0.7547740187499999 0.44822324062499996 0.76264531875 0.4493310734375 0.7947386265625 0.4388404640625 0.8154156421875 0.4332904734375 0.8303260546875 0.40736023593750004 0.8501047609375 0.3429043671875
0 0.3333126 0.354979909375 0.2788992921875 0.258758125 0.24209080156249999 0.2785061953125 0.290906246875 0.3757160671875 0.3333126 0.354979909375
0 0.1422467875 0.45663437812499996 0.0965398203125 0.336636940625 0.08098333125 0.35730470625 0.116048078125 0.4681753015625 0.12411331875 0.4807132046875 0.12486440624999999 0.4622802015625 0.1422467875 0.45663437812499996