0 0.43426421406250004 0.3590254421875 0.4255299703125 0.6589927062500001 0.5909246640625 0.6790026828125 0.5904512875 0.3662999734375 0.43426421406250004 0.3590254421875
0 0.44234335468749997 0.0438182609375 0.43635112343750004 0.2974440875 0.5885446234375 0.30077219843749997 0.587661259375 0.0480851125 0.44234335468749997 0.0438182609375
0 0.6481170671875 0.32250838593750003 0.652905496875 0.622777609375 0.8186260687500001 0.62436980625 0.8050968515625 0.332321275 0.6481170671875 0.32250838593750003
0 0.64463813125 0.030024503125 0.649439803125 0.25918694375 0.8023669796874999 0.26320368906249997 0.78789015625 0.037399337500000004 0.64463813125 0.030024503125
0 1 0.3878450390625 0.8708309265624999 0.387712565625 0.8950412296874999 0.68636705 1 0.69029798125 1 0.3878450390625
0 1 0.062939409375 0.8519817640625 0.061044653125 0.8686224609375 0.321707325 1 0.321983559375 1 0.062939409375
1 0.3160704515625 0.554089453125 0.3164402984375 0.5792277984374999 0.3291150125 0.5869965374999999 0.3314843078125 0.5645723312500001 0.34022263124999996 0.5830069859375 0.362290134375 0.5847859468750001 0.3746781171875 0.59512789375 0.3769324421875 0.6132605250000001 0.3833289265625 0.6105538484374999 0.38857086406249997 0.5830053687500001 0.38520028281249996 0.585853003125 0.37743592187499997 0.5712194828125 0.3493166703125 0.569158659375 0.3394347375 0.5559288109375 0.3319931953125 0.5375545796875 0.3193042765625 0.5317055140625 0.32253256406249997 0.5536392796875 0.3160704515625 0.554089453125
1 0.3849145015625 0.35349274375 0.386527940625 0.393989565625 0.39743606875 0.389866115625 0.4194695234375 0.38922399531249996 0.41829375156250004 0.357053453125 0.6126147359375 0.3627674046875 0.612125559375 0.37066928125 0.622206521875 0.371138809375 0.6216292828125 0.3348252921875 0.6121954796875 0.3318833859375 0.6134138046875 0.349040721875 0.4061353421875 0.343140365625 0.40675813906249997 0.37278260625000004 0.39633996250000003 0.368960678125 0.395830615625 0.3577569421875 0.3849145015625 0.35349274375
1 0.3970969359375 0.032220796875 0.40000448125 0.0744820890625 0.4091709296875 0.0682356234375 0.43185154375 0.065121109375 0.431025175 0.036720648437499996 0.6114734421875 0.043456803125 0.6085354546875 0.049576290625000005 0.61819711875 0.052111721875 0.6194610593750001 0.029647845312499997 0.42029101406249997 0.022039710937500002 0.420157296875 0.050395456250000005 0.4106171578125 0.05203655 0.4094960515625 0.038220432812499996 0.3970969359375 0.032220796875
1 0.3902683671875 0.242382721875 0.38929604218749997 0.32397688125 0.4013192734375 0.3256146734375 0.40187227343750004 0.295193025 0.3946229953125 0.29318702343749997 0.3976098953125 0.239321034375 0.3912083125 0.225258984375 0.377347765625 0.2266988515625 0.36544083125000004 0.22113922343749998 0.36889688593750003 0.043353071874999996 0.3657341078125 0.0170343390625 0.352086225 0.017544823437500003 0.364801953125 0.042662798437499996 0.361450490625 0.23228167656249998 0.3902683671875 0.242382721875
1 0.6141748296875 0.6250813125 0.612092321875 0.6637426890625 0.6247509390625 0.6694303921875 0.6208444578125001 0.6415496078125 0.6292347609375 0.6411709812499999 0.8507345187500001 0.6553345625 0.8487055781249999 0.6767836015625 0.859842196875 0.679610534375 0.8565298578125 0.641755059375 0.84749500625 0.6351789640625001 0.646895371875 0.625066475 0.6300474828125 0.6235123515625001 0.6141748296875 0.6250813125
1 1 0.363029296875 0.8386214609374999 0.36060802812500004 0.8407849078125 0.34378172500000004 0.8287402937499999 0.3401430984375 0.8305742374999999 0.38513783749999997 1 0.3846244953125 1 0.363029296875
1 0.6104073140625 0.26765167343749996 0.61032045625 0.302049 0.621930653125 0.298964878125 0.6205743265625 0.282744046875 0.8281462562499999 0.289334225 0.8269131921874999 0.3077426828125 0.838492596875 0.31059023125 0.8357351109375 0.27660766406250004 0.8226256046874999 0.266764134375 0.6212749296875 0.261233125 0.6104073140625 0.26765167343749996