2 0.368052 0.390918 0.01875 0.01875
2 0.219614 0.451074 0.0171875 0.02890625
2 0.247739 0.668261 0.025 0.0203125
2 0.635239 0.563574 0.0203125 0.03046875
2 0.409458 0.597949 0.02890625 0.025
2 0.464927 0.569824 0.02890625 0.02890625
2 0.581333 0.515136 0.0390625 0.0296875
2 0.661802 0.51748 0.0203125 0.02578125
2 0.761021 0.481543 0.03203125 0.034375
2 0.675083 0.326855 0.01171875 0.01953125
2 0.571958 0.365918 0.02109375 0.01875
2 0.697739 0.324511 0.02109375 0.03359375
2 0.341489 0.26748 0.021875 0.01875
2 0.212583 0.305761 0.03671875 0.02734375
2 0.220396 0.19248 0.034375 0.040625
2 0.317271 0.163574 0.0203125 0.0234375
2 0.582896 0.144043 0.025 0.03046875
2 0.526646 0.258105 0.03359375 0.021875
2 0.486802 0.171386 0.034375 0.04765625
2 0.720396 0.187793 0.03046875 0.02890625
2 0.891489 0.419043 0.01875 0.02734375
2 0.803208 0.457324 0.0296875 0.02890625
1 0.3488106265625 0.3763910015625 0.208745584375 0.4189332796875 0.23308120937500001 0.5984761140625 0.375850209375 0.525649503125 0.3488106265625 0.3763910015625
1 0.38017654218749997 0.361248834375 0.432633334375 0.511949446875 0.5429548359374999 0.4636387234375 0.499150709375 0.3187065578125 0.38017654218749997 0.361248834375
1 0.56512729375 0.34105927812500003 0.632726253125 0.4672440015625 0.7295279609375 0.4247017234375 0.6467868359375 0.3064486125 0.56512729375 0.34105927812500003
1 0.6949172953125 0.289864334375 0.760893878125 0.40811744687499996 0.8468797531250001 0.37062255781250003 0.7619754624999999 0.2559747234375 0.6949172953125 0.289864334375
1 0.5770247109375 0.10599516718749999 0.6013603359374999 0.1680059453125 0.6705816687499999 0.14925850000000002 0.6338078359375 0.09013194531249999 0.5770247109375 0.10599516718749999
1 0.319067084375 0.1312321125 0.341780334375 0.20477977812499998 0.44290837656250004 0.1744954453125 0.40613454375 0.10815833281250001 0.319067084375 0.1312321125
1 0.7468332953125 0.0281211671875 0.950711753125 0.23073777812500001 0.9950566703125 0.1744954453125 0.803075628125 0.0079316109375 0.7468332953125 0.0281211671875
1 0.27777777656249997 0.15625 0.220269096875 0.163483796875 0.20833333281250002 0.24305555625 0.2853732640625 0.20833333281250002 0.27777777656249997 0.15625