6 0.3766393371596538 0.4796100389635211 0.03245479882550102 0.041951720779006864
6 0.3943640462517116 0.5246361668045425 0.03330424498543509 0.04430910754848192
6 0.5665094823825157 0.6115207378284306 0.03850021034569906 0.0350295649348082
6 0.7111293120868292 0.6926325957839496 0.026895120612255675 0.03873126339268076
6 0.8136836622451138 0.7518109525216528 0.0323411385589444 0.038045470779006864
5 0.746752226510021 0.8155109882354677 0.03498876543940614 0.021693767856907444
5 0.638311589204718 0.7689417256535661 0.02820756802583091 0.030164786931630872
5 0.5361209518994148 0.722263368915863 0.028071175705962938 0.02547728693163087
6 0.28784257627259413 0.732068611608967 0.01963655007914227 0.03079603246740419
6 0.3129107724325282 0.7339759849857617 0.022988870612255675 0.03866307954530477
6 0.4613997482176334 0.7868810223244296 0.02443771034569906 0.03478410308425524
6 0.5878318675762478 0.8339178892084025 0.0307331744523216 0.036455697240056394
6 0.6836361125616829 0.8760178401019069 0.027676370612255675 0.038744900162155815
5 0.4147938696878189 0.6626310446455641 0.036869514185764986 0.03265854139585791