0 0.2652804234375 0.4817042921875 0.2745542421875 0.5243640375 0.40832591406249996 0.47225130625 0.3864450140625 0.43073777343749997 0.2652804234375 0.4817042921875
0 0.284420221875 0.5351742078124999 0.297926965625 0.590609053125 0.42622838749999997 0.5252473015625 0.41379613125 0.4863835609375 0.284420221875 0.5351742078124999
0 0.298144340625 0.60616410625 0.3115004484375 0.6685046015625 0.457796528125 0.5907169125 0.4341903546875 0.5438236109375 0.298144340625 0.60616410625
0 0.31598055 0.6840274875000001 0.3341747921875 0.7633945734375 0.4919633390625 0.6707113390624999 0.465872315625 0.61112928125 0.31598055 0.6840274875000001
0 0.33510800937499996 0.7848261609375 0.3556067078125 0.8757408984374999 0.5307892578125 0.762093609375 0.5019027875 0.6980980421874999 0.33510800937499996 0.7848261609375
0 0.364482321875 0.90505590625 0.40499328749999997 0.9972002874999999 0.5789333921875001 0.8686574890625 0.5494256859375 0.7936282203125 0.364482321875 0.90505590625
0 0.42630500312499997 0.4192791609375 0.4382282703125 0.4522643140625 0.5515999421875 0.39599234375000003 0.5310998546875 0.36730469375 0.42630500312499997 0.4192791609375
0 0.4505558890625 0.45996296406250003 0.46431929375000003 0.5033734921875 0.5798652203125 0.44158468125 0.5599863671875001 0.41565545156250006 0.4505558890625 0.45996296406250003
0 0.47719770781250004 0.5152200687499999 0.4947587875 0.5588076421875 0.6137214375 0.49536377812500004 0.591357690625 0.4600558859375 0.47719770781250004 0.5152200687499999
0 0.5116954453125 0.5880865796875 0.5348271328124999 0.64266389375 0.66650173125 0.5665312578125 0.6326455156249999 0.51963795625 0.5116954453125 0.5880865796875
0 0.55098188125 0.6621675328125 0.5789104453125 0.7270718109375001 0.7158882890625 0.6354919812500001 0.6789260296874999 0.5819784515624999 0.55098188125 0.6621675328125
0 0.5888952390625 0.74839290625 0.6301606640624999 0.8377630828125 0.7813945625 0.725219171875 0.7363564734375 0.6590168734375 0.5888952390625 0.74839290625
0 0.6413106328125 0.8631406281249999 0.6742350203125 0.9442384593750001 0.8391157625 0.8090754140625 0.7950095015625 0.7461832359375 0.6413106328125 0.8631406281249999
