2 0.845472 0.79724 0.0265625 0.0203125
2 0.934534 0.724584 0.01953125 0.015625
2 0.515003 0.223021 0.0125 0.01875
2 0.488441 0.241771 0.02109375 0.01953125
2 0.433753 0.279271 0.015625 0.01640625
2 0.543909 0.412084 0.01171875 0.0203125
2 0.52594 0.420678 0.0109375 0.01953125
2 0.454847 0.454271 0.01328125 0.01640625
2 0.355628 0.301146 0.01796875 0.01875
2 0.308753 0.331615 0.01796875 0.01484375
2 0.286878 0.348803 0.0125 0.02421875
2 0.241565 0.376146 0.01640625 0.01953125
2 0.259534 0.535521 0.01953125 0.0140625
2 0.312659 0.505834 0.0140625 0.01953125
2 0.325941 0.501146 0.01015625 0.0203125
2 0.385316 0.469896 0.0171875 0.02109375
2 0.616565 0.798021 0.01796875 0.01953125
2 0.581409 0.801928 0.01796875 0.02265625
2 0.513441 0.819115 0.01953125 0.01640625
2 0.430628 0.82849 0.01640625 0.01484375
2 0.372816 0.837084 0.01484375 0.01796875
2 0.349378 0.844896 0.015625 0.02421875
2 0.303284 0.852709 0.01875 0.01796875
2 0.272815 0.683959 0.01171875 0.0140625
2 0.328284 0.662084 0.01484375 0.021875
2 0.345472 0.65974 0.021875 0.03046875
2 0.407972 0.633959 0.01875 0.02109375
2 0.480628 0.62224 0.015625 0.0171875
2 0.55719 0.594896 0.01640625 0.0203125
2 0.572816 0.59099 0.0109375 0.0203125
5 0.874378 0.63474 0.03046875 0.01953125
5 0.850159 0.537084 0.02578125 0.01640625
5 0.772815 0.169896 0.02421875 0.0171875
5 0.557972 0.287865 0.01796875 0.03046875
5 0.756409 0.082396 0.0265625 0.02265625
5 0.629847 0.701146 0.015625 0.02421875
5 0.899378 0.76599 0.021875 0.01796875
5 0.94469 0.758178 0.01796875 0.0203125
1 0.5737840609375 0.6602027359375 0.5538968078125001 0.8134753031249999 0.680585971875 0.8360892890624999 0.7004732234375 0.6928673812499999 0.5737840609375 0.6602027359375
1 0.382277184375 0.6011551078124999 0.3483952 0.7682473328125 0.4699284078125 0.7990274796875 0.49570817968750003 0.627538090625 0.382277184375 0.6011551078124999
1 0.45077772187500004 0.2412158421875 0.4139494765625 0.3737589234375 0.52296108125 0.43092205312500004 0.546531159375 0.2902128109375 0.45077772187500004 0.2412158421875
1 0.632709253125 0.3310436171875 0.60692948125 0.45479237031249997 0.718887346875 0.5019048390624999 0.7328820796875 0.3900912453125 0.632709253125 0.3310436171875
4 0.5818862734375 0.577284790625 0.5980907015625 0.58733545 0.612085434375 0.596129778125 0.6209242140625 0.6011551078124999 0.6304995578125 0.5980142765625 0.6098757406249999 0.5860791187500001 0.590725053125 0.567862296875 0.574520625 0.5433638125 0.5561065015625 0.5182371625 0.5384289453125 0.500020340625 0.5222245171875 0.48620068281249995 0.514122303125 0.4880851828125 0.536955815625 0.5106991671875 0.554633371875 0.5389666484375 0.56862810625 0.56095246875 0.5818862734375 0.577284790625
3 0.63786520625 0.569118628125 0.6260801687499999 0.55906796875 0.6025100906249999 0.5483891421875 0.58409596875 0.53708215 0.5759937546875 0.522006159375 0.558316196875 0.5169808296875 0.554633371875 0.53394131875 0.5759937546875 0.5446201453125 0.5951444421875001 0.561580634375 0.6084026109375 0.574772125 0.6268167328125 0.5810537874999999 0.6393383359375 0.5879636171875 0.6400749015625 0.59864244375 0.64744055 0.6030396078125 0.6651181078125 0.6168592640624999 0.6842687953125 0.6256535921874999 0.6872150546875 0.5942452796875 0.667327803125 0.5885917828125 0.6525965046875 0.5785411234375 0.63786520625 0.569118628125
3 0.481713446875 0.45479237031249997 0.44023105156250003 0.439956634375 0.5081479421874999 0.47247408750000003 0.481713446875 0.45479237031249997