5 0.212401 0.256917 0.03133635841125617 0.015025557181592398
5 0.273298 0.264303 0.03682783430895533 0.01896362343837099
5 0.337356 0.265457 0.03370737948849527 0.01972669272021177
5 0.13562 0.293972 0.02587669877033605 0.016556240924813715
5 0.220758 0.297592 0.03212215359079629 0.01581135236113216
5 0.304311 0.30511 0.02431874394987581 0.017328400565734103
5 0.65909 0.291548 0.03681419877033605 0.01661987343837108
5 0.709848 0.29575 0.02664885841125635 0.014998286104353475
5 0.758277 0.297594 0.03681874394987581 0.01740112343837099
5 0.808045 0.337729 0.030605105386194254 0.023614762002052547
5 0.222908 0.06244 0.03059146984757497 0.02127101200205254
5 0.285358 0.071398 0.027484650565734015 0.024377831283893314
5 0.348598 0.078797 0.02666249394987581 0.017342036104353496
5 0.519569 0.100886 0.027484650565734015 0.024377831283893304
5 0.5516 0.101073 0.027471015027114732 0.02203408128389332
5 0.624216 0.108527 0.03526533430895533 0.01895453307929138
5 0.677309 0.114304 0.03839942466803503 0.020535213797450647
5 0.725719 0.119274 0.03055510841125635 0.015021012002052548
2 0.12907 0.345498 0.03291703912941557 0.018159647540671918
2 0.104369 0.562549 0.032921584308955684 0.018940897540672096
2 0.202802 0.563903 0.03993919877033605 0.016638054156530302
2 0.517614 0.571203 0.03217215056573401 0.024405102361132157
2 0.598087 0.57089 0.02822499394987581 0.017351126463433175
2 0.196851 0.781063 0.03213124394987581 0.017373852361132158
2 0.528133 0.777521 0.042269313231716586 0.014307939695149586
2 0.598455 0.776368 0.024291472872636888 0.012640900565734015
0 0.9142150578124999 0.262374078125 0.7018613890625 0.2756468578125 0.708294559375 0.3333240375 0.9734562828125 0.318664396875 0.9489241078124999 0.29432215156249997 0.9142150578124999 0.262374078125
0 0.5253769171875 0.33526268125 0.4885936125 0.29083753125 0.3102289796875 0.29978689375 0.298354665625 0.3549472 0.5208648578124999 0.3457824953125 0.5253769171875 0.33526268125
3 0.66249513125 0.2929694890625 0.6602665062499999 0.306946896875 0.6751052109375 0.30686056875 0.6768035265625 0.315363075 0.6355848890625 0.315602878125 0.6367293953125001 0.512326778125 0.6202859140625 0.5199889796875 0.6219677234375001 0.5256541296874999 0.6450501796875 0.525519840625 0.6631808593749999 0.524468540625 0.655452290625 0.32967458125000004 0.69335144375 0.325670821875 0.6965168640625 0.3029527328125 0.6948131546874999 0.293504440625 0.66249513125 0.2929694890625
3 0.2646284734375 0.3196526734375 0.2647110109375 0.33383948124999996 0.284484871875 0.33183280625 0.2845288921875 0.33939911875 0.23838070937500003 0.3425050515625 0.23947569375 0.5307168546875001 0.22463137500000002 0.5298574 0.2246864 0.5393152812500001 0.2790509296875 0.5314324296875 0.2598582796875 0.3499466671875 0.2944819625 0.34974523281250003 0.30421493593750004 0.3222598171875 0.2646284734375 0.3196526734375
3 1 0.5065464984375 0.9961353421875 0.5067560421875 0.976410890625 0.517274815625 0.9792812265625 0.727230146875 0.9909435078125 0.74797036875 1 0.7501410671875 1 0.5065464984375
3 0.584075840625 0.530907190625 0.580372540625 0.5131046609375 0.544412453125 0.5150590234375 0.5263808156249999 0.5331345187500001 0.5225516484375 0.7251582359375 0.5490085062500001 0.7382457859375 0.57869141875 0.7390189125 0.578641896875 0.730506815625 0.5522620734375 0.7306602890625 0.5511505828125001 0.5396111296874999 0.5560252140624999 0.527287115625 0.584075840625 0.530907190625
3 0.255532975 0.740104940625 0.2606793328125 0.7242116765625 0.23564356250000001 0.722250065625 0.22579503750000002 0.72987393125 0.2373857875 0.7383188828125 0.23508436093750001 0.90952570625 0.23188031250000002 0.9256232687500001 0.22038860625 0.9342025125 0.256655471875 0.93304566875 0.254940759375 0.9217058390625 0.255532975 0.740104940625
3 0.666202296875 0.7604154109375 0.6722910062499999 0.7301452312500001 0.6214990984375001 0.7285176078125 0.6248517109375 0.73795630625 0.6413776171875 0.7444809140624999 0.6442204406250001 0.9497072875000001 0.6194946921875 0.950796984375 0.6261447828125 0.9602164671875 0.6739582671875 0.959938296875 0.6656706078125 0.952419975 0.666202296875 0.7604154109375
1 0.9953052937500001 0.7782354453125 0.6678896078125 0.76702634375 0.67050121875 0.93252961875 0.9986893546875001 0.9457534125 0.9953052937500001 0.7782354453125
1 0.6358611390625 0.9298937296875 0.6416871203125 0.767800371875 0.204499046875 0.75364331875 0.19878448124999998 0.905007775 0.6358611390625 0.9298937296875
1 0.5144039125 0.705038034375 0.52158960625 0.559797096875 0.22647551406250002 0.5634056703125 0.21080237500000001 0.7034782125000001 0.5144039125 0.705038034375
1 0.9667119265625 0.550586715625 0.6023504671875 0.55459814375 0.603280378125 0.7144363140625 0.9693070296874999 0.7132526515625 0.9667119265625 0.550586715625
1 0.5904710546875 0.49651694687500003 0.587952875 0.3470920515625 0.2170789953125 0.36532865625 0.2129635921875 0.508171425 0.5904710546875 0.49651694687500003
1 0.9854306875000001 0.327526765625 0.61104083125 0.34790354687499997 0.61191571875 0.49828382031249996 0.9910607484374999 0.48472818125000006 0.9854306875000001 0.327526765625
0 0.954848984375 0.7787500984375 0.9605241718749999 0.721181128125 0.6709018437500001 0.7179779359375 0.674479946875 0.76619395 0.954848984375 0.7787500984375
0 0.5112377875 0.76430618125 0.5108202000000001 0.7123460953125 0.28008891875 0.7098475984375 0.28034203125 0.7533538390625 0.5112377875 0.76430618125
0 0.52126958125 0.5047896453125 0.2805805484375 0.51091901875 0.2808281578125 0.5534794749999999 0.5248256734375001 0.5492224859375 0.52126958125 0.5047896453125
0 0.93925424375 0.493319234375 0.6613962718749999 0.5011369593749999 0.6666066578125001 0.5465059937500001 0.9468875484374999 0.5439295515625 0.93925424375 0.493319234375
4 0.1864762921875 0.206457184375 0.1633844796875 0.2063446234375 0.1585523328125 0.22459022968750003 0.1783261953125 0.2225835546875 0.19481369531249998 0.2224876328125 0.23931319375000001 0.2193912921875 0.25736133906249997 0.2041531546875 0.28200443750000004 0.1888766625 0.298453421875 0.18216023125 0.3280207828125 0.163071821875 0.357659678125 0.15627863749999998 0.3971798890625 0.14753634531249998 0.44663116406250003 0.1453569984375 0.502688509375 0.145030865625 0.547204625 0.144771878125 0.5703255984375 0.151258115625 0.5704136375 0.1663907078125 0.5918417953125 0.16532022500000002 0.600013903125 0.152977028125 0.5916767234375 0.13694659375 0.5702265546875 0.1342339203125 0.4943568296875 0.129946215625 0.4679658921875 0.1282081203125 0.385572634375 0.1362540390625 0.3180346984375 0.14705098125 0.28186137499999997 0.16428618749999999 0.25064532968750003 0.1833841859375 0.2161261921875 0.20155560156250002 0.1864762921875 0.206457184375
3 0.3207687078125 0.2893412546875 0.4771160046875 0.282450984375 0.49575836406249996 0.30094909062499997 0.5130686890625 0.30208915 0.5118598125 0.2809197921875 0.47705414843750005 0.27181900468750003 0.2697804109375 0.286315303125 0.245384684375 0.2744958546875 0.19441185156250002 0.2741278875 0.1967905484375 0.28474639062499996 0.24312598749999997 0.28447681875 0.2559068875 0.29104766875 0.3207687078125 0.2893412546875
3 0.9401956828125 0.23257589374999998 0.9389522906250001 0.21796368593749998 0.907679721875 0.2188101421875 0.8822184343749999 0.22294539531250002 0.882280290625 0.23357735468750002 0.8927637562499999 0.24348418593750001 0.917093684375 0.2440071578125 0.9277008609375 0.2751779078125 0.947490121875 0.2916757859375 0.979936496875 0.29348059531250004 0.9798359828125 0.27620363124999997 0.9509033734375001 0.281023609375 0.9508453843750001 0.2710561234375 0.9460804140624999 0.2484901484375 0.9286737171875 0.24327526875 0.9089193265625 0.2327578546875 0.9401956828125 0.23257589374999998