2 0.751872 0.470828 0.01631635876750561 0.015207425911805572
2 0.757198 0.501205 0.013790672249741042 0.011246624525034577
2 0.767921 0.563524 0.01415454528527027 0.019059124525034575
2 0.610147 0.601608 0.01869649607105863 0.01604322729857639
2 0.588794 0.52937 0.018514559553293886 0.01213697729857639
2 0.582671 0.515435 0.008884848428423454 0.00645002175149294
2 0.478535 0.630481 0.011446922249741042 0.011192073138263935
2 0.448771 0.562349 0.016352746071058633 0.015988675911805573
2 0.438668 0.546942 0.01468108416039975 0.013608558320624908
2 0.339685 0.537514 0.021149407981717338 0.018441528685347208
2 0.286853 0.578631 0.012555657981717516 0.01824150693385427
2 0.305168 0.60245 0.014190932588823202 0.019840374525034753
2 0.336513 0.654121 0.010920383374611476 0.016642639342673606
2 0.357339 0.731846 0.012519270678164496 0.01746025693385427
2 0.383595 0.775032 0.014535534946188023 0.010483558320624909
2 0.395479 0.79509 0.014008996071058632 0.015934124525034576
2 0.423824 0.832753 0.015353172249740865 0.011282992116215241
2 0.551222 0.814146 0.0173159325888232 0.019913109707395904
2 0.528762 0.768525 0.01709760876750561 0.015225609707395903
2 0.522602 0.753808 0.017769696856846907 0.012900043502986236
2 0.495055 0.699703 0.015498721463952769 0.01440799211621524
2 0.625068 0.670085 0.013754284946188022 0.010465374525034755
2 0.648182 0.729769 0.014790246071058633 0.015952308320624907
2 0.653561 0.744503 0.018514559553293886 0.01213697729857639
2 0.669989 0.794957 0.01869649607105863 0.01604322729857639
2 0.810485 0.772135 0.016243584160399747 0.013644925911805572
2 0.80049 0.725442 0.015353172249741042 0.011282992116215241
2 0.793966 0.702913 0.018732883374611476 0.016824477298576567
2 0.779591 0.646154 0.02274829528527027 0.01925914627652787
2 0.738486 0.250588 0.014227319892376222 0.020621624525034753
2 0.680051 0.171392 0.016425520678164496 0.01755117591180557
2 0.625128 0.184402 0.02118579528527036 0.01922277868534721
2 0.573439 0.199683 0.014826633374611476 0.016733558320624998
2 0.520115 0.213437 0.01493579528527036 0.019077308320624996
2 0.233056 0.296764 0.018623721463952768 0.01448072729857639
2 0.277822 0.283991 0.016243584160399747 0.013644925911805572
5 0.606108 0.229424 0.019696069892376045 0.020748911094166635
5 0.525913 0.253971 0.018732883374611476 0.01682447729857639
5 0.230932 0.335136 0.01493579528527018 0.019077308320624996
5 0.159749 0.351653 0.019696069892376045 0.02074891109416672
1 0.720475 0.720265 0.11565073283649223 0.12053266517822933
1 0.461956 0.761477 0.09502786372990428 0.09664057028847228
1 0.381003 0.585043 0.0913570541766104 0.08484908510611114
1 0.679165 0.521792 0.13894052956950453 0.08439579663711819
4 0.433304678125 0.668700646875 0.422508796875 0.6900033421875 0.43135207500000006 0.6930830359375 0.43655367500000003 0.677876834375 0.44705985625 0.6627940984375 0.47553537187500006 0.6390290359375 0.499959646875 0.62331229375 0.5197325125 0.6022185375 0.527634434375 0.5904280265625 0.521172571875 0.58884069375 0.50731289375 0.605761284375 0.4877628703125 0.6220704546875 0.45151221875 0.646133525 0.433304678125 0.668700646875