1 0.1439068 0.4734885453125 0.1538988203125 0.4991653234375 0.16232829375 0.495348840625 0.1609105109375 0.486168603125 0.35215678437500003 0.39526632031250003 0.3562888390625 0.40046374374999993 0.362373225 0.4016562546875 0.36473603125 0.3951246015625 0.3629254921875 0.386948409375 0.35884068281250003 0.37769057031250003 0.35045845625 0.377446671875 0.1568906671875 0.4713277234375 0.152389428125 0.46510410156250004 0.1439068 0.4734885453125
1 0.0792714921875 0.32303754218749997 0.08736816875 0.32088738906250003 0.08329517187499999 0.3106144546875 0.2562028453125 0.2562421921875 0.25839438124999997 0.2644295046875 0.26300197812500004 0.26151722187500004 0.2594399078125 0.24008929218750003 0.246772071875 0.24784424062500002 0.0803356859375 0.302912534375 0.08214031875 0.311596290625 0.082521340625 0.3116073765625 0.0792714921875 0.32303754218749997
0 0.171339159375 0.44307081718749997 0.31922342656249997 0.3758671703125 0.2400645484375 0.2674501796875 0.10647183125 0.31687375625 0.171339159375 0.44307081718749997
0 0.192573834375 0.48369881093749995 0.2858586578125 0.6867000578125 0.44269110312500004 0.57424270625 0.338689625 0.4062072625 0.192573834375 0.48369881093749995
0 0.3864597046875 0.373305165625 0.48285591562499997 0.505782746875 0.5953480328125 0.4367556625 0.4816944296875 0.3121033609375 0.3864597046875 0.373305165625
0 0.3721629640625 0.19350075 0.2748725140625 0.234841596875 0.3364132609375 0.3178675984375 0.4141953765625 0.2825594859375 0.427793640625 0.29310956093749996 0.453398146875 0.2872542046875 0.3721629640625 0.19350075
0 0.42696938281249996 0.2001726484375 0.515577190625 0.2871145 0.6025000687500001 0.247928621875 0.5043055359374999 0.170436490625 0.42696938281249996 0.2001726484375
1 0.39787663906250004 0.20880649375 0.40593703750000004 0.20616103749999998 0.4026319390625 0.1954027453125 0.40943107031250003 0.20067777343749998 0.51390758125 0.16411551093750001 0.5225704046875 0.172998821875 0.5340538593749999 0.1687634640625 0.5354774953125 0.17743613593750002 0.54240655625 0.1715451171875 0.53569010625 0.1591643875 0.5261116875 0.16345514218749999 0.5159130140625 0.1555425828125 0.406489303125 0.1914531921875 0.3923151484375 0.1976411359375 0.39787663906250004 0.20880649375
1 0.3335633703125 0.3689959765625 0.342781265625 0.3601937359375 0.3364163078125 0.3503618328125 0.4796996328125 0.2870040609375 0.488327071875 0.2989326765625 0.4971316375 0.295634809375 0.494576771875 0.28591378437500004 0.47868066562499995 0.2763122703125 0.330848803125 0.3375068140625 0.3249210421875 0.355612284375 0.3335633703125 0.3689959765625
1 0.5162910328125 0.323772178125 0.5240116421875001 0.3153655421875 0.6374639625 0.2607864828125 0.652955446875 0.2724071 0.659878603125 0.2670236125 0.66283218125 0.2752330984375 0.6693625296875 0.2708536203125 0.6539301015625 0.254157525 0.6485191734375 0.260600453125 0.6406242468750001 0.25123175 0.5130627375000001 0.3064157140625 0.5149087375 0.31154665625 0.50161471875 0.3076057875 0.5162910328125 0.323772178125
1 0.47131887343749995 0.5607712609375 0.4809137484375 0.547155459375 0.4753167140625 0.5368381875 0.4796436625 0.5252865 0.4869124046875 0.5229594015625 0.6335450265625 0.433805309375 0.64172055 0.45181342343750003 0.6501618359375 0.44698182812500004 0.640444559375 0.43045202812500005 0.6222741843749999 0.4197689015625 0.46219396562500004 0.5181783953125 0.4605518109375 0.5282850359375 0.45476579062500005 0.5342093296875 0.47131887343749995 0.5607712609375
0 0.6648632328125 0.424459909375 0.7566170828125001 0.3713826265625 0.63583361875 0.269878028125 0.5449494921875 0.3174979484375 0.6648632328125 0.424459909375
1 0.6304270109375001 0.2502205 0.6373102312500001 0.2412442171875 0.627897175 0.23132362187500002 0.607499778125 0.2154985015625 0.6229409968749999 0.19868528125 0.6254751234375 0.177434734375 0.5619437515625 0.134460765625 0.566125940625 0.1025960109375 0.55565845625 0.0850289453125 0.549104484375 0.0914386125 0.549009990625 0.0995594078125 0.5550234828125 0.1068424546875 0.5534729359375 0.1418300984375 0.6161773 0.190364934375 0.6064571890625 0.20683690000000002 0.600688834375 0.21123854999999997 0.600166096875 0.223408640625 0.6304270109375001 0.2502205
1 0.76170041875 0.3507178234375 0.7699345734375 0.340554734375 0.759378475 0.3306008796875 0.775206596875 0.3132912 0.783597615625 0.28002576874999996 0.7861021625 0.26131297343750004 0.8031354531250001 0.2714552953125 0.8078315859374999 0.260929796875 0.7950130828125 0.2488792359375 0.7904409218749999 0.24874619843749998 0.7817131328125 0.2454459125 0.77324231875 0.2528152453125 0.7699521046875 0.273536075 0.7717331140625 0.2842500390625 0.7634366406249999 0.30939469375 0.752210159375 0.32429965312500003 0.7448115140625 0.3377928421875 0.76170041875 0.3507178234375
1 0.622757778125 0.14892327656249998 0.63652084375 0.15874963125 0.650787171875 0.1639550609375 0.6594322765625 0.1743610296875 0.66855883125 0.17614972812500002 0.6686710437500001 0.16650630625 0.671778175 0.16151948437500002 0.6771241406249999 0.1606595984375 0.678730859375 0.1535982765625 0.6765688015625 0.142873209375 0.6789670953125 0.1332963046875 0.6554330359375 0.124995725 0.6541955015625 0.133083228125 0.6473904640625 0.1283157625 0.62946525 0.12931733437499998 0.6281864265625 0.140957721875 0.622757778125 0.14892327656249998
1 0.1222801890625 0.4861802234375 0.12740844375 0.49496984218750006 0.1327743859375 0.4928455328125 0.1311860875 0.48280508906249997 0.1268546765625 0.474047675 0.1347695703125 0.46791801718750003 0.1324307640625 0.46376141249999997 0.136920703125 0.45889494218750004 0.14338739218750002 0.4599916828125 0.1475258671875 0.45602355 0.1435194984375 0.4486384390625 0.14030065625000002 0.43219059218749994 0.127282703125 0.4372632046875 0.134336115625 0.446554103125 0.1288181578125 0.45184494375 0.131807075 0.4587461515625 0.12148996249999999 0.46616877343749996 0.1254012140625 0.48172820312500003 0.1222801890625 0.4861802234375
1 0.229347325 0.6925787703124999 0.23723319375 0.7182480765625 0.2400608546875 0.7096989796875001 0.24553656250000003 0.7080411718749999 0.25341444375 0.7050904140625 0.253562403125 0.69237479375 0.2425660578125 0.6702492515625 0.2315459921875 0.6794685375 0.231094128125 0.6889953359375001 0.2088873625 0.6338352203125 0.21334028749999998 0.6321476453125 0.19480425625 0.583908584375 0.1738820015625 0.5942026015625 0.1822461796875 0.6080744703125001 0.19733071562499999 0.6012448484374999 0.20825836562500002 0.6292740859375 0.2037684265625 0.63414055625 0.229347325 0.6925787703124999