2 0.957805 0.62108 0.020381866435252506 0.05352498933799978
2 0.909021 0.741465 0.04101686960011328 0.03405737400540883
2 0.886039 0.798987 0.03520337921876049 0.04648464867122719
2 0.843428 0.875803 0.032805065516429366 0.04489487667090906
2 0.685623 0.58346 0.028325896641955416 0.02844317333704538
2 0.102882 0.556375 0.04300844473518963 0.09108862400540882
2 0.379899 0.550227 0.056225207349061355 0.0670335060073178
2 0.405697 0.774655 0.04021826143274545 0.05591419267186346
2 0.418537 0.873983 0.0335317518140986 0.04334146733768165
2 0.210588 0.867658 0.03217758293962456 0.026926126670908702
2 0.65536 0.745542 0.03904514183263199 0.02232044267186346
2 0.653435 0.77988 0.03872768330244423 0.03559260200509069
2 0.634189 0.877273 0.032805065516429366 0.044894876670908704
2 0.778641 0.943771 0.028762406260602093 0.04094317333704538
2 0.750836 0.993057 0.040853178493120625 0.020819828234436243
2 0.61218 0.940272 0.027008933302444405 0.03545624200349984
2 0.436126 0.930415 0.036039192921091256 0.04805623933799978
2 0.265224 0.933892 0.03720238883740708 0.05900283000477273
1 0.9494303453124999 0.7130438390625 0.97661581875 0.6257497078125 0.7334321390625 0.5881539515624999 0.702197784375 0.7087763828125 0.9494303453124999 0.7130438390625
1 0.7147165156249999 0.7687196703125 0.6965549531249999 0.87558779375 0.8476884968749999 0.8745651109375 0.9037370640625 0.777872334375 0.7147165156249999 0.7687196703125
1 0.7645596593749999 1 0.78947956875 0.939247971875 0.6682520953125 0.930884153125 0.656928253125 0.99472193125 0.7616127578125 1 0.7645596593749999 1
1 0.2327928703125 0.790924825 0.266899740625 0.8719789468749999 0.43154331562500003 0.8697228234375001 0.4126437625 0.776329871875 0.2327928703125 0.790924825
1 0.459006790625 0.99937211875 0.452891628125 0.943675271875 0.3152195390625 0.9420733125 0.33996242187500003 0.993814984375 0.459006790625 0.99937211875
1 0.40880578125 0.666424475 0.376781765625 0.525596971875 0.16258418125000001 0.5119794203125 0.218476603125 0.6795068609375 0.40880578125 0.666424475
5 0.500834 0.681269 0.03554811960011328 0.03399373933799978
5 0.561263 0.689782 0.03872768330244423 0.03559260200509051
2 0.551379 0.94347 0.031396332939624474 0.026917036004136106
2 0.505422 0.946839 0.03261409255827132 0.0394261266709087