6 0.5301809185630503 0.7915323185197645 0.026117604670590745 0.03025738805964089
6 0.5009297705681408 0.752476462572299 0.023792036004136107 0.031697057326946165
6 0.3234592985757769 0.6868913268875074 0.03642839600572696 0.044070904567984216
6 0.212131447247004 0.6474426452957301 0.028534080004772533 0.03663021879233561
5 0.4290473219287305 0.547805572703636 0.04180623933799978 0.03654500961093845
5 0.30416550059677594 0.5310983502932557 0.023010786004136106 0.031656113749381376
5 0.22140754459741227 0.5220708310713789 0.03622840133672715 0.026883404567984215
6 0.5157858952896384 0.3491024790806425 0.03853578866963616 0.023881235300678937
6 0.5497250906270018 0.3211755529159322 0.028406810669954298 0.02569271879233561
6 0.3364069306174568 0.3803513998182859 0.026844310669954387 0.025610831637205768
6 0.21816546061427516 0.39760641960598964 0.02531817333704529 0.0286539444820761
5 0.14565356659773046 0.515755554047586 0.016642607336090798 0.021172315128862352
5 0.668846165937321 0.49705305743848793 0.019867604670590743 0.029929839439121864