2 0.268914 0.596134 0.015625 0.01484375
2 0.265007 0.565666 0.01328125 0.0109375
2 0.257195 0.503166 0.01328125 0.01875
2 0.41657 0.468791 0.01796875 0.015625
2 0.434539 0.541447 0.01796875 0.01171875
2 0.440007 0.555509 0.00859375 0.00625
2 0.549382 0.443009 0.0109375 0.0109375
2 0.575945 0.511759 0.015625 0.015625
2 0.58532 0.527384 0.0140625 0.01328125
2 0.683757 0.539103 0.0203125 0.01796875
2 0.738445 0.499259 0.01171875 0.01796875
2 0.721257 0.475041 0.01328125 0.01953125
2 0.692351 0.422697 0.01015625 0.01640625
2 0.675164 0.344572 0.01171875 0.0171875
2 0.650945 0.300822 0.0140625 0.01015625
2 0.640007 0.280509 0.01328125 0.015625
2 0.613445 0.242228 0.01484375 0.0109375
2 0.48532 0.257853 0.01640625 0.01953125
2 0.505632 0.303947 0.01640625 0.01484375
2 0.511101 0.318791 0.0171875 0.0125
2 0.536101 0.373478 0.01484375 0.0140625
2 0.404851 0.400041 0.01328125 0.01015625
2 0.384539 0.339884 0.0140625 0.015625
2 0.379851 0.325041 0.01796875 0.01171875
2 0.365789 0.274259 0.01796875 0.015625
2 0.224382 0.293791 0.015625 0.01328125
2 0.232195 0.340666 0.01484375 0.0109375
2 0.237664 0.363322 0.01796875 0.01640625
2 0.249382 0.420353 0.021875 0.01875
2 0.272039 0.816447 0.01328125 0.0203125
2 0.326726 0.896916 0.015625 0.0171875
2 0.382195 0.885197 0.0203125 0.01875
2 0.434539 0.871134 0.0140625 0.01640625
2 0.488445 0.858634 0.0140625 0.01875
2 0.77907 0.782072 0.01796875 0.0140625
2 0.733757 0.793791 0.015625 0.01328125
5 0.403289 0.840666 0.01875 0.0203125
5 0.484539 0.818009 0.01796875 0.01640625
5 0.782976 0.743791 0.0140625 0.01875
5 0.854851 0.728947 0.01875 0.0203125
1 0.311882 0.347697 0.11015625 0.11796875
1 0.572039 0.312541 0.090625 0.09453125
1 0.644695 0.490666 0.0875 0.0828125
1 0.343914 0.546916 0.13515625 0.08125
4 0.5349467625 0.4066897390625 0.548004196875 0.4239142453125 0.5545329140625 0.42247887031250003 0.5471881062499999 0.41051740781249996 0.5284180453125 0.3889867734375 0.5047514453125 0.372719184375 0.4774124421875 0.3483178 0.46761936718749997 0.3330071265625 0.4631308734375 0.31769645468749996 0.45415388749999996 0.32056720625 0.4639469640625 0.3420978390625 0.48108484531249995 0.3650638484375 0.5161767 0.389943690625 0.5349467625 0.4066897390625