4 0 0.564490553125 0.0114147 0.5689862984375 0.042935243750000004 0.5202201734375 0.0990011515625 0.4561528453125 0.15221615625 0.3835186328125 0.19106265312499998 0.3402743046875 0.23683079375 0.31123232968750003 0.27370930000000004 0.26372350624999996 0.279666790625 0.22884971875 0.2833193765625 0.1969452328125 0.253086053125 0.2413331875 0.2147786296875 0.2730034421875 0.1955981546875 0.3126722046875 0.128614165625 0.378565209375 0.0659773828125 0.467416903125 0 0.5500125140625001 0 0.564490553125
4 0 0.6123287359375 0.024914146875 0.5815145421875 0.076026396875 0.50750935625 0.12422728593750001 0.449494303125 0.16124055937499998 0.3990919609375 0.1855837765625 0.3881310359375 0.22044076562499998 0.3840249890625 0.23577343125 0.40371124687500004 0.252177315625 0.3771391 0.2586808046875 0.35380149375 0.21595879375 0.3639598171875 0.20679962343749997 0.3512800078125 0.21954399218749998 0.3335020890625 0.20590977812500003 0.3238673640625 0.17357370156250002 0.36688434375 0.08815738437500001 0.479642015625 0 0.5850676328125 0 0.6123287359375
1 0.4296985796875 0.5197137546875 0.3493914734375 0.7088465359375 0.516108646875 0.7810225765625 0.5839339906250001 0.5807704203124999 0.4296985796875 0.5197137546875
1 0.61269179375 0.5913214234375 0.555784528125 0.7897479078125 0.73728836875 0.8700740234375001 0.7742531546875 0.6578998859375 0.61269179375 0.5913214234375
1 0.2667964671875 0.5051807375 0.17434451875 0.67596034375 0.2855814546875 0.7298521109375 0.370707453125 0.55355070625 0.2667964671875 0.5051807375
1 0.6848297062500001 0.29847667499999997 0.651901028125 0.40073500156249997 0.790257771875 0.4305692234375 0.787850846875 0.3194340015625 0.6848297062500001 0.29847667499999997
1 0.5487104859375 0.2671199078125 0.50987784375 0.35658475 0.6222603062500001 0.3858816109375 0.651731625 0.2880772359375 0.5487104859375 0.2671199078125
1 0.24490489375000002 0.32395003125 0.4498690328125 0.3890128328125 0.485176928125 0.30544870468749996 0.3015772578125 0.24686186875 0.24490489375000002 0.32395003125
1 0.043778482812500005 0.618410346875 0.13086743125 0.6558125046875001 0.2324785484375 0.4977127078125 0.13982948906249998 0.46339352343750007 0.043778482812500005 0.618410346875
2 0.23144 0.857768 0.028835629445670106 0.032986114790789854
2 0.397224 0.78322 0.02634633023145838 0.029779269237293703
2 0.461175 0.749574 0.04346105562435252 0.028816969962933214
2 0.592239 0.683173 0.03437715405277597 0.0347395877489479
2 0.673326 0.699264 0.02847175641014079 0.025173614790790035
2 0.782316 0.644571 0.023602319892376135 0.021103673683797376
2 0.651873 0.757793 0.03394050641014079 0.025364587748947898
2 0.82739 0.624306 0.02345677067816441 0.017978673683797373
2 0.924135 0.574646 0.02009633023145836 0.029561014427970277
2 0.372134 0.512471 0.017425094499482086 0.02244791887447395
2 0.514826 0.461295 0.030706344499482084 0.02291171034428636
2 0.177517 0.587572 0.02374786910658777 0.024228673683797376
2 0.165241 0.407748 0.023221330231458382 0.029670141832631815
2 0.306917 0.368237 0.03219606989237604 0.02140377404661713
2 0.332408 0.362887 0.027127580231458382 0.029806551088459088
2 0.453916 0.325792 0.03181508023145838 0.029970242195451656
2 0.720738 0.29377 0.026419104838564245 0.031341769237293704