2 0.561523 0.550607 0.03821062944567011 0.032672178165332966
2 0.826729 0.581038 0.027709777088305288 0.04185626339268058
2 0.731151 0.752948 0.03287031203449331 0.05209433400953163
2 0.685434 0.827993 0.019533404052775972 0.03390739569792878
2 0.285907 0.525467 0.03468752315936374 0.05759035754848192
2 0.025064 0.534125 0.030535965779937557 0.06626592816533297
1 0.7858283453125 0.58179083125 0.5786012234375 0.5712119765625 0.5493643859375 0.6834810703125 0.7374940578125 0.7006882734375 0.7858283453125 0.58179083125
1 0.6860769796875 0.7513073125 0.52350319375 0.7456848984375 0.49706505781250004 0.8426871234375 0.6492091390625 0.8481274843750001 0.6860769796875 0.7513073125
1 0.5865137765624999 0.8943726453125 0.4643566484375 0.8950250609375001 0.444818075 0.9559469125 0.5731682265625 0.956794934375 0.5865137765624999 0.8943726453125
1 0.23896920625 0.5123748109374999 0.0553416234375 0.51056191875 0.0677650296875 0.647227953125 0.246436946875 0.6433849875 0.23896920625 0.5123748109374999
1 0.2698981296875 0.8568223093749999 0.2604154703125 0.746662040625 0.066228590625 0.7474495125 0.1291619234375 0.8529734124999999 0.2698981296875 0.8568223093749999
1 0.280158346875 0.9502880875 0.27616840468750004 0.90148659375 0.14579710625 0.8992109546875 0.16230269375 0.9482309093750001 0.280158346875 0.9502880875