6 0.10234375 0.07578125 0.03828125 0.03515625
6 0.1390625 0.11484375 0.0265625 0.0296875
6 0.16875 0.315625 0.025 0.0265625
6 0.18828125 0.465625 0.01953125 0.0359375
6 0.20234375 0.58046875 0.0234375 0.03515625
5 0.3359375 0.575 0.0265625 0.0359375
5 0.3359375 0.46484375 0.0265625 0.0296875
5 0.3484375 0.35234375 0.0375 0.03671875
5 0.3484375 0.20546875 0.034375 0.04765625
6 0.58671875 0.08515625 0.03828125 0.03515625
6 0.5515625 0.12578125 0.034375 0.0359375
6 0.515625 0.32421875 0.025 0.02734375
6 0.48828125 0.4765625 0.0296875 0.02421875
6 0.46328125 0.58046875 0.02265625 0.0296875