1 0.702402765625 0.34909810937499997 0.4718324390625 0.3463858 0.4429831609375 0.407073115625 0.6933002 0.412188540625 0.702402765625 0.34909810937499997
1 0.73438133125 0.438157240625 0.432838215625 0.43523143124999997 0.38514382343750003 0.517126721875 0.7307472140625 0.5266575203125 0.73438133125 0.438157240625
1 0.6750978640625 0.5654564328125 0.3577083125 0.5611139828125 0.2886649734375 0.6819656843749999 0.6587444046875001 0.7029334453125 0.6750978640625 0.5654564328125
1 0.9954076359374999 0.5718105359375001 0.698989896875 0.5674081109375 0.6919598859375 0.69380478125 0.9972247203125001 0.702790965625 0.9954076359374999 0.5718105359375001
1 0.9949707296874999 0.44561740937499994 0.7909041421875 0.439427515625 0.7965485796875 0.524042284375 0.997514559375 0.5283992265624999 0.9949707296874999 0.44561740937499994
1 0.9665384296875 0.3496337015625 0.7193708812499999 0.35041056875 0.71687541875 0.4070908140625 0.994521040625 0.411992371875 0.9665384296875 0.3496337015625
3 0.7918192687500001 0.330804334375 0.7304028703125 0.3332551140625 0.7293126546875001 0.34060744062500004 0.80199475625 0.33979051875 0.8049020312499999 0.30929195625 0.9477223578125 0.311198115625 0.9539003546875 0.2856011078125 0.97425133125 0.2847841796875 0.97513225625 0.277878240625 0.9408175671875 0.27988262812500003 0.9368200515625 0.303573475 0.793999725 0.30221193125 0.7918192687500001 0.330804334375
3 0.690064315625 0.4294237328125 0.7216810328125 0.4294237328125 0.7234980796875 0.42179909687499995 0.7078714265625 0.4209821734375 0.7155030484375 0.3382003609375 0.6770104046875 0.33512483125000003 0.676981540625 0.34419115 0.70278368125 0.3450080734375 0.690064315625 0.4294237328125
3 0.999326665625 0.41254060625 1 0.3874882171875 0.9815195187500001 0.34037882812500003 0.9399650671875 0.336023990625 0.942634603125 0.34528038125 0.9706172125 0.3458250015625 0.999326665625 0.41254060625
3 0.7754657843749999 0.5420182687499999 0.7565684453125 0.54229056875 0.7547513859375 0.553182915625 0.793999725 0.5526383 0.7892753906250001 0.42370526093749994 0.7565362062500001 0.421744015625 0.7540245671875 0.42928250625000003 0.7721950875 0.42846558281249997 0.7754657843749999 0.5420182687499999
3 0.7085982453125 0.727994878125 0.680615646875 0.7277225796875 0.6962422890625 0.551538921875 0.7173201078125 0.551538921875 0.7173727453125001 0.5407329984375 0.67734495 0.5430099687500001 0.658811009375 0.7380703125 0.7049641515625 0.7405210906249999 0.7085982453125 0.727994878125
3 0.7565362062500001 0.727458784375 0.764563478125 0.78208675625 0.788548571875 0.7815421406249999 0.78818515 0.7281696640625 0.7565362062500001 0.727458784375
3 0.30584513593749996 0.73411495 0.31638404531250003 0.7213164484375 0.28367710156250003 0.7213164484375 0.275318646875 0.73302571875 0.28622097812499997 0.7354764890625 0.28440391875 0.7469134515625 0.40905372656249994 0.7482749906249999 0.4130512421875 0.745007296875 0.449755678125 0.7463688359375 0.45193615937500003 0.751815 0.47555785625 0.7550827124999999 0.481009009375 0.751815 0.482462646875 0.734659565625 0.40905372656249994 0.7343872578124999 0.40723666718749996 0.743373440625 0.3054817140625 0.740378046875 0.30584513593749996 0.73411495
3 0.5377300578125 0.313506678125 0.5370032390625 0.323854409375 0.535913021875 0.32984519843750004 0.5188327187499999 0.3309344296875 0.5195595390625 0.33883138125 0.5475421484375 0.33801445937499996 0.5482689671875 0.329572890625 0.5500860265624999 0.313506678125 0.5457250890625 0.2979850890625 0.5504494234374999 0.29308354062499997 0.5508128453125 0.286548134375 0.5486323890625 0.276200403125 0.5355496015625001 0.275111171875 0.5340959640625 0.273749625 0.516360290625 0.2745813171875 0.5166522625 0.2802850296875 0.5344593843750001 0.280557346875 0.5326423265625 0.29498969375 0.5377300578125 0.313506678125
5 0.357961 0.237418 0.009375 0.0078125
5 0.327492 0.237418 0.01484375 0.00703125
5 0.296242 0.238199 0.01171875 0.0078125
5 0.11343 0.240543 0.0109375 0.009375
5 0.082961 0.23898 0.01015625 0.0078125
5 0.382961 0.283511 0.01015625 0.009375
5 0.346242 0.284293 0.0125 0.00859375
5 0.314211 0.285074 0.0125 0.01015625
5 0.114211 0.286636 0.01328125 0.0125
5 0.079055 0.286636 0.01484375 0.0078125
5 0.041555 0.288199 0.01328125 0.009375
5 0.30093 0.335855 0.01328125 0.00859375
5 0.350149 0.335074 0.01015625 0.00703125
5 0.398586 0.333511 0.009375 0.00859375
5 0.139992 0.338199 0.01015625 0.0109375
5 0.090774 0.337418 0.0140625 0.0078125
5 0.042336 0.339761 0.01328125 0.01171875
2 0.10093 0.781949 0.01640625 0.01015625
5 0.245461 0.774918 0.0140625 0.0109375
5 0.303274 0.77023 0.01640625 0.0140625
2 0.361086 0.77648 0.0171875 0.0109375
2 0.464211 0.774136 0.01484375 0.0078125
2 0.485305 0.789761 0.01484375 0.01015625
2 0.506399 0.78898 0.0140625 0.01015625
2 0.399367 0.837418 0.015625 0.01171875
2 0.430617 0.83273 0.0203125 0.01328125
5 0.461867 0.83898 0.01640625 0.009375
2 0.273586 0.81398 0.01875 0.01484375
6 0.311867 0.86398 0.0171875 0.0125
6 0.168899 0.867105 0.015625 0.0109375
6 0.174367 0.847574 0.0125 0.01015625
6 0.182961 0.821011 0.01953125 0.01484375
2 0.689992 0.771011 0.01640625 0.01015625
2 0.564211 0.773355 0.015625 0.01015625
2 0.00093 0.78273 0.01875 0.0109375
0 0.444427403125 0.5251475390625 0.4329153703125 0.559204190625 0.672039496875 0.56111034375 0.67385653125 0.5281610125 0.444427403125 0.5251475390625
0 0.798896684375 0.5311419468749999 0.8033122328125 0.5643909875 0.9977368671875 0.5624848328125001 0.9977368671875 0.5333478109375 0.798896684375 0.5311419468749999
0 0.5003254609375001 0.408525903125 0.49116576875 0.4340953265625 0.68439034375 0.4364819265625 0.688637096875 0.4138093859375 0.5003254609375001 0.408525903125
0 0.7910273484375 0.4120283359375 0.7942736015625 0.4376752 0.9928065640625 0.4376752 0.980597265625 0.4138093859375 0.7910273484375 0.4120283359375
0 0.552861946875 0.32359191875 0.547281234375 0.3434642125 0.671497059375 0.3466463234375 0.6730895828125 0.3267581453125 0.552861946875 0.32359191875
0 0.81204194375 0.3292833703125 0.809514634375 0.34783961093750004 0.9395695921874999 0.3462485484375 0.9326687515625001 0.33153130625 0.81204194375 0.3292833703125
6 0.193899 0.309293 0.01875 0.01875
0 0.6677811953125 0.27703771875 0.5563643796875 0.27630908125000003 0.5563054515625 0.308063265625 0.6683120125 0.309256553125 0.6677811953125 0.27703771875
0 0.936384615625 0.27743548125 0.8237167187500001 0.27630908125000003 0.81906963125 0.29891470781249996 0.9353229093750001 0.30249458125 0.936384615625 0.27743548125
4 0.8933868421875 0.24316399687499998 0.9061268859375 0.24753939531250002 0.9231136828125001 0.24913045625 0.936384615625 0.25032374375 0.945939684375 0.24913045625 0.9634572984374999 0.24793715624999998 0.974074003125 0.24913045625 0.98469070625 0.255494665625 0.9963691156250001 0.26026782656249997 0.9910608 0.25151703125 0.9857524124999999 0.2471416328125 0.9719506625 0.24236847187500002 0.9634572984374999 0.24077742343750003 0.9533713421875 0.24077742343750003 0.9385079562499999 0.243561759375 0.9262986578125 0.24316399687499998 0.917274478125 0.241572946875 0.9061268859375 0.2383908359375 0.8933868421875 0.23441320000000002 0.8838317734375 0.23282215156250002 0.8742767046875001 0.232026628125 0.8631291109375001 0.230833328125 0.8477348390625 0.230833328125 0.8360564281249999 0.23043556562499998 0.8259705421874999 0.228048990625 0.8318890609375 0.23690671718749998 0.8440189734375 0.23799307500000003 0.8641908171875 0.2391863609375 0.880115909375 0.23998188593749997 0.8933868421875 0.24316399687499998
0 0.356725734375 0.703168028125 0.3482174546875 0.7239027171875 0.641770146875 0.727482590625 0.6391159890625 0.7095832375 0.356725734375 0.703168028125
0 0.8243004562499999 0.713675325 0.824518965625 0.7306646890625 0.9975717671875 0.7338468140625001 0.9917325640625 0.7167429703125 0.8243004562499999 0.713675325