2 0.236703 0.768156 0.01796875 0.02421875
2 0.312485 0.662687 0.02109375 0.01328125
2 0.32811 0.643156 0.01875 0.0203125
2 0.387485 0.552531 0.01640625 0.01484375
2 0.547641 0.62675 0.0140625 0.021875
2 0.504672 0.707218 0.01484375 0.01953125
2 0.482797 0.749406 0.02265625 0.0234375
2 0.432016 0.856437 0.01953125 0.02109375
2 0.410922 0.553312 0.01015625 0.0265625
2 0.457797 0.483781 0.01171875 0.02421875
2 0.468735 0.465812 0.015625 0.0234375
2 0.614828 0.511125 0.01484375 0.01953125
2 0.602328 0.536906 0.01328125 0.0234375
2 0.636703 0.455656 0.0171875 0.0234375
2 0.492172 0.415812 0.01640625 0.02734375
2 0.174985 0.600968 0.015625 0.0234375
2 0.189828 0.577531 0.01328125 0.01796875
2 0.258578 0.505656 0.01953125 0.02890625
2 0.131235 0.466593 0.025 0.02890625
2 0.063266 0.51425 0.0125 0.02109375
2 0.033578 0.543937 0.01953125 0.01484375
2 0.21561 0.403312 0.0109375 0.01953125
2 0.235141 0.378312 0.01484375 0.01953125
2 0.276547 0.340031 0.01328125 0.01640625
4 0.410487459375 0.3595990875 0.44073939375000004 0.37236591875 0.45586536093749996 0.3837142140625 0.45690853125 0.3964810453125 0.450649509375 0.40428299687499997 0.4417825640625 0.41350348593749997 0.426656596875 0.4156312921875 0.426656596875 0.4234332453125 0.441260978125 0.4234332453125 0.45169268125000006 0.41350348593749997 0.461602796875 0.4028644609375 0.46421072187499995 0.39009762812500004 0.4579517015625 0.3744937234375 0.4318724484375 0.35818055000000004 0.38962405625 0.3475415234375 0.357807365625 0.3269727390625 0.3374655484375 0.31846151875 0.35728578125 0.339739571875 0.3891024703125 0.35747128125 0.410487459375 0.3595990875
4 0.65354610625 0.4106664125 0.6196430765625001 0.4021551921875 0.5909558968749999 0.38513275 0.57165725 0.37094738125000004 0.5612255484374999 0.365982503125 0.5497506750000001 0.3617268921875 0.5335815390625 0.363145428125 0.51897715625 0.365273234375 0.5106317953125 0.3674010390625 0.498113753125 0.365982503125 0.486117296875 0.365982503125 0.47985827499999995 0.37236591875 0.47829352031249994 0.3808771390625 0.47725035 0.3872605546875 0.47307766874999996 0.3964810453125 0.468383403125 0.40144592343749996 0.4600380421875 0.4149220234375 0.46577547812500003 0.419177634375 0.48350937031249996 0.41137568125 0.487160465625 0.4021551921875 0.49341948750000003 0.41421275468749996 0.49341948750000003 0.4227239765625 0.4965489984375 0.4354908078125 0.49550582656250003 0.44258349218750004 0.4928979015625 0.449676175 0.49185473125 0.45251324843749996 0.48507412499999997 0.47237276406250006 0.4678618171875 0.48443032812500003 0.454822190625 0.50641765 0.43813146875 0.5191844796875 0.44230415 0.522730821875 0.45847328593750003 0.5149288703125 0.4720344984375 0.496487890625 0.4824662 0.48443032812500003 0.5012432625 0.46031520156249994 0.5059375296875 0.446839103125 0.5106317953125 0.42130543906250006 0.5184555703125 0.41279421875000005 0.5325383687499999 0.4078293390625 0.5534017718750001 0.40144592343749996 0.5659198125 0.4064108015625 0.585740046875 0.41137568125 0.602952353125 0.417049828125 0.6154703968749999 0.4234332453125 0.6311179484375 0.4241425125 0.6394633093750001 0.4234332453125 0.64833025625 0.4227239765625 0.655632446875 0.419886903125 0.6691936593750001 0.418468365625 0.67649585 0.41279421875000005 0.6843196265625 0.4064108015625 0.6926649874999999 0.3971903125 0.6952729140625 0.3879698234375 0.69422974375 0.3744937234375 0.6864059671875 0.390806896875 0.673366340625 0.40924787656249995 0.66189146875 0.41421275468749996 0.65354610625 0.4106664125
3 0.305127271875 0.6759328 0.322861165625 0.66174743125 0.341638228125 0.643306453125 0.3332928671875 0.6347952328125 0.3192100703125 0.6411786484374999 0.30929995312499997 0.6532362109375 0.29782508124999996 0.6624567015625 0.28269911406250003 0.6730957265625 0.2696594875 0.6879903640625 0.25401193437499997 0.7000479265624999 0.24723132812499998 0.705722075 0.262357296875 0.7199074421875 0.2785264328125 0.709977684375 0.29000130468749996 0.6943737796875 0.305127271875 0.6759328
3 0.42978610625 0.5603220484375 0.441260978125 0.565286928125 0.45534377656249997 0.5425903375 0.48194461562499996 0.5021620390625 0.5043727734375001 0.46953569218749996 0.521063496875 0.4482576390625 0.5137613046875 0.43832788125000005 0.498113753125 0.46669861875 0.43813146875 0.5482644859375 0.42978610625 0.5603220484375
1 0.025036084375 0.6227376687499999 0.1277883453125 0.697920121875 0.1997670859375 0.62415620625 0.0803241015625 0.5737981484375 0.025036084375 0.6227376687499999
1 0.1747622984375 0.4893952078125 0.1116505015625 0.5489737546875 0.21179483906250002 0.603587421875 0.2790793140625 0.5262771640625 0.1747622984375 0.4893952078125
1 0.26030224999999996 0.4276888546875 0.2149243484375 0.46740788593750004 0.3187197796875 0.5184752125000001 0.3651408515625 0.4645708125 0.26030224999999996 0.4276888546875
1 0.31559026874999996 0.3674010390625 0.27021236718749997 0.41634056093750005 0.3813099890625 0.444711296875 0.4219936265625 0.4021551921875 0.31559026874999996 0.3674010390625
1 0.3531443953125 0.6922459734374999 0.28846784531249997 0.7809045265625 0.4553750703125 0.8674352734375 0.5038824843749999 0.7624635468750001 0.3531443953125 0.6922459734374999
1 0.430860571875 0.5830186375 0.3787020640625 0.656073284375 0.5299617375000001 0.7262908578125 0.5722101296875 0.6454342578125 0.430860571875 0.5830186375
1 0.4991882171875 0.5071269171874999 0.45850458125 0.5659961953125 0.59881096875 0.6199005953125 0.6295844890625 0.5539386328125 0.4991882171875 0.5071269171874999
1 0.6363650953125 0.5369161921875001 0.6650522734375001 0.47237276406250006 0.546652459375 0.43690934375 0.5169221109375 0.4879766703125 0.5190084500000001 0.4893952078125 0.518486865625 0.4893952078125 0.6363650953125 0.5369161921875001
4 0.4266878921875 0.5369161921875001 0.44233544374999995 0.5262771640625 0.4329469125 0.522730821875 0.3713998734375 0.5759259546875 0.3275867265625 0.605005959375 0.292118940625 0.641887915625 0.2634317609375 0.668840115625 0.27021236718749997 0.6752235328125 0.3145471 0.631248890625 0.36409768124999997 0.5886927859375 0.4266878921875 0.5369161921875001
5 0.332016 0.275187 0.01171875 0.01796875
5 0.388266 0.290812 0.0109375 0.0171875
5 0.56561 0.343156 0.0140625 0.02578125
5 0.632797 0.363468 0.02578125 0.02890625
1 0.400995278125 0.21949505781249998 0.34109978124999996 0.2726432328125 0.450738996875 0.3023233828125 0.505558603125 0.245724028125 0.400995278125 0.21949505781249998
1 0.6111371078125 0.269192053125 0.5644389234375 0.3375254203125 0.6979348203125 0.3685860421875 0.734481225 0.300942909375 0.6111371078125 0.269192053125