2 0.092886 0.79288 0.0175420560063543 0.02111302067816432
2 0.169495 0.881574 0.02295625892845372 0.01824273180303493
2 0.241029 0.858695 0.01988580600635448 0.02122218258882356
2 0.308026 0.844628 0.018391489853730292 0.025055657981717515
2 0.374105 0.822785 0.029288079545304768 0.023221330231458382
2 0.758556 0.719654 0.023092626623205437 0.02605523180303493
2 0.880022 0.69054 0.026067622158978575 0.017607031017246654
2 0.315143 0.490885 0.01907728246740419 0.01962329528527036
2 0.307017 0.47328 0.016788079545304768 0.022639133374611476
2 0.271992 0.392813 0.02220228246740419 0.019768844499481998
2 0.065615 0.439956 0.02446421185055314 0.015190506410140792
2 0.083249 0.509504 0.01612956047058134 0.029633996071058634
2 0.090921 0.545896 0.027739216314780178 0.02392980562435252
2 0.502057 0.448558 0.014376145697928777 0.018623721463952768
2 0.490052 0.432698 0.012018758928453721 0.017733309553293886
2 0.451161 0.354757 0.022915348620028198 0.01589898180303493
2 0.638306 0.325711 0.026094895697928867 0.019169531017246656
2 0.678392 0.382486 0.023873876623205437 0.02609161910658786
2 0.700826 0.413498 0.020844334009531628 0.031414819892376225
2 0.614904 0.23923 0.017582966314779826 0.02345677067816445
2 0.57967 0.191612 0.016747169236879245 0.02029538337461152
2 0.561374 0.173699 0.024532395697928956 0.019096756410140792
2 0.530841 0.126644 0.015184669236879245 0.020222608767505656
2 0.361678 0.155634 0.016788079545304768 0.022639133374611476
2 0.392279 0.206595 0.01691081047058134 0.029670383374611475
2 0.431979 0.286062 0.018391489853730292 0.025055657981717338
2 0.204084 0.175485 0.022997169236879243 0.020586481803034927
2 0.230229 0.239945 0.029438084009531806 0.03181508023145838
2 0.26054 0.319068 0.017487508928453722 0.017988020678164497
2 0.050738 0.349168 0.01828239569792913 0.01880565798171734
2 0.043397 0.286959 0.014307961850553141 0.01471747146395277
3 0.6485694671875 0.2857196453125 0.6592221859375 0.28890642187500004 0.6647909984375 0.2766095796875 0.6795935046875 0.2611553140625 0.7027715890625 0.2478848921875 0.709962778125 0.23028237968749998 0.7171070375 0.2153682984375 0.7227384203125 0.1994868828125 0.7326738046875 0.19994963125 0.7366984546875 0.188477740625 0.7176545171875001 0.184003265625 0.7113996546875 0.1917837921875 0.700449734375 0.2056237484375 0.69162053125 0.2294280765625 0.6728246578125 0.25456194375 0.65420085 0.26983822968750004 0.6485694671875 0.2857196453125
1 0.6185878015624999 0.6506695359375 0.8861378890625 0.7268076859375 0.9197735781249999 0.5451093453125 0.6744242078125 0.48708923125 0.6185878015624999 0.6506695359375
1 0.372050415625 0.5848286265625 0.45381410625 0.45351775937500005 0.2363926546875 0.3890329453125 0.14250120156249999 0.53220369375 0.372050415625 0.5848286265625
1 0.35709761875 0.379123940625 0.498056840625 0.42296345 0.5396023249999999 0.319288153125 0.4143349109375 0.287051153125 0.35709761875 0.379123940625
1 0.736924390625 0.47291620468750006 0.907134984375 0.510352653125 0.934285025 0.396688321875 0.7732302437499999 0.36589068281250003 0.736924390625 0.47291620468750006
1 0.7907098140625 0.2750723328125 0.9531693078125001 0.30127611875000004 0.975296415625 0.1718469125 0.8417903328125 0.156310209375 0.7907098140625 0.2750723328125
1 0.45155790625 0.20336473906250002 0.5756102171874999 0.2293327734375 0.6239625703125 0.1151028640625 0.5276756546875 0.09198111406250001 0.45155790625 0.20336473906250002
5 0.12897 0.844367 0.020639782467404187 0.019696069892376045
5 0.266746 0.80902 0.014471603084255236 0.02409247146395277
5 0.374931 0.780525 0.020076720779006862 0.0321596825888232
5 0.761726 0.677284 0.023901150162155816 0.02765411910658777
5 0.859109 0.657111 0.01843240016215577 0.02739940798171734