2 0.104091 0.734432 0.0175420560063543 0.02111302067816432
2 0.1807 0.823127 0.02295625892845372 0.01824273180303493
2 0.252234 0.800248 0.01988580600635448 0.02122218258882356
2 0.319231 0.786181 0.018391489853730292 0.025055657981717515
2 0.38531 0.764338 0.029288079545304768 0.023221330231458382
2 0.769761 0.661206 0.023092626623205437 0.02605523180303493
2 0.891227 0.632093 0.026067622158978575 0.017607031017246654
2 0.326348 0.432437 0.01907728246740419 0.01962329528527036
2 0.318222 0.414833 0.016788079545304768 0.022639133374611476
2 0.283197 0.334366 0.02220228246740419 0.019768844499481998
2 0.07682 0.381509 0.02446421185055314 0.015190506410140792
2 0.094454 0.451057 0.01612956047058134 0.029633996071058634
2 0.102126 0.487448 0.027739216314780178 0.02392980562435252
2 0.513262 0.390111 0.014376145697928777 0.018623721463952768
2 0.501257 0.37425 0.012018758928453721 0.017733309553293886
2 0.462366 0.296309 0.022915348620028198 0.01589898180303493
2 0.649511 0.267264 0.026094895697928867 0.019169531017246656
2 0.689597 0.324038 0.023873876623205437 0.02609161910658786
2 0.712031 0.355051 0.020844334009531628 0.031414819892376225
2 0.626109 0.180783 0.017582966314779826 0.02345677067816445
2 0.590875 0.133165 0.016747169236879245 0.02029538337461152
2 0.572579 0.115252 0.024532395697928956 0.019096756410140792
2 0.542046 0.068197 0.015184669236879245 0.020222608767505656
2 0.372883 0.097187 0.016788079545304768 0.022639133374611476
2 0.403484 0.148148 0.01691081047058134 0.029670383374611475
2 0.443184 0.227615 0.018391489853730292 0.025055657981717338
2 0.215289 0.117037 0.022997169236879243 0.020586481803034927
2 0.241434 0.181498 0.029438084009531806 0.03181508023145838
2 0.271745 0.26062 0.017487508928453722 0.017988020678164497
2 0.061943 0.290721 0.01828239569792913 0.01880565798171734
2 0.054602 0.228512 0.014307961850553141 0.01471747146395277
3 0.6485694671875 0.2857196453125 0.6592221859375 0.28890642187500004 0.6647909984375 0.2766095796875 0.6795935046875 0.2611553140625 0.7027715890625 0.2478848921875 0.709962778125 0.23028237968749998 0.7171070375 0.2153682984375 0.7227384203125 0.1994868828125 0.7326738046875 0.19994963125 0.7366984546875 0.188477740625 0.7176545171875001 0.184003265625 0.7113996546875 0.1917837921875 0.700449734375 0.2056237484375 0.69162053125 0.2294280765625 0.6728246578125 0.25456194375 0.65420085 0.26983822968750004 0.6485694671875 0.2857196453125
1 0.6185878015624999 0.6506695359375 0.8861378890625 0.7268076859375 0.9197735781249999 0.5451093453125 0.6744242078125 0.48708923125 0.6185878015624999 0.6506695359375
1 0.372050415625 0.5848286265625 0.45381410625 0.45351775937500005 0.2363926546875 0.3890329453125 0.14250120156249999 0.53220369375 0.372050415625 0.5848286265625
1 0.35709761875 0.379123940625 0.498056840625 0.42296345 0.5396023249999999 0.319288153125 0.4143349109375 0.287051153125 0.35709761875 0.379123940625
1 0.736924390625 0.47291620468750006 0.907134984375 0.510352653125 0.934285025 0.396688321875 0.7732302437499999 0.36589068281250003 0.736924390625 0.47291620468750006
1 0.7907098140625 0.2750723328125 0.9531693078125001 0.30127611875000004 0.975296415625 0.1718469125 0.8417903328125 0.156310209375 0.7907098140625 0.2750723328125
1 0.45155790625 0.20336473906250002 0.5756102171874999 0.2293327734375 0.6239625703125 0.1151028640625 0.5276756546875 0.09198111406250001 0.45155790625 0.20336473906250002
5 0.140175 0.78592 0.020639782467404187 0.019696069892376045
5 0.277951 0.750573 0.014471603084255236 0.02409247146395277
5 0.386136 0.722078 0.020076720779006862 0.0321596825888232
5 0.772931 0.618837 0.023901150162155816 0.02765411910658777
5 0.870314 0.598664 0.01843240016215577 0.02739940798171734