2 0.4165204723614925 0.6865284288647696 0.03570176386770836 0.025074928659881833
2 0.6124551406738539 0.4672819309316842 0.034030161094166546 0.020314654052775973
2 0.2877804893633329 0.5389727245643247 0.04202449905006951 0.02849102708830529
2 0.4493940558520831 0.34941157257846334 0.03648301386770836 0.025111315963434678
2 0.39319926044923587 0.3108177994190995 0.03410289627652787 0.023439654052775972
2 0.26641463563986073 0.5160788800648426 0.03183188145888884 0.026455492142117266
2 0.17348421286218715 0.4092958790313853 0.03793641109416668 0.020496590570540672
2 0.2813908978920484 0.24226039040392483 0.044422800436840326 0.030943938998963992
2 0.28769610248920124 0.20657760152879537 0.03330346248093754 0.022622016749222974
2 0.21135246124666657 0.1600065084770554 0.04266027868534723 0.02227741439185813
2 0.13266115074184 0.3151070773359742 0.01756935970739586 0.017206770678164406
2 0.1180901576756942 0.3026969685684686 0.013626742116215285 0.015462334160399748
2 0.18440875474965265 0.14154545285270287 0.024655161094166676 0.019878006410140793
2 0.12823214314239575 0.10217042969333909 0.03403016109416668 0.020314654052775927
2 0.27916332988468684 0.8083948126536658 0.031050631458888846 0.026419104838564154
2 0.18240004549975639 0.6646747377988909 0.03321254350298615 0.01871576674922295
2 0.1656125890027425 0.6466867171207266 0.025436411094166677 0.01991439371369381
2 0.09537478381624956 0.5393964478903042 0.03179551386770836 0.024892992142117265
2 0.085232798349548 0.7399229867654336 0.025563697663298645 0.025383143713693813
2 0.03407164827329807 0.6530736501238346 0.04266027868534724 0.02227741439185813
2 0.06473007475378452 0.2431186073197636 0.03095971248093752 0.022512854838564245
2 0.13128822112722152 0.8445227495857154 0.03403016109416668 0.02031465405277615
2 0.013035062501596792 0.5152268937136937 0.025418227298576408 0.01913314371369381
1 0.2905477765625 0.5093029109375 0.43581469375 0.6603145500000001 0.60563329375 0.4840612 0.4186092875 0.36013527968750003 0.2905477765625 0.5093029109375
1 0.1806439078125 0.398040978125 0.27761507343749997 0.49327806250000006 0.385262078125 0.33771637656250003 0.269744590625 0.25975959843749996 0.1806439078125 0.398040978125
1 0.08127121875 0.2500741046875 0.176717696875 0.35884826406250003 0.2611539296875 0.2130919859375 0.1288468296875 0.1289099859375 0.08127121875 0.2500741046875
1 0.17063095156250002 0.8802081015625 0.27112457968750003 0.8241058796875 0.084953328125 0.559602778125 0.0347441734375 0.638005565625 0.17063095156250002 0.8802081015625
1 0 0.47565453281250003 0.048366909375 0.5724140328125 0.09955234375000001 0.5040359796875 0.01042155625 0.38376230312500004 0 0.43465749374999996 0 0.47565453281250003
4 0 0.3289791484375 0.03083004375 0.33844534843749996 0.048294621875 0.3156714234375 0.0428648171875 0.2891095578125 0.0489424703125 0.23586748750000003 0.07172537031250001 0.19247553281250002 0.09961566250000001 0.137527784375 0.126487490625 0.0743677484375 0.0942009296875 0.058348684375 0.0654609140625 0.0978343578125 0.032421039062500004 0.1661503484375 0.00016761250000000002 0.252647084375 0 0.2556678484375 0 0.3289791484375
5 0.40065712338767295 0.7968473447043698 0.04275119766329869 0.02618366439185813
6 0.3414444711272215 0.8543109342414532 0.028634146276527873 0.023184942927905183
6 0.49853288535552026 0.72476048304138 0.02954268284565984 0.02869008023145838
6 0.6106529852792704 0.645516092842343 0.04533133700597229 0.036449076302517015
6 0.7618907898001732 0.5321171805173994 0.0320500870059723 0.03583049214211727
6 0.7537906151226386 0.3761026209641055 0.04046199905006951 0.028418252481199426
6 0.5801368692067012 0.2765092276646965 0.02470971248093754 0.02222175641014079
6 0.4448728228539235 0.207641449542934 0.05361596248093754 0.02356808664159917
6 0.3437292033628818 0.15131221277750034 0.029415396276527783 0.023221330231458382
6 0.26028157693798604 0.10753863399378405 0.0255636976632986 0.025383143713693723
3 0.14279795625 0.516936646875 0.1727673625 0.4766010265625 0.1609585890625 0.4642573484375 0.13594892812499998 0.4993807375 0.14279795625 0.516936646875