2 0.762561 0.39058 0.01631635876750561 0.015207425911805572
2 0.767887 0.420958 0.013790672249741042 0.011246624525034577
2 0.77861 0.483276 0.01415454528527027 0.019059124525034575
2 0.620836 0.521361 0.01869649607105863 0.01604322729857639
2 0.599483 0.449123 0.018514559553293886 0.01213697729857639
2 0.59336 0.435188 0.008884848428423454 0.00645002175149294
2 0.489224 0.550233 0.011446922249741042 0.011192073138263935
2 0.45946 0.482102 0.016352746071058633 0.015988675911805573
2 0.449357 0.466695 0.01468108416039975 0.013608558320624908
2 0.350374 0.457267 0.021149407981717338 0.018441528685347208
2 0.297542 0.498384 0.012555657981717516 0.01824150693385427
2 0.315857 0.522203 0.014190932588823202 0.019840374525034753
2 0.347202 0.573874 0.010920383374611476 0.016642639342673606
2 0.368028 0.651599 0.012519270678164496 0.01746025693385427
2 0.394284 0.694785 0.014535534946188023 0.010483558320624909
2 0.406168 0.714843 0.014008996071058632 0.015934124525034576
2 0.434513 0.752506 0.015353172249740865 0.011282992116215241
2 0.561911 0.733899 0.0173159325888232 0.019913109707395904
2 0.539451 0.688278 0.01709760876750561 0.015225609707395903
2 0.533291 0.673561 0.017769696856846907 0.012900043502986236
2 0.505744 0.619456 0.015498721463952769 0.01440799211621524
2 0.635757 0.589838 0.013754284946188022 0.010465374525034755
2 0.658871 0.649522 0.014790246071058633 0.015952308320624907
2 0.66425 0.664256 0.018514559553293886 0.01213697729857639
2 0.680678 0.71471 0.01869649607105863 0.01604322729857639
2 0.821174 0.691888 0.016243584160399747 0.013644925911805572
2 0.811179 0.645195 0.015353172249741042 0.011282992116215241
2 0.804655 0.622666 0.018732883374611476 0.016824477298576567
2 0.79028 0.565907 0.02274829528527027 0.01925914627652787
2 0.749175 0.170341 0.014227319892376222 0.020621624525034753
2 0.69074 0.091145 0.016425520678164496 0.01755117591180557
2 0.635817 0.104155 0.02118579528527036 0.01922277868534721
2 0.584128 0.119435 0.014826633374611476 0.016733558320624998
2 0.530804 0.13319 0.01493579528527036 0.019077308320624996
2 0.243745 0.216517 0.018623721463952768 0.01448072729857639
2 0.288511 0.203744 0.016243584160399747 0.013644925911805572
5 0.616797 0.149177 0.019696069892376045 0.020748911094166635
5 0.536602 0.173724 0.018732883374611476 0.01682447729857639
5 0.241621 0.254889 0.01493579528527018 0.019077308320624996
5 0.170438 0.271406 0.019696069892376045 0.02074891109416672
1 0.731164 0.640018 0.11565073283649223 0.12053266517822933
1 0.472645 0.68123 0.09502786372990428 0.09664057028847228
1 0.391692 0.504796 0.0913570541766104 0.08484908510611114
1 0.689854 0.441545 0.13894052956950453 0.08439579663711819
4 0.433304678125 0.668700646875 0.422508796875 0.6900033421875 0.43135207500000006 0.6930830359375 0.43655367500000003 0.677876834375 0.44705985625 0.6627940984375 0.47553537187500006 0.6390290359375 0.499959646875 0.62331229375 0.5197325125 0.6022185375 0.527634434375 0.5904280265625 0.521172571875 0.58884069375 0.50731289375 0.605761284375 0.4877628703125 0.6220704546875 0.45151221875 0.646133525 0.433304678125 0.668700646875