2 0.509489 0.67882 0.03638455732694616 0.024051154626382677
2 0.688159 0.454022 0.03457639586155707 0.019336381087432387
2 0.370047 0.535109 0.04279833163720568 0.027285248782184014
2 0.516761 0.340975 0.03716580732694617 0.02406479139585782
2 0.457846 0.304042 0.03474017017181659 0.022461381087432387
2 0.347026 0.512852 0.0325601944820761 0.025545470779006863
2 0.24635 0.408845 0.03848264586155707 0.0194045649348082
2 0.341248 0.238783 0.0452649123699004 0.029669909090609535
2 0.344834 0.202941 0.03391797659425162 0.02166649431795715
2 0.265238 0.158623 0.043252033016686654 0.02104888555165916
2 0.198549 0.315907 0.018047315128862353 0.016706258928453722
2 0.183092 0.303929 0.014059177973732772 0.015075575081077907
2 0.236993 0.140958 0.025201395861557074 0.019172739853730292
2 0.178038 0.103244 0.03457639586155707 0.019336381087432297
2 0.381829 0.804599 0.0317789444820761 0.02553183400953163
2 0.274541 0.663791 0.03371325870642714 0.01776024431795715
2 0.256453 0.646304 0.025982645861557074 0.019186376623205346
2 0.178351 0.541129 0.03247830732694652 0.023982970779006862
2 0.183405 0.741815 0.02626925090451131 0.024655126623205348
2 0.125858 0.656513 0.043252033016686654 0.02104888555165907
2 0.125415 0.245944 0.0315742265942518 0.02162558400953163
2 0.237206 0.845004 0.03457639586155707 0.019336381087432387
2 0.094474 0.519371 0.025941702283992285 0.01840512662320535
1 0.51579939375 0.6297349343749999 0.6719714421874999 0.48305123125 0.5556380921875 0.33025939531250004 0.35990369843750003 0.44866104062499995 0.51579939375 0.6297349343749999
1 0.6860701031249999 0.4674134328125 0.78989984375 0.3750616390625 0.7115671203125 0.2342820203125 0.590562775 0.3088257109375 0.6860701031249999 0.4674134328125
1 0.7967752406249999 0.3360096703125 0.9001090796875 0.2300856140625 0.861861128125 0.107619596875 0.7236556546874999 0.1878959 0.7967752406249999 0.3360096703125
1 0.667526803125 0.7982060640624999 0.7634251859375001 0.8571935765625 0.91714425625 0.6191078562500001 0.8730392328125 0.5392976109375 0.667526803125 0.7982060640624999
1 0.8626925328124999 0.48334376093750003 0.9085282796874999 0.5531644578125 0.9708749765625001 0.446145046875 0.9606022937500001 0.3657442546875 0.8626925328124999 0.48334376093750003
4 0.9139758296875 0.1728037203125 0.933398028125 0.2168290328125 0.9354291218749999 0.2702118484375 0.92801033125 0.29659778124999997 0.9436916796875 0.319864315625 0.9792072484375 0.31019044687499997 0.9807325859375 0.23501608593749998 0.9551319749999999 0.1476396890625 0.9273732015625 0.0784088515625 0.90171954375 0.0381138890625 0.8683356109375 0.053182918749999995 0.8903378515625 0.11708187031249999 0.9139758296875 0.1728037203125
5 0.502022 0.789526 0.043456750904511135 0.024955135551659246
6 0.447362 0.848673 0.029271420171816588 0.022365923701106283
6 0.594103 0.71464 0.030339275214770645 0.02784831047058134
6 0.699837 0.632188 0.046332767412854456 0.035152295860084594
6 0.84197 0.514467 0.033051517412854545 0.03492047077900686
6 0.822103 0.358793 0.04123583163720577 0.02725797524323372
6 0.641532 0.264319 0.02532422659425162 0.02151648985373029
6 0.501537 0.199432 0.05423047659425162 0.022021050324311543
6 0.396491 0.146084 0.030052670171816585 0.022379560470581296
6 0.310028 0.104767 0.026269250904511134 0.024655126623205438
3 0.791809428125 0.4537976203125 0.8186238921875001 0.49497771406249996 0.8267760484375 0.47763292343749997 0.8045098171875 0.44180580625 0.791809428125 0.4537976203125