5 0.7441121979000506 0.7122787540976774 0.019813992195451748 0.030686926002545432
5 0.6736905704953889 0.7083355940881323 0.02681796034428636 0.029987492003499837
5 0.6183855116023814 0.712377656747269 0.020813497004775174 0.03694601666931803
5 0.5560219208582085 0.7155566534054513 0.028162205534962938 0.02375567333704538
5 0.4976191438163665 0.720343603397497 0.013263891832631991 0.022020450668363622
5 0.45656755788151704 0.7300180480585429 0.019786710344286362 0.029905676002545435
5 0.42818215225388706 0.8116856713876338 0.013936014427970277 0.01890454133513657
5 0.42694454526764536 0.7538822620544066 0.017442960344286364 0.0298784040022273
5 0.4702183740309186 0.8972964547262701 0.016525301088459086 0.02596306333545435
5 0.5407764106914075 0.9051458647358149 0.02243056070710594 0.03852669800286357
5 0.6147496240309186 0.8989782280792238 0.0222395877489479 0.03305794800286321
5 0.6622967466262569 0.8964077587523598 0.029724705534962936 0.023773854670590566
5 0.7268403962634372 0.8885685340944957 0.013727683302444227 0.03530170066836362
5 0.8035393055192644 0.8933656694382226 0.018541668874473772 0.016615335335772842
5 0.8532019996214819 0.8619253127784493 0.021376492195451745 0.030705107336090977
5 0.8926092400028349 0.8498889367838582 0.011646828130301401 0.02043976933481808
6 0.546490598000567 0.17425949140672387 0.013454864790789856 0.027489200668363533
6 0.6713269068935744 0.17102649809035947 0.012509923683797376 0.02279261000159085
6 0.3797420968194406 0.2519743167170431 0.017279269237293705 0.02519090400222712
6 0.392008973042976 0.3348959047183158 0.03433035998146661 0.021484648671227104
6 0.5444618504476377 0.3397935847389967 0.027172624409436887 0.040143742003499835
6 0.691818000084818 0.33291797075904117 0.01638889183263199 0.02205681333545444
6 0.8448338726801563 0.3315747414464948 0.031341769237293704 0.02535453600413611
6 0.8788492633316618 0.43349177745063094 0.03948165145127902 0.03482044267186346
6 0.7009152362898199 0.4368878554264503 0.031259923683797555 0.023010786004136106
6 0.5336731725874891 0.4333799527370877 0.03053323738612832 0.024564195337363516
6 0.36764886850380507 0.4423811407144978 0.05874008293962456 0.02723520934118149
6 0.3058805332019278 0.5744209340388163 0.020885418874473947 0.01664260733609062
6 0.9422991828391082 0.5732360774585852 0.017524805897782512 0.032222154002227124
6 0.2570412730351268 0.7636192466979531 0.020240578130301133 0.020539766669318026