2 0.96171875 0.275 0.02734375 0.01328125
2 0.87578125 0.278125 0.01953125 0.01796875
2 0.7953125 0.28046875 0.03046875 0.015625
2 0.584375 0.28515625 0.021875 0.0140625
2 0.49765625 0.28671875 0.01484375 0.01015625
2 0.41640625 0.28671875 0.0203125 0.01484375
2 0.31328125 0.2890625 0.0171875 0.01328125
6 0.628125 0.28984375 0.02265625 0.01953125
5 0.734375 0.21015625 0.01796875 0.015625
3 0.7344134375 0.2693392046875 0.7338610125 0.2565290984375 0.7152916578124999 0.25501096562500003 0.711134671875 0.2718310640625 0.708640503125 0.29176600937499997 0.70780915 0.30297942187500004 0.70780915 0.31543874375000003 0.7344134375 0.31793062499999997 0.735244790625 0.300487540625 0.7335820296875 0.286159303125 0.7344134375 0.2693392046875
3 0.6662400703125 0.320422484375 0.66540860625 0.30547128125 0.627165046875 0.300487540625 0.6238395265625 0.3222913796875 0.6429613046875 0.506066634375 0.675385171875 0.50918148125 0.67455381875 0.49859101250000004 0.657926209375 0.50232884375 0.64794964375 0.31543874375000003 0.6662400703125 0.320422484375
3 0.48001017187499995 0.6378125156250001 0.43124867343749995 0.502687321875 0.3985347171875 0.501382771875 0.40102888593749997 0.512596184375 0.4159936796875 0.5138421140625 0.4617197453125 0.63282879375 0.4525745328125 0.63345178125 0.4550687015625 0.6403044171875 0.48001017187499995 0.6378125156250001
3 0.7335820296875 0.6360436 0.736603721875 0.496516225 0.7061464453124999 0.49587603593749996 0.70531498125 0.5108272484375 0.7219427031250001 0.510204284375 0.7186171796874999 0.6266990828125001 0.704483628125 0.6260761171875 0.70780915 0.636666565625 0.7335820296875 0.6360436
3 0.6712282968750001 0.722212946875 0.6689502078125 0.634337403125 0.6820363281249999 0.625653071875 0.65709485625 0.6268990015625 0.6521065187499999 0.631259778125 0.6562633921875001 0.7153603109375 0.6396357828125 0.7153603109375 0.63880443125 0.7259507593750001 0.64794964375 0.7265737234375 0.6529378703125001 0.727819653125 0.6629144359375 0.7265737234375 0.6712282968750001 0.722212946875
3 0.93407884375 0.622680884375 0.9031841500000001 0.6231612125 0.8799054406250001 0.7147373453125 0.8557953218750001 0.7159832765624999 0.8557953218750001 0.7209670171875 0.8740857484375001 0.7247048281249999 0.8915448234375001 0.7209670171875 0.9231373375 0.634374625 0.9331139593750001 0.6300138484375 0.93407884375 0.622680884375
3 0.88159721875 0.787490984375 0.8851523546875001 0.7775880234375 0.867864678125 0.7787444921875 0.8596251359375 0.74941805625 0.7477050140625 0.7499325546875 0.741525321875 0.71957710625 0.7051341437499999 0.7170046109375 0.6845353578125 0.7185481125 0.6893417546875 0.7272945953125001 0.733972428125 0.7303815890625 0.7367189265625 0.760737028125 0.853445490625 0.7571355375000001 0.8555053890625001 0.7823459921875 0.8685512796875001 0.7859474921875 0.88159721875 0.787490984375
3 0.5355373640625001 0.7591109796875 0.532541965625 0.7220915265625 0.511505384375 0.7230960515625 0.51356528125 0.731328028125 0.523864675 0.73081353125 0.523864675 0.7683719703125 0.525924571875 0.78071994375 0.5101320890625 0.7822634374999999 0.5128786796875 0.7889519218750001 0.5334774671875 0.79049543125 0.5382838624999999 0.78329243125 0.5396570656249999 0.7750604546875 0.5355373640625001 0.7591109796875
5 0.62421875 0.1921875 0.02890625 0.01640625
3 0.48129380624999996 0.3107538125 0.477422996875 0.28831279374999996 0.45794852031250005 0.29017384375 0.45108222812500004 0.29428984062499997 0.42430375 0.292746346875 0.31856322656249997 0.29428984062499997 0.31856322656249997 0.305094321875 0.3165034203125 0.311268309375 0.3192499203125 0.32155829375 0.3425952046875 0.32155829375 0.337788809375 0.304065328125 0.408511359375 0.300978325 0.42224394531250004 0.306637815625 0.46000841875000004 0.305094321875 0.46275491718749995 0.3097248171875 0.48129380624999996 0.3107538125
5 0.50078125 0.21953125 0.01640625 0.01171875
2 0.5515625 0.21953125 0.01640625 0.0109375
2 0.52734375 0.22421875 0.0171875 0.0171875
2 0.46875 0.26953125 0.03515625 0.0140625
2 0.6578125 0.25078125 0.02265625 0.03203125
5 0.68046875 0.284375 0.0171875 0.01640625
0 0.605692528125 0.3064988203125 0.3788639875 0.31120687187499996 0.3788639875 0.3364388125 0.6102328734375 0.331555225 0.605692528125 0.3064988203125
0 0.9807625703125 0.28768559374999997 0.7709961375 0.295742121875 0.7688236671875 0.329927334375 1 0.3226019390625 0.9807625703125 0.28768559374999997
3 0.9974854390625 0.372793046875 0.9575606171875 0.4919001640625 0.9532156765625001 0.4927140953125 0.9597330875000001 0.5041091890625 0.9814578671874999 0.5065509828125 0.9847166093749999 0.4951559171875 0.9792853953125 0.4951559171875 0.9999239031249999 0.425971534375 0.9974854390625 0.372793046875
6 0.71796875 0.775 0.01953125 0.01640625
5 0.840625 0.7421875 0.0125 0.00859375
5 0.803125 0.74296875 0.0140625 0.009375
5 0.76328125 0.74296875 0.0125 0.00859375
5 0.62890625 0.7453125 0.0109375 0.00859375
5 0.5890625 0.74609375 0.0125 0.01171875
5 0.54921875 0.7484375 0.00859375 0.0125
5 0.49765625 0.74765625 0.0125 0.009375
0 0.640355625 0.75447895625 0.541064803125 0.7557689453124999 0.541064803125 0.78720090625 0.634017003125 0.783629103125 0.640355625 0.75447895625
0 0.85107703125 0.764700515625 0.7584299515625 0.765412840625 0.759859965625 0.78720090625 0.85376555 0.788629653125 0.85107703125 0.764700515625
0 0.6351137984374999 0.715558396875 0.536774665625 0.7161217984375 0.537251390625 0.7404101390625 0.6387838 0.7379098640625 0.6351137984374999 0.715558396875
0 0.85185884375 0.7125499828125 0.7555698921875 0.7132643437499999 0.753663153125 0.7371955031249999 0.8532888578125 0.7364811421875 0.85185884375 0.7125499828125
0 0.8972051015625 0.6180604328125 0.7388861640625 0.619153678125 0.7360260734375 0.642370465625 0.8938065078124999 0.64094174375 0.8972051015625 0.6180604328125
0 0.6492667296875 0.6204192546875 0.488153496875 0.6252257578125 0.49530372500000003 0.6491569187499999 0.6530841281249999 0.64415638125 0.6492667296875 0.6204192546875
0 0.6335403421875 0.4894394765625 0.44048571406250003 0.491225384375 0.451449290625 0.5258719875 0.639260459375 0.52372890625 0.6335403421875 0.4894394765625
0 0.9412364390624999 0.48046249999999996 0.7455596359375 0.4851533 0.7436529296875001 0.52122863125 0.934324128125 0.5180139953125 0.9412364390624999 0.48046249999999996
1 0.9954322890625 0.33467663281250004 0.6583979078125 0.3401300734375 0.6624902109375 0.48118514687499997 0.956550903125 0.47636649531249997 0.9954322890625 0.33467663281250004
1 0.61549325 0.34335544375 0.3187891484375 0.348891259375 0.37841975625 0.48863214531250004 0.63389590625 0.480747075 0.61549325 0.34335544375
1 0.7087358187499999 0.52802124375 0.4438964421875 0.5335953390625 0.473127153125 0.6185788156250001 0.709895684375 0.6146362937500001 0.7087358187499999 0.52802124375
1 0.9736002578124999 0.5231996828125001 0.7420494359375 0.5261483265625 0.7373725015625 0.6133221062499999 0.949002625 0.6133221062499999 0.9736002578124999 0.5231996828125001
1 0.8938837765625 0.6432565625 0.6783265265625 0.648209946875 0.6759880796875 0.711728521875 0.8782644124999999 0.7104143484375001 0.8938837765625 0.6432565625
1 0.643162584375 0.6485602796875 0.4491580078125 0.6521524750000001 0.4760501921875 0.7187374765625 0.6426651046875 0.7134807671875001 0.643162584375 0.6485602796875
5 0.57890625 0.8484375 0.01796875 0.01171875
5 0.60625 0.8484375 0.01484375 0.01171875
5 0.6328125 0.84609375 0.01640625 0.01328125
5 0.78203125 0.84609375 0.01953125 0.0140625
5 0.8109375 0.84765625 0.02265625 0.0125
5 0.5609375 0.8015625 0.01640625 0.0125
5 0.5921875 0.79921875 0.0125 0.01328125
5 0.6203125 0.7984375 0.01640625 0.01328125
5 0.78046875 0.79609375 0.01484375 0.0140625
5 0.81015625 0.79609375 0.025 0.0140625
5 0.8421875 0.79609375 0.01796875 0.009375