2 0.425619 0.509192 0.03727785754848192 0.03416987364928836
2 0.158763 0.498927 0.026503998782184013 0.042907836817585476
2 0.243235 0.320393 0.031368776785361166 0.05333710260260105
2 0.2841 0.242155 0.018555131087432387 0.034640310509226245
2 0.702536 0.513396 0.033026734171687444 0.05889685786427279
2 0.967148 0.48469 0.03786423863591428 0.06776362364928837
1 0.5970454593750001 0.47456394218750003 0.8047179828125 0.47969638124999997 0.7640445875 0.3575619390625 0.5750241140625 0.3604789703125 0.5970454593750001 0.47456394218750003
1 0.553171528125 0.296538215625 0.7159234750000001 0.30323219218749997 0.6852912453125 0.20396453281250002 0.5329690031250001 0.19787801562500001 0.553171528125 0.296538215625
1 0.5036456406250001 0.1432504921875 0.6256246078125 0.1531402015625 0.616287665625 0.08992839999999999 0.48802659375 0.0810654203125 0.5036456406250001 0.1432504921875
1 0.07048989375 0.495422584375 0.254028396875 0.5075051078125 0.269869671875 0.3775212953125 0.09164315625 0.360177671875 0.07048989375 0.495422584375
1 0.29044012656249996 0.27566536406250003 0.3069601171875 0.1666104140625 0.16613483281250002 0.1598008953125 0.0965204875 0.260192965625 0.29044012656249996 0.27566536406250003
1 0.3160809578125 0.1225777390625 0.32318870624999996 0.074249953125 0.205333053125 0.0673856421875 0.185709659375 0.114984475 0.3160809578125 0.1225777390625