0 0.26640625 0.06328125 0.221875 0.1203125
0 0.59140625 0.07734375 0.27734375 0.1390625
0 0.3796875 0.26796875 0.1734375 0.109375
0 0.63203125 0.28515625 0.20703125 0.13828125
0 0.38203125 0.4203125 0.15625 0.090625
0 0.59296875 0.4390625 0.15 0.09453125
1 0.763227434375 0.1908544734375 0.7498079203125 0.1908544734375 0.7845409531249999 0.0057810625 0.7544315390625 0 0.729283759375 0.20066894375 0.752965459375 0.2118855265625 0.763227434375 0.20066894375 0.763227434375 0.1908544734375
1 0.6858674671875 0.5161350125 0.6984977296875 0.5049183828125 0.71270670625 0.395556871875 0.7261262203125 0.3871444234375 0.7284944015625 0.37873202031250003 0.70234820625 0.373649696875 0.685078109375 0.49650598125 0.6653434125000001 0.48949559843749996 0.6661328765625 0.5105267437500001 0.6858674671875 0.5161350125
1 0.5066766890625 0.3675154375 0.5153599468750001 0.377329953125 0.531147640625 0.377329953125 0.5074660468750001 0.1992668765625 0.5106235859375 0.17262755624999998 0.478389871875 0.16994599375 0.479048090625 0.1992668765625 0.494835890625 0.18805034062499998 0.5169386625 0.3633092359375 0.5066766890625 0.3675154375
1 0.288016409375 0.3506905859375 0.28170133124999996 0.3534947203125 0.3030147984375 0.3534947203125 0.23354873125000003 0.1922565421875 0.2280230125 0.1782358234375 0.2280230125 0.1740296234375 0.22170788125000002 0.1614109734375 0.19453570625 0.1668595734375 0.20039446718749998 0.18805034062499998 0.2146034453125 0.18103995781249999 0.219339753125 0.203473125 0.288016409375 0.3506905859375
1 0.46404975468750004 0.4869164828125 0.48062686093749996 0.49252475156250003 0.489310171875 0.48271028281249995 0.47115424375000003 0.3817611265625 0.4703648328125 0.373348725 0.475101140625 0.3691424765625 0.48378439999999995 0.3677404109375 0.47825873281250003 0.3537196921875 0.459313446875 0.3537196921875 0.459313446875 0.3817611265625 0.48062686093749996 0.4742978328125 0.4648391140625 0.47850403437500005 0.46404975468750004 0.4869164828125
1 0.367744503125 0.5458034875 0.367744503125 0.5612262718750001 0.3661657328125 0.5780510765625 0.35669311718749996 0.5822573234374999 0.35353552499999996 0.5878655921875 0.35985065625 0.604690490625 0.3764277609375 0.5934738609375 0.3795853 0.5836594374999999 0.38195348125 0.5612262718750001 0.38116412187500004 0.540195171875 0.3803747109375 0.527576521875 0.3803747109375 0.509349603125 0.37800653125 0.48271028281249995 0.37800653125 0.47289576718750004 0.35773014999999997 0.4662422890625 0.3685339140625 0.48271028281249995 0.369323271875 0.5037413359375 0.369323271875 0.5205661859374999 0.367744503125 0.5458034875
1 0.5519343812499999 0.5053112375000001 0.5486066765625 0.5299381453125 0.5486066765625 0.5545650531249999 0.561362753125 0.5663859718750001 0.58687498125 0.5673710453125 0.62458861875 0.57426659375 0.65121010625 0.57426659375 0.65675618125 0.59002780625 0.65675618125 0.6077591984375 0.6523192921875001 0.6343562546875 0.666184628125 0.6323861078124999 0.6767222609375 0.6323861078124999 0.682268409375 0.619580115625 0.6695123328125 0.6077591984375 0.666184628125 0.597908428125 0.66784848125 0.5801770359375 0.6656300359375 0.5624456765625 0.6645207765625 0.55259490625 0.6462185500000001 0.550624759375 0.639563215625 0.5486545781250001 0.62458861875 0.54668443125 0.601849503125 0.54668443125 0.5807742390625 0.5427441359375 0.5635811984375 0.5368336609375 0.5608081609375 0.511221678125 0.5619174203124999 0.49447539375 0.5608081609375 0.48659477031250004 0.5458336390625 0.48659477031250004 0.5186575578125 0.47969922187499997 0.511147178125 0.4761163625 0.5158845203125 0.5013709093750001 0.5336321546875 0.50334105625 0.547497490625 0.50334105625 0.5519343812499999 0.5053112375000001
1 0.3883235671875 0.0551678671875 0.399415828125 0.090946778125 0.4044073484375 0.132319971875 0.41383575781250004 0.16975290468749998 0.4177180546875 0.1845290421875 0.437684096875 0.18945444375 0.45099480312500007 0.1805887484375 0.4310287609375 0.1825588953125 0.422709575 0.159902134375 0.41827264687500004 0.1234543078125 0.40718038593749994 0.092916925 0.40385271874999995 0.057454171875 0.3960881234375 0.0269167890625 0.39465927343749996 0.000135534375 0.3777858984375 0.003943901562499999 0.383886640625 0.0256155890625 0.3883235671875 0.0551678671875
