2 0.099602 0.801464 0.01893181333545444 0.016061411094166544
2 0.16113 0.786494 0.020530676002545344 0.01922277868534721
2 0.221149 0.776176 0.018959085335772664 0.018405161094166723
2 0.275701 0.76573 0.018913632001908987 0.014498911094166544
2 0.601327 0.692862 0.020512494668999893 0.017660278685347208
2 0.653525 0.68158 0.0189409040022273 0.01684266109416672
2 0.705769 0.674205 0.01894999466899989 0.017623911094166545
5 0.756459 0.667574 0.018259651336727068 0.02541822729857639
5 0.764544 0.624024 0.021302835335772485 0.01845971248093754
5 0.684293 0.640901 0.018986357336090796 0.020748911094166544
5 0.60635 0.654708 0.019031810669954297 0.02465516109416672
5 0.272857 0.722707 0.016660788669636252 0.022256859707395903
5 0.183295 0.744834 0.022892607336090796 0.020839830072118204
5 0.064827 0.766289 0.025972154002227167 0.017006315254479175
2 0.035384 0.719522 0.019813060669954384 0.024673344889756876
2 0.058912 0.72788 0.015061926002545346 0.01909549211621524
2 0.070841 0.813291 0.015843176002545346 0.019113675911805572
2 0.031131 0.488236 0.018940904002227164 0.016842661094166544
2 0.02687 0.457676 0.014998291335136282 0.01362674211621524
2 0.013634 0.394104 0.016597154002227166 0.016788109707395905
2 0.19134 0.362313 0.013417610001590852 0.012027874525034754
2 0.218785 0.438712 0.014226132001908986 0.014389808320624909
2 0.222891 0.45599 0.01888636000159085 0.012155161094166544
2 0.381893 0.427669 0.014998291335136305 0.01362674211621524
2 0.373908 0.412643 0.01581590400222712 0.016769925911805574
2 0.339487 0.340768 0.013463063335454528 0.015934124525034753
2 0.33013 0.274942 0.015043744668999891 0.01753299211621524
2 0.298934 0.211733 0.011873291335136215 0.013554006933854178
2 0.292556 0.20065 0.019694882001908987 0.014517094889756966
2 0.266938 0.146943 0.01659715400222712 0.016788109707395815
2 0.410525 0.136227 0.013517607336090798 0.020621624525034753
2 0.437533 0.175126 0.018141472668681758 0.01526197729857639
2 0.451077 0.198092 0.019703972668681756 0.015298344889756964
2 0.479739 0.24484 0.014280676002545433 0.019077308320625087
2 0.500161 0.321857 0.014235222668681758 0.015171058320625087
2 0.539914 0.382141 0.016588063335454352 0.016006859707395904
2 0.55345 0.404325 0.014980110001590852 0.01206424211621524
5 0.589633 0.426256 0.015797722668681756 0.015207425911805572
5 0.494539 0.442787 0.01978578866963616 0.022329594889756877
5 0.223273 0.488803 0.022029541335136304 0.013790396276527872
5 0.11487 0.502682 0.01893181333545444 0.016061411094166544
2 0.002477 0.30793 0.014235222668681723 0.015171058320625087
2 0.17804 0.293272 0.015779541335136305 0.013644925911805572
2 0.157001 0.230299 0.013481244668999892 0.017496624525034754
2 0.15294 0.216927 0.014153406667727264 0.008139808320624997
2 0.134362 0.164165 0.015779541335136305 0.013644925911805572
3 0.21043268906249998 0.32079428125 0.20957457031249999 0.2969459171875 0.1705721859375 0.18846995312499998 0.1642629015625 0.1951312140625 0.20210373750000002 0.30358014375 0.20958810312499998 0.348007075 0.23569920625 0.34657238281249997 0.21043268906249998 0.32079428125
3 0.32890286875 0.3228708953125 0.317337228125 0.27698735 0.27789670312500003 0.1807557890625 0.26509588125 0.1784154140625 0.3098267734375 0.2802165984375 0.3143201 0.3170849875 0.3033249953125 0.3202331296875 0.301089059375 0.32767001093750003 0.31797115625 0.3314670015625 0.32890286875 0.3228708953125
3 0.25617359687499996 0.25990509375 0.25075644218750004 0.24343953749999997 0.24778125156250003 0.2372429875 0.245434378125 0.23514593125 0.240159859375 0.230938296875 0.23430456406250003 0.226717146875 0.23016782187499998 0.22049356250000002 0.21915687031250003 0.2222797140625 0.22513895 0.23739679531250002 0.2356404453125 0.24172608750000002 0.244024865625 0.2637071953125 0.2535549890625 0.284353346875 0.26333307499999997 0.2764112015625 0.25617359687499996 0.25990509375
3 0.23208545468750003 0.3852945109375 0.2226583453125 0.37350130312499996 0.21454334375 0.37467404531250004 0.258931184375 0.49689158281249995 0.2693613625 0.4950919140625 0.2339466421875 0.39554999999999996 0.24495759375 0.3937638484375 0.24072576250000002 0.379368315625 0.23208545468750003 0.3852945109375
3 0.3408828765625 0.35446705 0.33330110625 0.3515673375 0.3363476140625 0.363892846875 0.3888108375 0.4815326625 0.399813865625 0.479065515625 0.3408828765625 0.35446705
4 0.2713982171875 0.3208516484375 0.2901415 0.334904128125 0.3065141375 0.34481656250000003 0.3201096875 0.36555733749999997 0.3311444125 0.365814175 0.31933080937499997 0.3485189296875 0.2976202578125 0.328950896875 0.2636500390625 0.303651028125 0.23903561406249998 0.2840154046875 0.2248196703125 0.25985613281250003 0.21965608749999999 0.2651824390625 0.22913866718749998 0.28174261875 0.237992925 0.29420330625 0.25500973125000004 0.3095772234375 0.2713982171875 0.3208516484375
3 0.283913771875 0.29867618125 0.280986125 0.2965656046875 0.2757195296875 0.2930389671875 0.270563871875 0.2990462703125 0.2782565796875 0.311479921875 0.2847560421875 0.3211625546875 0.29520206875 0.320724878125 0.29219517968750003 0.3118043453125 0.288615440625 0.303551290625 0.283913771875 0.29867618125
3 0.2831880484375 0.33610390625000003 0.2731880875 0.324978175 0.2540542078125 0.32725607343749996 0.2459471296875 0.3291098140625 0.248922321875 0.3353063625 0.262280146875 0.3356172703125 0.27099177343749997 0.3358200359375 0.2831880484375 0.33610390625000003
1 0.0611880203125 0.5181598843749999 0.2320887484375 0.48537383749999996 0.19652346874999999 0.37289300625 0.036522756249999996 0.3943589640625 0.0611880203125 0.5181598843749999
1 0.0040482390625 0.198210290625 0.024663925 0.3232785796875 0.1800897546875 0.307833440625 0.1315176265625 0.175306346875 0.0040482390625 0.198210290625
1 0.297662 0.1547314265625 0.35598704375 0.283980903125 0.4837293921875 0.26091625937499996 0.4085435234375 0.14199582187499998 0.297662 0.1547314265625
1 0.567405465625 0.4359391671875 0.49888622812500005 0.3286612 0.366517346875 0.347023240625 0.4214957046875 0.4693024421875 0.567405465625 0.4359391671875
1 0.09315527343749999 0.70902010625 0.327716771875 0.6608721828124999 0.264542359375 0.5077694140625 0.06772923125 0.5445428203125 0.09315527343749999 0.70902010625
1 0.7428303828125 0.5816989343750001 0.6484761812500001 0.44318685 0.4680310296875 0.48340450468749996 0.5291742578124999 0.6303334359375 0.7428303828125 0.5816989343750001