2 0.00917421894302001 0.9831498058977826 0.015116506933854176 0.012237105172143003
2 0.059410608285693625 0.9747395943723699 0.019040940729444462 0.013154764427970278
2 0.08757197587687418 0.9741592410143254 0.013554006933854178 0.012182541469812236
2 0.14249586521954782 0.9659127205959053 0.018205139342673603 0.010783732576804895
2 0.23263055594899223 0.9565501334799293 0.02292900693385418 0.012509923683797552
2 0.29930956288284644 0.9471503408289909 0.02605400693385418 0.012619051088459088
2 0.3329942318607978 0.9444172104291043 0.019004573138263935 0.011592264427970279
2 0.2968060779848257 0.752373554168502 0.013608558320625085 0.014526291469812236
2 0.2779469752112841 0.7564062897405318 0.01609777868534721 0.020858137023308566
2 0.20245601273034658 0.7748809820286506 0.01589775693385418 0.012264387023308565
2 0.12870938820531186 0.7855977380191005 0.018186955547083362 0.010002482576804894
2 0.06728092572437433 0.8045635036281971 0.017496624525034733 0.01388145072563951
2 0.05000250674642294 0.8078695529025577 0.019095492116215286 0.015498514427970279
2 0.0006734005996697975 0.8230109140651505 0.001346801199339595 0.016334328130301046
2 0.27248149126319393 0.5881101575265466 0.02300174211621524 0.015634923683797552
2 0.24880760192052032 0.5974479519915838 0.023056293502986058 0.017978673683797373
2 0.1809836690748606 0.6224454627913569 0.016697190729444422 0.01307291887447395
2 0.1613102147620482 0.4599082572563942 0.023746624525034753 0.014099705534962936
2 0.22066768417683993 0.4291418960938012 0.019059124525034755 0.013936014427970277
2 0.2476120438842358 0.41366322903342584 0.01755117591180557 0.01622520072563951
2 0.08035050228111071 0.47819197658635504 0.022093205547083338 0.010138891832631992
2 0.11112511075423556 0.6340798780376339 0.017587543502986146 0.01778770072563951
2 0.03202145184427041 0.505434033665264 0.01600685970739585 0.016951887023308566
2 0.00970617453536437 0.5163343281303011 0.01941234907072874 0.01482639183263199
2 0.04638981031739528 0.6607490162420688 0.015988675911805562 0.016170637023308565
2 0.028984104770311943 0.6695238155164294 0.018368793502986126 0.017814982576804896
1 0.18146221875 0.6087861015625 0.30940321718749997 0.5630806546875 0.2586139328125 0.43073571250000003 0.1574453 0.48342104218750004 0.18146221875 0.6087861015625
5 0.28916245782819405 0.47610123084752426 0.019277330072118026 0.02331101442797028
5 0.4897112377478122 0.29154272549004673 0.02536367591180557 0.016498019237293705
5 0.5049712554152428 0.3749554262156861 0.028652330072118027 0.02363839664195542
5 0.5808187084937841 0.710687084290387 0.023801175911805573 0.016443455534962938
5 0.5966417706141313 0.8035020668671917 0.02688980832062491 0.014990082939624472
5 0.6250369147064576 0.927249590913809 0.023201763867708357 0.024228673683797552
5 0.6689869364579506 0.9201836245790729 0.024527874525034576 0.01412698738612832
2 0.6626648544859715 0.8894693379185841 0.019386432845659662 0.02799851442797028
2 0.6437525067464229 0.8286037597882828 0.02698072729857639 0.01889633293962447
2 0.6310537914156938 0.7695189364673052 0.023110844889756878 0.020322423683797376
2 0.6191726936761454 0.7088988949974929 0.021493793502986237 0.01792410998146643
2 0.5599665735195135 0.43082596949959695 0.019186411094166543 0.01940476442797028
2 0.5517735202328817 0.37971733728561186 0.015189242116215241 0.01536210517214318
2 0.5292647002287498 0.2718130680483181 0.01931369766329869 0.024873514427970277
5 0.517110845555347 0.22291177657850586 0.024691528685347207 0.02115823738612823
5 0.47817563212447906 0.21607893402023443 0.02690799211621524 0.01577133293962456
2 0.5712754818607978 0.9527381750345597 0.018405161094166723 0.019377482576804893
5 0.2076844541253811 0.9869543960938012 0.026926175911805572 0.01655258293962447
5 0.3507285521492701 0.8543378474524129 0.023983013867708357 0.024255955534962938
5 0.2647638295034372 0.3822048979078998 0.029379028685347208 0.0213219284931208
3 0.046229878125 0.7545834250000001 0.064104465625 0.74795365625 0.06646816562499999 0.73775975 0.1071328125 0.7264853546875 0.110870809375 0.71815293125 0.12322009687499999 0.7052852453125 0.1369999140625 0.691863015625 0.151900975 0.6911743796875001 0.149278909375 0.6820153609374999 0.134335671875 0.6845160156250001 0.1249458515625 0.6920465765625 0.11980544374999999 0.6997255296875 0.10595533593749999 0.7161677875 0.09244262656249999 0.718113903125 0.06962445 0.723966540625 0.05602739062499999 0.729536690625 0.0544422203125 0.7367352984375 0.0437062203125 0.7411963625 0.046229878125 0.7545834250000001
1 0.37109755 0.9273287375000001 0.5566358734375 0.9041875296875 0.4999474421875 0.6598530109375 0.33656655468749996 0.7055298640625 0.37109755 0.9273287375000001
1 0.22475117187500002 0.9415621125 0.3535463046875 0.92006636875 0.32545741875 0.7564758046875 0.20567252656249999 0.7867491515625 0.22475117187500002 0.9415621125
1 0 0.8714820046874999 0.012909726562500001 0.9680162749999999 0.14513357031250002 0.951476240625 0.1281936921875 0.79613346875 0 0.8311595515624999 0 0.8714820046874999
1 0 0.65571298125 0.09960744375 0.62345808125 0.0804778828125 0.5012861765625 0 0.5492375515625 0 0.65571298125