1 0.305127271875 0.6759328 0.322861165625 0.66174743125 0.341638228125 0.643306453125 0.3332928671875 0.6347952328125 0.3192100703125 0.6411786484374999 0.30929995312499997 0.6532362109375 0.29782508124999996 0.6624567015625 0.28269911406250003 0.6730957265625 0.2696594875 0.6879903640625 0.25401193437499997 0.7000479265624999 0.24723132812499998 0.705722075 0.262357296875 0.7199074421875 0.2785264328125 0.709977684375 0.29000130468749996 0.6943737796875 0.305127271875 0.6759328
1 0.42978610625 0.5603220484375 0.441260978125 0.565286928125 0.45534377656249997 0.5425903375 0.48194461562499996 0.5021620390625 0.5043727734375001 0.46953569218749996 0.521063496875 0.4482576390625 0.5137613046875 0.43832788125000005 0.498113753125 0.46669861875 0.43813146875 0.5482644859375 0.42978610625 0.5603220484375
0 0.025036084375 0.6227376687499999 0.1277883453125 0.697920121875 0.1997670859375 0.62415620625 0.0803241015625 0.5737981484375 0.025036084375 0.6227376687499999
0 0.1747622984375 0.4893952078125 0.1116505015625 0.5489737546875 0.21179483906250002 0.603587421875 0.2790793140625 0.5262771640625 0.1747622984375 0.4893952078125
0 0.26030224999999996 0.4276888546875 0.2149243484375 0.46740788593750004 0.3187197796875 0.5184752125000001 0.3651408515625 0.4645708125 0.26030224999999996 0.4276888546875
0 0.31559026874999996 0.3674010390625 0.27021236718749997 0.41634056093750005 0.3813099890625 0.444711296875 0.4219936265625 0.4021551921875 0.31559026874999996 0.3674010390625
0 0.3531443953125 0.6922459734374999 0.28846784531249997 0.7809045265625 0.4553750703125 0.8674352734375 0.5038824843749999 0.7624635468750001 0.3531443953125 0.6922459734374999
0 0.430860571875 0.5830186375 0.3787020640625 0.656073284375 0.5299617375000001 0.7262908578125 0.5722101296875 0.6454342578125 0.430860571875 0.5830186375
0 0.4991882171875 0.5071269171874999 0.45850458125 0.5659961953125 0.59881096875 0.6199005953125 0.6295844890625 0.5539386328125 0.4991882171875 0.5071269171874999
0 0.6363650953125 0.5369161921875001 0.6650522734375001 0.47237276406250006 0.546652459375 0.43690934375 0.5169221109375 0.4879766703125 0.5190084500000001 0.4893952078125 0.518486865625 0.4893952078125 0.6363650953125 0.5369161921875001
0 0.400995278125 0.21949505781249998 0.34109978124999996 0.2726432328125 0.450738996875 0.3023233828125 0.505558603125 0.245724028125 0.400995278125 0.21949505781249998
0 0.6111371078125 0.269192053125 0.5644389234375 0.3375254203125 0.6979348203125 0.3685860421875 0.734481225 0.300942909375 0.6111371078125 0.269192053125
