2 0.884895 0.904893 0.01956887155129756 0.01649829528527036
2 0.824036 0.885613 0.021295145861557074 0.019696069892376045
2 0.764494 0.871092 0.019691702283992286 0.018842045285270358
2 0.71042 0.856826 0.019486984396167806 0.01493579528527036
2 0.388075 0.761147 0.021213258706427318 0.018133569892376043
2 0.336386 0.746209 0.01960981512886235 0.01727954528527036
2 0.284493 0.735178 0.019650758706427317 0.01806079528527036
5 0.234121 0.725 0.01927894448207601 0.02583690798171734
5 0.22782 0.68085 0.022035452283992153 0.018951207195929066
5 0.307306 0.703348 0.01981453301668683 0.02118579528527036
5 0.384612 0.722611 0.02001925090451113 0.02509204528527036
5 0.715016 0.813966 0.017552670171816588 0.022639133374611476
5 0.80359 0.84237 0.023720783016686654 0.021367731803034928
5 0.921071 0.872119 0.02664106512886235 0.017607031017246654
2 0.952393 0.827372 0.020800500904510955 0.0251284325888232
2 0.928546 0.834093 0.015826395861557076 0.01944135876750579
2 0.913146 0.91874 0.016607645861557073 0.019477746071058632
2 0.966075 0.596195 0.01960981512886235 0.01727954528527036
2 0.971578 0.565908 0.01553979081860284 0.013972608767505612
2 0.987394 0.503209 0.017266065128862352 0.017170383374611475
2 0.811153 0.458975 0.01389540366347326 0.01233733416039975
2 0.780619 0.533519 0.014799484396167805 0.014717471463952591
2 0.775812 0.550525 0.01936415366347326 0.012592045285270359
2 0.618115 0.51107 0.01553979081860284 0.013972608767505612
2 0.626706 0.496591 0.01648481512886235 0.017133996071058633
2 0.664025 0.427061 0.014100121551297562 0.016243584160399747
2 0.676058 0.361837 0.01574450870642714 0.017878858767505612
2 0.709803 0.300756 0.012414790818602838 0.013827059553293886
2 0.716626 0.290109 0.02026823439616763 0.014972182588823203
2 0.74441 0.238149 0.017266065128862352 0.017170383374611475
2 0.601397 0.217391 0.014345783016686653 0.020931084160399793
2 0.572828 0.254435 0.01874667797373277 0.01568065798171738
2 0.55836 0.276473 0.020309177973732596 0.015753432588823203
2 0.527819 0.321257 0.015045145861557075 0.01940497146395277
2 0.504275 0.396909 0.014840427973732594 0.015498721463952769
2 0.462101 0.454465 0.017225121551297563 0.016389133374611474
2 0.447673 0.475722 0.015457903663473261 0.01241010876750579
5 0.41063 0.495141 0.016402927973732596 0.015571496071058632
5 0.50496 0.518331 0.020677670171816587 0.022784682588823203
5 0.774092 0.583337 0.02257104081860284 0.014300094499482085
5 0.881826 0.604801 0.01956887155129756 0.01649829528527036
2 1.0 0.417744 0.014840427973732773 0.015498721463952769
2 0.827256 0.390807 0.01632104081860284 0.014008996071058632
2 0.850844 0.329253 0.014182008706427496 0.01780608416039975
2 0.855446 0.316154 0.014471935775648603 0.00846747146395277
2 0.876158 0.264647 0.01632104081860284 0.014008996071058632
3 0.8219033984375 0.2232810625 0.7785140859374999 0.329120125 0.7766841796875 0.352927921875 0.75039034375 0.37696161093749997 0.77641815 0.38022185 0.7857072656249999 0.33628173125 0.8279350296875 0.2303885703125 0.8219033984375 0.2232810625
3 0.6790393140625001 0.3053725921875 0.72787948125 0.20661398593750002 0.7149953625000001 0.20806187187499997 0.6716676859375 0.3016159625 0.6582417656249999 0.3467287203125 0.6688125281249999 0.3560956140625 0.6858334515625 0.3534750875 0.6839029359375 0.3458759359375 0.67304665625 0.3419570046875 0.6790393140625001 0.3053725921875
3 0.765393059375 0.26843510625 0.771985978125 0.25372370312500003 0.761058321875 0.2511667640625 0.756671690625 0.257106375 0.7506498046875001 0.2609218484375 0.7452086921875 0.2647643734375 0.7427785234375001 0.266699159375 0.73955344375 0.2726928703125 0.733469921875 0.288793315625 0.7256440734375 0.3048126109375 0.735088975 0.313444409375 0.745452059375 0.293447340625 0.754724971875 0.2720341796875 0.765393059375 0.26843510625
3 0.7210499859375 0.5257798046875 0.7703800609375 0.40656427968750003 0.762320590625 0.40482358906250004 0.7524214687499999 0.4159677125 0.74403105 0.4094330015625 0.7392161453125 0.4235445609375 0.7501438015625 0.42610149843749995 0.710703103125 0.5232499171875 0.7210499859375 0.5257798046875
3 0.64498455 0.377513521875 0.5810280296875 0.4980957828125 0.591919996875 0.5013337156250001 0.6491310984374999 0.3872638609375 0.6526773828125 0.3751411890625 0.64498455 0.377513521875
4 0.76479608125 0.2909350125 0.74960835 0.314120659375 0.7242164953125 0.3320524375 0.6892467234375 0.3549993796875 0.666758740625 0.37306640625 0.6542510046875 0.389550296875 0.6652857296875 0.390064246875 0.679714240625 0.3702565296875 0.6964755921875 0.361479990625 0.71577418125 0.348725678125 0.732606915625 0.3385871484375 0.7502345578125 0.3243896953125 0.75958859375 0.31253752343749996 0.769737540625 0.296626428125 0.76479608125 0.2909350125
3 0.709304534375 0.3388671390625 0.7174970203125 0.3269608671875 0.71259125 0.32058845625 0.707185828125 0.323749984375 0.704174884375 0.3256577203125 0.6992788578125 0.3302082890625 0.695365934375 0.3382179375 0.691998096875 0.34693563125 0.70241635625 0.3481035265625 0.709304534375 0.3388671390625
3 0.7328405390625 0.3563471359375 0.7138177203125 0.3527305015625 0.7033735140624999 0.36316658125 0.7155697890625 0.3637346328125 0.7242814156249999 0.3641403828125 0.737639240625 0.364762534375 0.7408643203125 0.3587688234375 0.7328405390625 0.3563471359375
1 0.9474288609375 0.43870348750000004 0.7884554671874999 0.4060408390625 0.7483366671875 0.516128175 0.9177380656249999 0.5608817 0.9474288609375 0.43870348750000004
1 0.8614577359375 0.21283549375000002 0.8075268921875001 0.342076603125 0.9621752906250001 0.3683938890625 0.9878720390625 0.24466433593749998 0.8614577359375 0.21283549375000002
1 0.5860532953125 0.1601421078125 0.5060888890624999 0.2739059953125 0.6327693421875 0.305914740625 0.6963101734375 0.18063535 0.5860532953125 0.1601421078125
1 0.5597649375 0.4868098640625 0.6196779921875 0.36827258125 0.488183615625 0.3406470078125 0.415354325 0.44322475937499994 0.5597649375 0.4868098640625
1 0.9101270953125 0.58682905 0.715000509375 0.5362744296875 0.6456421078125001 0.6850876796875001 0.8780173484375 0.7496635421875 0.9101270953125 0.58682905
1 0.44562130624999996 0.6404482828125 0.5126986625 0.4976719703125 0.334064984375 0.444813928125 0.2341514390625 0.5768461031250001 0.44562130624999996 0.6404482828125