2 0.9557709313733163 0.32224162298652415 0.017423857336090975 0.02081260517284953
2 0.879698232694135 0.22787184586863543 0.02285624466899989 0.01784672954602886
2 0.8080504993634531 0.24531174696399213 0.019767607336090887 0.020880801332783517
2 0.7409902686982713 0.2542942903792168 0.018250560669954296 0.024741587226160888
2 0.6748021947008166 0.2711120658477529 0.029160788669636162 0.02271608597251955
2 0.2898555773790433 0.34503868151195066 0.022947151336727156 0.02565922954602886
2 0.16825329738222503 0.36492998119538156 0.025972154002227167 0.017156407759274295
2 0.7318180000795419 0.6070328454729241 0.018968176002545432 0.019295569279472246
2 0.7398395854153144 0.6252289160060375 0.016660788669636162 0.022352373119538173
2 0.7743878554264503 0.7082376442984251 0.022093176002545435 0.0193864974927175
2 0.9809827534213597 0.6767616384259304 0.024382382001908808 0.0147671936526514
2 0.9637583434118145 0.6059717653063922 0.015961354670590566 0.029360891066226812
2 0.9562998320734966 0.5690484268265902 0.02760737933640911 0.023451871865896833
2 0.5447088987507689 0.6351709026782023 0.014271585335772486 0.018377926959604097
2 0.556618552752996 0.6519181334778723 0.011918744668999892 0.01752848079967002
2 0.5950458007638136 0.7326967720368167 0.02282897266868176 0.015502979546028861
2 0.4077821580999045 0.7475535792420951 0.025990335335772663 0.018718907759274116
2 0.3680378580919503 0.687823226576528 0.023728401336727066 0.02568196159934022
2 0.3457901407542687 0.6551554790838104 0.020667036004136108 0.031059783386094785
2 0.4306753127784494 0.8356900767348125 0.01745112933640893 0.02315635517284953
2 0.4656230247851309 0.8859090370805115 0.016633516669318026 0.02000862311953817
2 0.48380995078767625 0.9051818743066725 0.02442783533577266 0.0186734436526514
2 0.514061072127585 0.9544831923325032 0.015071016669318028 0.019963159012915455
2 0.6833468741247215 0.9383222979010644 0.016660788669636162 0.022352373119537815
2 0.6530502994509491 0.8851147298752332 0.016742604670590744 0.029383623119538172
2 0.613823620106586 0.8027508592629775 0.018250560669954296 0.024741587226160888
2 0.8410139234563581 0.9304141726699552 0.022883516669318028 0.020190479546028685
2 0.8152503074474492 0.8640617469639921 0.029260786004136462 0.03130983597251955
2 0.7854077187698589 0.7827519109914725 0.017387494668999894 0.01768760517284953
2 0.9931193468829409 0.7685543333322231 0.01376130623411811 0.01849158722616089
2 0.9975958993873156 0.8312361897587138 0.004808201225368691 0.014471676959604097
3 0.7492308703125 0.8674737453124999 0.7452740109375 0.8557126859374999 0.7353386265624999 0.8554235953125 0.7298011078125 0.83913734375 0.722745496875 0.8237027593749999 0.7156586015624999 0.8055797437500001 0.692563953125 0.7905743109375 0.6778553109375001 0.77402120625 0.672359503125 0.761319528125 0.661691140625 0.7636966328125 0.667228659375 0.7799828843750001 0.685758603125 0.796647178125 0.70440325 0.8231690546875001 0.7130916578125001 0.847609553125 0.72395814375 0.86225918125 0.7301660734375 0.8705023765625001 0.7492308703125 0.8674737453124999
1 0.9017598390625 0.3411535984375 0.6338395171875 0.39696145 0.6887096984375 0.5645477234375 0.9343299734375 0.525155371875 0.9017598390625 0.3411535984375
1 0.46796414531249997 0.5813942703125 0.3869860765625 0.4440744484375 0.15719304843749998 0.4792734109375 0.2502266390625 0.6293544578125 0.46796414531249997 0.5813942703125
1 0.5120172484375 0.61525350625 0.370841303125 0.6483770437499999 0.4275277578125 0.7446561015625 0.552948684375 0.7219332796875 0.5120172484375 0.61525350625
1 0.9214927156250001 0.558910571875 0.7511105515625001 0.583427765625 0.7867842953124999 0.69305716875 0.947974528125 0.6744777390625 0.9214927156250001 0.558910571875
1 0.96629894375 0.7711918828125001 0.8037310874999999 0.785077309375 0.8541072562500001 0.90754495625 0.987667521875 0.902123328125 0.96629894375 0.7711918828125001
1 0.5884237984375 0.814492540625 0.46425409531249995 0.8310465453125 0.539703615625 0.9480385281249999 0.6360988921875 0.9322276734375 0.5884237984375 0.814492540625
5 0.9199965160327711 0.2680936805875138 0.02053067600254508 0.019341033386094875
5 0.782051620703362 0.2929763571514066 0.014335220003181704 0.023846676959604095
5 0.6737305907065436 0.3132541017411302 0.01989487667090888 0.031818301332783516
5 0.2864402233847704 0.3871125212453939 0.02374658267027261 0.02724446159934022
5 0.18896578672022482 0.3998960145814764 0.018277832670272564 0.0270853372261608