2 0.720135 0.788944 0.01853244766329869 0.024427835335772485
2 0.641899 0.684357 0.021402874525034754 0.013526698002863569
2 0.62582 0.665007 0.01922277868534721 0.020530676002545434
2 0.564335 0.575073 0.01675174211621524 0.015034654002227121
2 0.405907 0.651155 0.014571646276527872 0.022038632001908986
2 0.450748 0.731124 0.015298344889756876 0.019703972668681756
2 0.473605 0.773057 0.023201763867708357 0.023701129336408933
2 0.526878 0.879498 0.02002221248093754 0.021321016669318026
2 0.540916 0.576127 0.010774499050069507 0.026680678668045486
2 0.492423 0.507141 0.012282447663298512 0.02435511000159085
2 0.481067 0.4893 0.016170513867708357 0.02361931333545435
2 0.336028 0.536312 0.015298344889756876 0.019703972668681756
2 0.349128 0.561948 0.013826763867708359 0.023592041335136215
2 0.312862 0.481098 0.01773301386770836 0.023637494668999892
2 0.456466 0.439573 0.01704268284565984 0.02753465400222712
2 0.777963 0.621038 0.016170513867708357 0.02361931333545435
2 0.762574 0.597773 0.013699477298576391 0.018123291335136217
2 0.692151 0.526698 0.020204050436840326 0.029133516669318026
2 0.818585 0.486154 0.025672800436840327 0.029197151336727244
2 0.887663 0.533019 0.012990962480937517 0.02123920066836362
2 0.918042 0.562361 0.019876742116215283 0.015071016669318028
2 0.732737 0.423854 0.011392094889756876 0.019658519334818082
2 0.712624 0.399082 0.015298344889756964 0.019703972668681756
2 0.670327 0.361282 0.013663109707395815 0.016560791335136216
4 0.4469343140625 0.3890186875 0.4476803328125 0.40179765781250004 0.44123971875 0.40952677812499994 0.4321581640625 0.4186440921875 0.41698267187500004 0.420595890625 0.41680107812499995 0.42839784375 0.43140545937499997 0.42856778125000006 0.44206828125 0.41875940624999997 0.45222602187499994 0.40823569531250004 0.4551310984375 0.395499209375 0.4492352640625 0.37982247343750003 0.42353570312500005 0.363205840625 0.3815349375 0.35207520937500003 0.350196990625 0.3311362046875 0.330053275 0.3223882859375 0.3493782546875 0.34389696875000003 0.380782234375 0.3619988984375 0.4021176984375 0.3643755421875 0.43207248125 0.3774943859375 0.4469343140625 0.3890186875
4 0.5819918328125 0.39200914375 0.563023353125 0.377599215625 0.5527072109375 0.372512953125 0.5413313875 0.3681238203125 0.5251292359375 0.3693542109375 0.510475328125 0.3713120796875 0.502080440625 0.373342778125 0.48959541562500003 0.37177858124999996 0.477598959375 0.371638990625 0.47119136250000004 0.37794957500000004 0.46942850625 0.3864425875 0.46823676093750005 0.392813865625 0.46384947031249996 0.401985803125 0.45903964531249997 0.4068960578125 0.45038062500000003 0.42027505 0.4560190109375 0.42459742343749995 0.47393449531250004 0.417001821875 0.4778002 0.40782381718750005 0.483778578125 0.41995421093749996 0.48358047812500005 0.4284654328125 0.4864128375 0.441268678125 0.48520458125 0.448349225 0.482431571875 0.45541156093749996 0.48132236875 0.458236496875 0.47407952656249996 0.4780171125 0.4565865765625 0.48987439374999997 0.44303518906250006 0.5117099859375001 0.426047315625 0.5242826015625 0.43013745468750003 0.527877496875 0.44648818281249997 0.520263690625 0.4604786140625 0.5019805093749999 0.471190959375 0.49004433125 0.49052930781250004 0.4661476953125 0.49553723437499997 0.45272621874999996 0.5008258031249999 0.427247178125 0.508847678125 0.4188269953125 0.5230460359375 0.414025984375 0.5440580140625 0.4078853359375 0.556460496875 0.412995875 0.5761651718749999 0.41819138437500003 0.5932454109374999 0.42406581406250005 0.605614878125 0.4305948921875 0.621245921875 0.431486234375 0.6296077906249999 0.430874075 0.6384912468749999 0.4302679828125 0.6458594703125 0.4275158765625 0.6594537 0.4262551390625 0.6668879578125 0.4206659609375 0.6748603109375 0.41437358125 0.6834202796875 0.40525019999999995 0.686242815625 0.39606005624999996 0.6855133062500001 0.3825718171875 0.6773098359375 0.398793953125 0.663840990625 0.41708320312499997 0.652250559375 0.42191455937500005 0.6439877390625 0.418271109375 0.6102828109375 0.4093653921875 0.5819918328125 0.39200914375
3 0.3266651046875 0.6472817734375 0.31851784375 0.638673446875 0.304286471875 0.64489299375 0.29409571093750003 0.6568352421875 0.2824062296875 0.665922209375 0.2670326375 0.676385228125 0.253646334375 0.6911281359375 0.2377181375 0.7030036234375 0.2308054640625 0.708598871875 0.245601265625 0.7229602453124999 0.26200151875 0.7132186328125 0.273839575 0.69774825 0.2893947609375 0.6794832765625001 0.30745882343750003 0.6655042609375 0.3266651046875 0.6472817734375
3 0.44271484687499996 0.5478887421875 0.4702566640625 0.507769971875 0.49344420937500005 0.47540459999999995 0.510630184375 0.4543207625 0.503559109375 0.4443060359375 0.487251221875 0.472494696875 0.425370471875 0.5533626078125 0.416744465625 0.5653230625 0.428103778125 0.5704214640624999 0.44271484687499996 0.5478887421875
1 0.1852396890625 0.62648070625 0.0669688015625 0.5747328046875 0.0105417046875 0.6230289906250001 0.11154407343749999 0.6994070734375 0.1852396890625 0.62648070625
1 0.19774618593749999 0.6060518781249999 0.2668300765625 0.5295245453125 0.1633714984375 0.49142875156250004 0.0988729953125 0.5502729265624999 0.19774618593749999 0.6060518781249999
1 0.30665213593749996 0.522183853125 0.3543278453125 0.4688196109375 0.25034768125 0.4307177453125 0.204045309375 0.46990875781249997 0.30665213593749996 0.522183853125
1 0.37095921875000004 0.44914824062500003 0.4126333609375 0.4070655328125 0.3070389140625 0.37107326406249996 0.2605219328125 0.41948476718750005 0.37095921875000004 0.44914824062500003
1 0.43518529062500005 0.8727340421875001 0.48613594843749997 0.7683267500000001 0.3370321921875 0.6963551812500001 0.27029209062500004 0.784261153125 0.43518529062500005 0.8727340421875001
1 0.5130571296875 0.7324575203125 0.55718748125 0.652092525 0.4172906625 0.5880321546875 0.3634317890625 0.66047988125 0.5130571296875 0.7324575203125
1 0.584382621875 0.6268683921875 0.616691425 0.5612645109375001 0.48738470781250004 0.5129354984375001 0.4453308734375 0.5713313796875 0.584382621875 0.6268683921875
1 0.53648328125 0.4432702203125 0.505564328125 0.493991603125 0.50761765 0.49543441718750003 0.507096065625 0.4954283484375 0.6238682328125 0.5443209703125 0.654057675 0.4801113484375 0.53648328125 0.4432702203125
4 0.42078021718749997 0.527768615625 0.35799504843749996 0.5802475828125 0.31350505625 0.6088177765625 0.2771788328125 0.6452870265625 0.247864334375 0.671905421875 0.254496365625 0.6783677390625 0.29985461875 0.634908978125 0.35039570468750003 0.5929294453125 0.41419102968750005 0.5418811546875 0.43008620625000005 0.531424203125 0.42078021718749997 0.527768615625
5 0.613349 0.297084 0.01213697729857639 0.018105110001590853
5 0.557463 0.313363 0.011337543502986236 0.01731476933481808
5 0.381337 0.367771 0.014662565254479176 0.025944882001908986
5 0.314622 0.388865 0.026454050436840147 0.02920624200349984
1 0.4437023421875 0.30756820625 0.49983931249999997 0.25160673437500003 0.3958864734375 0.2241610609375 0.3347539390625 0.2766122875 0.4437023421875 0.30756820625
1 0.6893558843750001 0.3767072484375 0.7274767015625 0.309489371875 0.60487159375 0.27630327656250003 0.5565829328125 0.3440932625 0.6893558843750001 0.3767072484375