2 0.045461 0.56195 0.04181742688202613 0.04913297524323372
2 0.31008 0.533733 0.04465592539915138 0.0421562723211343
2 0.099315 0.717688 0.024598093383928932 0.04805171631477982
2 0.333675 0.741324 0.036076762851581276 0.06152388108743238
2 0.119089 0.769632 0.02624150642579064 0.030905126623205346
2 0.157106 0.872712 0.030338757414373772 0.03566081047058134
2 0.3521 0.883934 0.03171025642579064 0.03100058400953145
2 0.585907 0.518221 0.031898598821136305 0.07394206047058134
2 0.845427 0.538387 0.03416143577927464 0.09115683400953163
2 0.565006 0.762561 0.03392401384016441 0.06617047077900687
2 0.800382 0.722889 0.02652800790866543 0.03793637662320535
2 0.777746 0.779565 0.02624150642579064 0.030905126623205346
2 0.744047 0.877485 0.020963757414373774 0.03549716923687925
2 0.697352 0.927953 0.024088757414373774 0.03179253024023367
2 0.544415 0.884163 0.02624150642579064 0.030905126623205346
2 0.528124 0.933892 0.026177839429596263 0.019914777601083244
1 0.31679945625 0.9341251859374999 0.2611489703125 0.5837123453124999 0.054300710937499996 0.5884549781249999 0.162326465625 0.9342132453125 0.31679945625 0.9341251859374999
1 0.751514725 0.7161772484375 0.7965443890625 0.5331932328125 0.5945482625 0.5213141953125 0.5676685015625 0.7199291859375 0.751514725 0.7161772484375
1 0.5868707078125001 1 0.6648566359375 0.9986728234375001 0.67250904375 0.938941925 0.7098859156249999 0.9437709296874999 0.7341013703125 0.8105426953125001 0.5724976484375001 0.806329696875 0.543810828125 1 0.5868707078125001 1
5 0.469176 0.658472 0.02262175790866543 0.037868192775829715
5 0.422923 0.661574 0.030226010874414965 0.052053423701106105
6 0.055494 0.392473 0.02679992193911026 0.025450013392680583
6 0.205049 0.406029 0.023611254942915893 0.023832966314779824
6 0.361762 0.416583 0.03298625494291585 0.02399660754848192
6 0.532233 0.415649 0.029207338935304604 0.027053423701106284
6 0.68743 0.405849 0.029207338935304604 0.027053423701106284
6 0.848255 0.392239 0.01592608893530496 0.026821598620028198
6 0.901099 0.476814 0.02362584239534584 0.04335057954530477
6 0.841352 0.638387 0.019051088935304605 0.026876145697928778