2 0.457092 0.264362 0.02109375 0.03359375
2 0.595373 0.410456 0.02421875 0.028125
2 0.648498 0.458893 0.021875 0.03359375
2 0.726623 0.555768 0.01796875 0.02578125
2 0.770373 0.558112 0.01640625 0.02578125
2 0.828967 0.626862 0.015625 0.03984375
2 0.890686 0.695612 0.015625 0.0203125
2 0.171936 0.638581 0.02109375 0.02265625
2 0.201623 0.653425 0.0171875 0.01875
2 0.166467 0.429206 0.03203125 0.0265625
2 0.346154 0.549518 0.01796875 0.028125
2 0.371936 0.568268 0.0171875 0.02890625
2 0.497717 0.653425 0.01484375 0.028125
2 0.335998 0.718268 0.01796875 0.02265625
2 0.032873 0.545612 0.0203125 0.0203125
1 0.289339078125 0.70466664375 0.0052133171875 0.5361027359375 0.00977496875 0.659484565625 0.1759494390625 0.7420287453125 0.289339078125 0.70466664375
2 0.178186 0.766706 0.01484375 0.01640625
2 0.070373 0.718268 0.02578125 0.0203125
1 0.3512472140625 0.6872889203125 0.25545251874999997 0.7307332265625 0.40663870468749996 0.8132774093749999 0.501781734375 0.768964215625 0.3512472140625 0.6872889203125
3 0.400773721875 0.619515803125 0.349943884375 0.6455823875 0.361673846875 0.6603534515625 0.41185202031249996 0.6360246390625 0.400773721875 0.619515803125
3 0.33560726406249997 0.6403690703125 0.06386312968749999 0.49092065781249994 0.04691985 0.53175830625 0.3232256359375 0.666435653125 0.33560726406249997 0.6403690703125
3 0.4073034015625 0.622105084375 0.42880833437500004 0.6325317171875 0.4450999484375 0.6186295390625001 0.1792207953125 0.4361634546875 0.17074915625 0.45093451875 0.417078371875 0.610809565625 0.4073034015625 0.622105084375
1 0.5024464328125 0.62559800625 0.5676128921875 0.6047447390625 0.699900803125 0.7246510234375 0.8582552984375 0.6855511484375 0.39166345156250004 0.195499378125 0.1622775171875 0.38144100625 0.36624853281249997 0.53088941875 0.5024464328125 0.62559800625
1 0.630529 0.7003 0.03046875 0.03203125
5 0.543811 0.889362 0.02109375 0.0203125
5 0.599279 0.869831 0.021875 0.03046875
5 0.653967 0.866706 0.01796875 0.028125
5 0.713342 0.8503 0.01875 0.01640625
5 0.778186 0.838581 0.021875 0.021875
5 0.853186 0.8253 0.021875 0.02421875
5 0.928967 0.803425 0.021875 0.01640625
4 0.7565956218750001 0.755930925 0.81785209375 0.7446354046875 0.8888835343749999 0.7246510234375 0.8908385265625001 0.702928871875 0.8765019078125 0.6855511484375 0.68165419375 0.7411598609375 0.6379926671875 0.7481109499999999 0.6106227546875 0.7411598609375 0.5806461828125 0.7663575578125 0.5493662828125 0.781128621875 0.526558021875 0.7802597359375001 0.4946264578125 0.788948596875 0.46334655625 0.7941619140625 0.47637984843750003 0.8332617890625 0.5565345921875 0.8089329781249999 0.6484193015625 0.7819975078125 0.7565956218750001 0.755930925
1 0.9331967265625 0.8028507749999999 0.45813324062499994 0.8975593625 0.5311196734375 0.9323148078125 0.988588215625 0.8645416890625001 0.9331967265625 0.8028507749999999
5 0.782092 0.516706 0.02578125 0.03125