2 0.969213 0.375176 0.02011776012439199 0.016743555897782515
2 0.913597 0.391743 0.019913195916316084 0.011619546279135662
2 0.831822 0.418539 0.03053323738612832 0.025255460344286364
2 0.892613 0.394132 0.026436014427970278 0.01965030108845909
2 0.747774 0.424967 0.028080359981466428 0.022048614790790032
2 0.670822 0.455833 0.026408732576804893 0.01886905108845909
2 0.644396 0.458812 0.02495535998146643 0.02193948738612832
2 0.706088 0.214392 0.017651291469812237 0.013881450725639422
2 0.627836 0.230387 0.027189982576804893 0.01889633293962456
3 0.8619027140625001 0.5291883359375 0.848094865625 0.54141241875 0.8266197546875 0.5475931984375 0.81725970625 0.5513092265624999 0.8251087546875 0.5625569171875 0.8339920453125 0.5645997953124999 0.8534715609375001 0.559504459375 0.8672793640625001 0.5472803765625 0.8729835343750001 0.53592841875 0.8815437296875 0.5287191046874999 0.8854340468749999 0.5236569375 0.8927782593750001 0.52044806875 0.90956325 0.51583619375 0.9269663515625 0.5095132359375001 0.9349084828124999 0.5040150062500001 0.9373606421874999 0.49659239531250005 0.94660763125 0.4933221375 0.9453958109375 0.47434824375 0.926736340625 0.4835151234375 0.9223087328125 0.49260141874999996 0.9082788031250001 0.4984646125 0.8921926515624999 0.5036784484375 0.8794594328124999 0.5078542578125 0.8709194296874999 0.515641834375 0.8619027140625001 0.5291883359375
4 0.8370121749999999 0.52581235625 0.8290513828125 0.5403247296875 0.8176034874999999 0.56409458125 0.8022598750000001 0.57329876875 0.7904966625000001 0.5880390921875 0.7843400093749999 0.5935959468750001 0.7896916359375 0.601358384375 0.796632984375 0.5940252265625 0.8070159671875 0.5882552171875 0.814779878125 0.5802293078125 0.8250241203125 0.5704863062500001 0.8286373781249999 0.5648406328125 0.8313271734375001 0.5569982671875 0.8344534593749999 0.5495318859375 0.8384905984375 0.543901015625 0.84210385625 0.5382553421875 0.8465649046875001 0.53263928125 0.8518611281249999 0.5266916328125 0.8580177796875 0.5211347828124999 0.8661046703125 0.510234221875 0.8713630828125 0.503203034375 0.8787535375 0.49660705 0.8869539718749999 0.48895712343750003 0.8969508828125001 0.4842558453125 0.9057139640624999 0.4805937109375 0.8986919859375 0.47349443437499994 0.8832474984375001 0.479809165625 0.8771161015625 0.4860883859375 0.868030040625 0.492625171875 0.856090221875 0.5023089546875 0.8524895765625 0.5083158125 0.846908184375 0.5182216375 0.8370121749999999 0.52581235625
2 0.817092 0.80115 0.023065477767481468 0.012509923683797552
2 0.753722 0.841074 0.030287700725639334 0.018224210344286007
2 0.730294 0.862884 0.027080855172143002 0.01577133293962447
2 0.902992 0.780741 0.02074900961864685 0.013209328130301045
2 0.951819 0.748894 0.03483879146981224 0.014481651451278842
2 0.971609 0.734142 0.015326044885964053 0.01334573738612832
2 0.864632 0.598373 0.02476438702330839 0.01647073738612832
2 0.925904 0.565399 0.027698414065150702 0.011111114790790032
2 0.941256 0.558132 0.020885418874474128 0.017115578130301047
2 0.707085 0.645151 0.017033732576804895 0.01854166887447395
2 0.68699 0.650692 0.01948660998146643 0.021748514427970277
2 0.591281 0.233792 0.028670637023308566 0.016607146641955416
2 0.797811 0.20433 0.025545637023308386 0.016498019237293705
2 0.859957 0.196356 0.020694445916316084 0.011646828130301046
2 0.887109 0.191842 0.017033732576804895 0.01854166887447395
2 0.941469 0.184377 0.018405259618646853 0.013127482576804805
0 0.8544388749999999 0.40936344062499996 0.8954546156250001 0.32560696718750004 0.89078274375 0.31947518124999996 0.8911926625 0.312978234375 0.8920884703124999 0.302157440625 0.8263936468749999 0.244517771875 0.8529224015624999 0.4175298984375 0.8410262625 0.4447068859375 0.85876515 0.44207073125 0.8964518625 0.4271086640625 0.942484209375 0.41406585781249994 0.9745463703125001 0.40216300625 0.9885661062500001 0.3842040625 0.9835140921875001 0.3779330234375 0.9792107953125001 0.38984600937499997 0.9374708953124999 0.39815527500000003 0.9298386781250001 0.398431353125 0.9224044499999999 0.33143151249999997 0.9111668671875 0.319644390625 0.8994583374999999 0.3490787234375 0.907997059375 0.411233734375 0.8657522999999999 0.42332359999999997 0.861699071875 0.416670815625 0.8544388749999999 0.40936344062499996
0 0.8422956546875 0.2439878796875 0.87456645625 0.23806095625 0.88297649375 0.260058759375 0.8850864203125001 0.28400700156249997 0.8995688734374999 0.29753522499999996 0.906791128125 0.3037560734375 0.9318166328125 0.3274193390625 0.9495629250000001 0.343231984375 0.9719242187500001 0.3635465671875 0.9835140921875001 0.3779330234375 0.9861790171875 0.3705556171875 0.9729115500000001 0.300639028125 0.9574656796875001 0.22304993906249998 0.9469415968750001 0.21345814062500001 0.9090082578124999 0.22135776875 0.8977402265625001 0.22693292031249998 0.8845213984375 0.2313547078125 0.876061896875 0.2261758953125 0.834340925 0.235028425 0.8422956546875 0.2439878796875
1 0.607346875 1 0.73672630625 0.9712701750000001 0.67356115 0.7351300234375 0.4801457578125 0.815417440625 0.5392050734375 1 0.607346875 1
1 0.6349087484375 0.5399182421875001 0.57628708125 0.26667068125000004 0.3597976234375 0.294444415625 0.4378312609375 0.5884572718750001 0.6349087484375 0.5399182421875001
2 0.342062 0.225089 0.02799851442797028 0.019704864790790033
3 0.75026736875 0.498738684375 0.766943634375 0.49532351406249997 0.7655358671875 0.48219611562500003 0.7732881203125 0.47730439531249996 0.7685885875 0.46284430781249997 0.6353700953125 0.505051253125 0.6400835140625001 0.5199089359375 0.7174781234375 0.49401966093749994 0.7483676531250001 0.48437635312499994 0.75026736875 0.498738684375
3 0.7998616953125001 0.61099473125 0.7972369515625 0.6025637515625 0.6609934796875 0.6649177078124999 0.6641959140625 0.67654574375 0.7998616953125001 0.61099473125
3 1 0.53546858125 0.9998999140624999 0.5341898765625 0.893459984375 0.5824944000000001 0.873394790625 0.5817937078125001 0.851476925 0.5814254421875 0.8391277515625 0.5881421812500001 0.8221762328125 0.5831820046875 0.82638138125 0.5968306109375 0.8380888656250001 0.5984307734375001 0.8513573875 0.591349028125 0.89926785625 0.5886538828125001 1 0.5452606531249999 1 0.53546858125
0 0.6002908265625 0.34618555781250004 0.6320964078125 0.4981918796875 0.7681039484375 0.454929115625 0.763163415625 0.44354447500000005 0.7714775234375 0.44186622656249996 0.7274887828125001 0.24274805625 0.7350527578125 0.23843959374999998 0.7329440140625 0.2260771125 0.569391403125 0.2489444421875 0.6002908265625 0.34618555781250004
0 0.734312903125 0.7931583296875 0.73752905 0.7830021234375 0.7336827171875 0.7623307593749999 0.7194675921875 0.7131539625000001 0.7121206515625 0.6817115125 0.731584684375 0.67668648125 0.742631690625 0.7246117015625 0.7476510265625 0.75331064375 0.7549898609375 0.7973032265625 0.7676168875 0.8521293015625 0.8019725015624999 0.8133958859374999 0.7641885640625 0.7923000375 0.75834189375 0.7654737640625 0.7555489171875001 0.749402971875 0.7979758343750001 0.647819021875 0.8155291453125001 0.7286785953125 0.822536759375 0.77342101875 0.8375045578125 0.8086281906250001 0.8098160234374999 0.64176713125 0.7959037890625 0.6268293046875 0.6622941531250001 0.6864368921875 0.7207001546875 0.9018335453124999 0.8479150499999999 0.8252687640625 0.81803941875 0.82612705625 0.721889428125 0.8847608703125 0.7427554296875 0.8687556453124999 0.7387280984375 0.8556842703124999 0.7310088984374999 0.8135799968749999 0.734312903125 0.7931583296875
0 1 0.568909325 0.8773920015625001 0.6215662703125 0.9189627343750001 0.7766654625 1 0.7329945296875 1 0.568909325