0 0.32663823281250004 0.20276078125 0.433910678125 0.24635660937499998 0.44795499375 0.2333312640625 0.333871996875 0.191096165625 0.32663823281250004 0.20276078125
2 0.539369 0.173089 0.010206246974937905 0.009007585475263546
2 0.583037 0.157243 0.015674996974937905 0.009230419961943959
2 0.620456 0.141653 0.010219882513557366 0.011351335475263546
2 0.664119 0.125027 0.010206246974937905 0.009007585475263546
5 0.391513 0.14473 0.012554542154477665 0.009884335969555114
2 0.411503 0.222841 0.010982951795397966 0.008258168973360824
2 0.353032 0.246322 0.010197156615858205 0.007445085475263546
2 0.357524 0.212537 0.023510222872636887 0.01345500494291585
2 0.354199 0.178289 0.024291472872636888 0.013486838441013126
5 0.316772 0.192317 0.013326701795397966 0.008353669467652303
5 0.332729 0.248712 0.012549996974937905 0.009103085969555114
5 0.244834 0.318715 0.015674996974937905 0.009230419961943959
2 0.36939 0.505873 0.011773292154477666 0.009852502471457924
5 0.422578 0.514646 0.01570226805217665 0.01391791996194396
2 0.507753 0.648708 0.007862496974937905 0.008912084980972068
5 0.553924 0.660111 0.012554542154477844 0.009884335969555024
5 0.5374 0.640467 0.012572722872636888 0.013009335969555025
5 0.696039 0.776224 0.014893746974937904 0.009198586463846681
5 0.733294 0.732509 0.014107951795398144 0.00838550296574958
5 0.757349 0.703397 0.014112496974937905 0.009166752965749581
5 0.78219 0.675034 0.014889201795398144 0.00841733646384668
5 0.86988 0.569875 0.010969316256778683 0.0059144189733608245
5 0.851253 0.591733 0.010969316256778683 0.0059144189733608245
5 0.886173 0.549675 0.009402271077238834 0.005069501977166269
5 0.934097 0.593827 0.018018746974937903 0.009325920456235436
5 0.946511 0.578474 0.018009656615858294 0.007763420456235437
5 0.955023 0.564061 0.017214771077238854 0.005387836958138337
2 0.721167 0.797081 0.014880111436318445 0.006854836463846681
2 0.768355 0.849077 0.014880111436318445 0.006854836463846681
2 0.658031 0.824659 0.011750566256778682 0.005946252471457925
2 0.191618 0.305255 0.016465337334017248 0.010824753460041147
1 0.6084066421875 0.5311468390625 0.7336493421875 0.390785165625 0.5088100843750001 0.2943736734375 0.4243689296875 0.41991870000000003 0.6084066421875 0.5311468390625
1 0.38789336093750004 0.39867956875 0.4665557578125 0.272959584375 0.32131016562500003 0.2123699046875 0.2639891484375 0.32328210625 0.38789336093750004 0.39867956875
1 0.2273163125 0.3508558 0.1841839421875 0.443569303125 0.2761846578125 0.51710523125 0.337619859375 0.4268624359375 0.2273163125 0.3508558
1 0.30323263906250003 0.5440551734375 0.4692158625 0.6822810734375 0.5606643765625 0.58398661875 0.371495984375 0.458854525 0.30323263906250003 0.5440551734375
1 0.24539918125 0.6748279593750001 0.36299874375 0.7990098609375 0.44217345625000004 0.7243375640624999 0.29926786562499996 0.5974565546874999 0.24539918125 0.6748279593750001
0 0.305155728125 0.5931857484374999 0.4062953046875 0.6833794 0.4308299265625 0.658591534375 0.32678178125 0.5711244765625 0.305155728125 0.5931857484374999
0 0.203838028125 0.6361774375 0.15030392343750001 0.5791397734375 0.1316214375 0.5991243578125001 0.17498966093749999 0.6470204484375001 0.203838028125 0.6361774375
0 0.18321243125 0.48482597812500006 0.255932365625 0.5475005875 0.2735473859375 0.521944246875 0.19833832499999998 0.460303234375 0.18321243125 0.48482597812500006
0 0.24680318906249998 0.359987821875 0.3372951984375 0.4148852109375 0.3561051171875 0.3842110921875 0.268463315625 0.3320702921875 0.24680318906249998 0.359987821875
0 0.39768343906250003 0.46063357031249996 0.524595425 0.5431354234375 0.5553960140624999 0.50583759375 0.42945864375 0.4296820640625 0.39768343906250003 0.46063357031249996
4 0.40227264218750003 0.8186712421875001 0.4023450421875 0.806226696875 0.413135334375 0.7991002375 0.42852302187499997 0.7855712578125 0.444553159375 0.7660900703125 0.46520796718749996 0.743012959375 0.492331659375 0.727765565625 0.5113113874999999 0.7126744765625 0.5260222125 0.7035111484375001 0.531966175 0.689597365625 0.5343663640625 0.6689493265625 0.545869378125 0.6512937203125 0.558277965625 0.6459416859375 0.5756166828125 0.6329803421875 0.5975683921875 0.6109323468750001 0.6211128218749999 0.595050975 0.6282968999999999 0.59192674375 0.6348424640625 0.586579875 0.6440187515625 0.5769469734375 0.6430730375 0.5715389281250001 0.6368673234375 0.5744589546875 0.6279783531249999 0.5906934171875 0.61067371875 0.5977985046875001 0.599564846875 0.6036916421875 0.5897571593750001 0.609881859375 0.5786085390625 0.6226072953124999 0.5648434046874999 0.6371786687500001 0.545572115625 0.6464002328125 0.5350819046875 0.6579321546875 0.5278506296875001 0.669168725 0.5229049078125 0.6794621625 0.5244593 0.6922170640624999 0.515935734375 0.7016324968750001 0.50708793125 0.7107906578125001 0.494425603125 0.7168446109375 0.47742531875000005 0.7276231265625 0.46270169531249994 0.738982546875 0.45092310312499995 0.7480212859375001 0.4427308484375 0.7564739484375 0.4299426609375 0.771085128125 0.417481525 0.7854655593750001 0.4069884765625 0.7974855 0.3945667015625 0.8051003484375 0.391178209375 0.827660659375 0.3842856953125 0.8366544250000001 0.3812739859375 0.8504436203125 0.3763538171875 0.8563448515625 0.3626424890625 0.8602447312500001 0.362928271875 0.862952990625 0.36714465 0.86605361875 0.37073526874999996 0.8647355125 0.38085581562500004 0.8607546562499999 0.3906876375 0.8504162531249999 0.3943563359375 0.8356775531249999 0.40227264218750003 0.8186712421875001
4 0.6516103890625 0.5586470890624999 0.644723553125 0.56666480625 0.6447008390625 0.5705689796875 0.6587674953125 0.5601590625 0.6775195203125 0.528217946875 0.7083999265625 0.4831031828125 0.7401834578125001 0.45071679375 0.7620283390625 0.42735628437499995 0.749100084375 0.42972865625 0.735999753125 0.44200391874999995 0.7182899765624999 0.46276034218750006 0.68881151875 0.49084741875000004 0.6739572921875 0.5246558375 0.6647426890625 0.5408770374999999 0.6516103890625 0.5586470890624999
3 0.7421795515625 0.3392548765625 0.7271359734375 0.34962498750000004 0.7545361078124999 0.3606974953125 0.7704752187499999 0.34650955156249996 0.6882558171875 0.314115196875 0.6804289671875 0.31574882031249996 0.6469499375 0.30364564843749997 0.6439807953125001 0.3101145078125 0.6761671828125 0.32045654687499997 0.685629365625 0.317669203125 0.7421795515625 0.3392548765625
3 0.4044615546875 0.44043073593750004 0.5191788765625 0.266077740625 0.5011486203125 0.2613871921875 0.38874500625 0.4310223890625 0.4044615546875 0.44043073593750004
3 0.43915286406250004 0.6877416968750001 0.5639648921875 0.5494474406250001 0.542787796875 0.5387160203125 0.42547526874999997 0.677654003125 0.43915286406250004 0.6877416968750001
3 0.2464278765625 0.7018272125 0.2519445703125 0.6924782 0.23575266875 0.6773322609375 0.308046190625 0.5811620765625001 0.2963898140625 0.5734440109375 0.2265928578125 0.67772145625 0.2377095828125 0.6907545265625 0.2285253828125 0.69533609375 0.2464278765625 0.7018272125
3 0.1365754828125 0.5848112078125001 0.14326089375 0.5725035187499999 0.13006752187499998 0.566628921875 0.183024203125 0.471195675 0.174406265625 0.4658887265625 0.12141854375000001 0.5666577171875 0.1320599140625 0.5739531828125 0.12489914687499999 0.58052328125 0.1365754828125 0.5848112078125001
3 0.0694483453125 0.6055165265625 0.095401865625 0.60428676875 0.1469430484375 0.6647128125 0.16933170625 0.664100225 0.1856811078125 0.6521863125 0.20844755781250002 0.67408080625 0.22755252656249997 0.6767218875000001 0.2156327140625 0.6633183359375 0.19489856562500002 0.6418878796875 0.18215615624999998 0.6459432453125 0.1698868828125 0.656117328125 0.154605775 0.6593068234375 0.10308011406249999 0.5962129015625 0.06540813125 0.6003961078125 0.0694483453125 0.6055165265625
3 0.2228711921875 0.8182787078124999 0.23399013124999998 0.8309306546874999 0.239629425 0.8235361343750001 0.23255956718749998 0.8144801125000001 0.24630596875 0.8127529453125 0.2590262046875 0.8125088265624999 0.290083728125 0.8084373109375 0.30590009218750003 0.8006950515625 0.31051325625000004 0.7947835750000001 0.323688890625 0.803707171875 0.33033372499999997 0.8000734265625 0.320246015625 0.7833624828125 0.3054646515625 0.7880972093749999 0.2819922125 0.80010209375 0.2524560921875 0.8049980250000001 0.2438315046875 0.8008344468749999 0.226002828125 0.804682571875 0.21783592187499998 0.809305590625 0.2228711921875 0.8182787078124999
3 0.1165145390625 0.70155609375 0.1109195921875 0.7013281171875 0.10228176874999999 0.699451284375 0.09818161875 0.704621225 0.1007004296875 0.7089172234375 0.1078190671875 0.7095885125 0.11600367656249999 0.7141356078125 0.12361765625000001 0.704895234375 0.1358314625 0.7042492671875 0.1389209734375 0.6978944921875 0.1313380328125 0.6895800046875 0.1257630421875 0.685921903125 0.1191087390625 0.692893840625 0.1246836984375 0.696551940625 0.1165145390625 0.70155609375
3 0.0905979125 0.6700028546875 0.0874840828125 0.680550003125 0.0935477296875 0.6876589421875 0.07825110156250001 0.6935163140625 0.0924772203125 0.6967644953125001 0.10117719843749999 0.68796981875 0.09566429062500001 0.67364023125 0.1002530328125 0.6719211375 0.10987939218750001 0.67879403125 0.1165248265625 0.673346590625 0.11201812656250001 0.660964071875 0.09674138593750001 0.663391315625 0.0905979125 0.6700028546875
5 0.826322 0.738877 0.025063632513557366 0.011956171939110227
5 0.844163 0.71627 0.01958579215447771 0.010170837452429993
5 0.857322 0.694635 0.019594882513557323 0.011733337452429816
5 0.455167 0.206214 0.015697722872636887 0.013136669961943959
4 0.025450185937499998 0.6411840765625 0.0271983125 0.6367384859375 0.0283987609375 0.6277537546875 0.0258560203125 0.620767375 0.023595221875 0.6146528171875 0.021051210937500002 0.607881465625 0.0155949046875 0.608304403125 0.0109669890625 0.6143533484375 0.016661492187499998 0.6223285109375001 0.0217507640625 0.6356561703125 0.0156129171875 0.65454879375 0.0186971015625 0.6671494953125 0.02177503125 0.6808253718749999 0.0174318296875 0.6923609078124999 0.020812989062500002 0.7032530203125 0.0207792109375 0.7090589828125 0.0207366765625 0.7163701984374999 0.0227242484375 0.720107665625 0.024383553125 0.730929609375 0.024364787500000002 0.7341551515625 0.03258420625 0.7309432625000001 0.0282296 0.7117616 0.025720637499999997 0.6989692453125 0.026630345312499998 0.6906179328125 0.027263864062499997 0.6748115125 0.02588151875 0.6657215421875 0.020466496875 0.659048290625 0.02366953125 0.6512205984375 0.025450185937499998 0.6411840765625