2 0.01640625 0.63984375 0.03203125 0.015625
2 0.07890625 0.62109375 0.01953125 0.0109375
2 0.16171875 0.59140625 0.0296875 0.02421875
2 0.1 0.61796875 0.02578125 0.01875
2 0.24609375 0.58203125 0.02734375 0.02109375
2 0.32421875 0.5484375 0.02578125 0.01796875
2 0.35078125 0.54453125 0.02421875 0.02109375
2 0.28046875 0.79140625 0.0171875 0.01328125
2 0.359375 0.77265625 0.0265625 0.01796875
3 0.1080402546875 0.5326833078125001 0.124328340625 0.5269006796875 0.13722310625 0.522274575 0.1460458171875 0.514178903125 0.1555471734375 0.50030060625 0.1697992765625 0.4875788296875 0.19151670781250002 0.4806396609375 0.201018109375 0.4765918359375 0.1935527359375 0.4656048421875 0.184730025 0.46387005937500003 0.165048575 0.4696526875 0.15079651875 0.4823744625 0.1446884796875 0.4939397171875 0.1358657703125 0.501457128125 0.1317937140625 0.50666149375 0.124328340625 0.510131059375 0.10736160937499999 0.515335425 0.0897161875 0.522274575 0.0815721234375 0.5280572015625 0.07885745 0.5355746109374999 0.06948483125 0.53917216875 0.07003473906249999 0.558126859375 0.089037496875 0.5482963875 0.0937881984375 0.5390441953125 0.1080402546875 0.5326833078125001
4 0.1481339921875 0.5371226453125 0.1604269671875 0.52700958125 0.16424202968749999 0.5208694984375 0.170176578125 0.510756434375 0.1803500671875 0.50281045 0.18882798125 0.488002021875 0.20112092812500001 0.46380289062499996 0.216805084375 0.45405100000000004 0.22909803125 0.4388813984375 0.23545648749999998 0.4331025015625 0.23036972812499998 0.42551769687499996 0.2231635125 0.4331025015625 0.2125661140625 0.4392425796875 0.20451210937500003 0.4475497421875 0.19391471093749998 0.4576628125 0.19009965 0.4634417109375 0.187132375 0.4713876953125 0.183741221875 0.4789724984375 0.17950227968750002 0.484751396875 0.1756872171875 0.49053029375 0.171024365625 0.4963091859375 0.16551372656250002 0.5024492703125001 0.159155271875 0.5082281625 0.1506773859375 0.519424778125 0.14516671875 0.5266484015625 0.1375366234375 0.533510834375 0.129058709375 0.5414568171874999 0.1188852203125 0.5465133609375 0.1099833984375 0.5504863531249999 0.116765734375 0.5573487859374999 0.13244986406249998 0.5504863531249999 0.138808290625 0.543985090625 0.1481339921875 0.5371226453125
2 0.18984375 0.2078125 0.02265625 0.01171875
2 0.2546875 0.165625 0.0296875 0.0171875
2 0.27890625 0.14296875 0.0265625 0.01484375
2 0.103125 0.23125 0.0203125 0.0125
2 0.053125 0.26484375 0.034375 0.01328125
2 0.028125 0.28046875 0.02421875 0.0125
2 0.13515625 0.4125 0.02421875 0.015625
2 0.07265625 0.44765625 0.02734375 0.01015625
2 0.05703125 0.45546875 0.0203125 0.01640625
2 0.29453125 0.36015625 0.01640625 0.01796875
2 0.31484375 0.35390625 0.01875 0.02109375
2 0.39609375 0.76796875 0.028125 0.015625
2 0.18828125 0.8046875 0.025 0.015625
2 0.12578125 0.81484375 0.0203125 0.0109375
2 0.0984375 0.8203125 0.01640625 0.01796875
2 0.04375 0.8296875 0.01796875 0.0125
0 0.1116484515625 0.681943196875 0.10527245468749999 0.620010840625 0.1479914953125 0.6064291921875 0.15181706875 0.612948384375 0.1588306390625 0.620010840625 0.1148364078125 0.7053036265625 0.119299596875 0.7112795546874999 0.118662021875 0.717798765625 0.1173867890625 0.7286640921875 0.18114654218749998 0.7840772203124999 0.160634490625 0.611781390625 0.1734953546875 0.5841552921875001 0.155642640625 0.5874148781249999 0.1173867890625 0.60371286875 0.07084221874999999 0.618381046875 0.038324746874999996 0.6314194328125 0.0236599875 0.64989048125 0.0284989125 0.6559925421874999 0.033223982812500004 0.643914553125 0.075305365625 0.6341357734375 0.082956553125 0.633592509375 0.088057315625 0.700414228125 0.0988965015625 0.7118228375 0.1116484515625 0.681943196875
0 0.1090980265625 0.8041780624999999 0.1224875953125 0.7992887 0.13077635625 0.8041780624999999 0.17285778125 0.7938560171875 0.1652065921875 0.7851637484375 0.1326891640625 0.79222620625 0.1250379765625 0.7704955874999999 0.12376278593750001 0.7465918765625 0.10973564375 0.7335534906250001 0.10272207343749999 0.7275775624999999 0.0784933625 0.7047603812500001 0.061278265624999995 0.6895489015625 0.0395999375 0.6699913421875 0.0284989125 0.6559925421874999 0.0255727953125 0.66347213125 0.036411939062499996 0.7330102078125 0.0491638890625 0.8101539890625 0.059365459375 0.819389540625 0.09762131093750001 0.8101539890625 0.1090980265625 0.8041780624999999
1 0.29633310156250003 0.053302414062500005 0.351319115625 0.2875224125 0.5477777796875001 0.20037450781250002 0.49106810312500004 0.0036445921875000002 0.29633310156250003 0.053302414062500005
1 0.383193440625 0.48162111718749995 0.4323330171875 0.7531526859375 0.6500578609375001 0.7177758328125 0.582208640625 0.4261323234375 0.383193440625 0.48162111718749995
2 0.6453125 0.76796875 0.02734375 0.01875
3 0.38151246250000004 0.5165468078125001 0.3773127640625 0.50183578125 0.2989184828125 0.5304626453125 0.267654075 0.5411977296875 0.26625419687499996 0.526884284375 0.2494381640625 0.5308866828125 0.2503886703125 0.5439808890625 0.24245592187499998 0.5491496265625 0.24665561875000003 0.5634630578125 0.38151246250000004 0.5165468078125001
3 0.220524171875 0.4162251640625 0.22285734375000002 0.42457466874999994 0.36144726875 0.35738104531250003 0.3586474796875 0.3458507796875 0.220524171875 0.4162251640625
3 0.120215528125 0.44206886718750005 0.017089709375 0.48938272656250004 0.01755635625 0.5001178109375 0.125815134375 0.4480328078125 0.14588032812500001 0.4480328078125 0.167812078125 0.4476352 0.1804111703125 0.440478490625 0.1972099609375 0.444852040625 0.1934768796875 0.431333796875 0.1818110484375 0.43014101406250005 0.16827872500000002 0.43769531875 0.120215528125 0.44206886718750005
0 0.2801102890625 0.782391046875 0.272386440625 0.78696923125 0.27406552500000003 0.7992730781249999 0.4386173453125 0.770659471875 0.411080075 0.6743799796875 0.38455032031249997 0.523300096875 0.2468641078125 0.5713709687499999 0.25141262656249996 0.582596771875 0.24302969062500002 0.5845677593749999 0.2801102890625 0.782391046875
0 0.308163434375 0.1393985953125 0.286712359375 0.1561529078125 0.29028758906249996 0.1690994328125 0.29654410468750003 0.210985225 0.2925220546875 0.2315473453125 0.2889468859375 0.24182839843749998 0.2920751734375 0.2623905203125 0.30458826562499997 0.31113035 0.31084484218749997 0.342354315625 0.2911813515625 0.3480660109375 0.28179648749999997 0.3004685171875 0.2777744359375 0.271910028125 0.271964771875 0.2281203234375 0.26123923437499996 0.1736687921875 0.22548742187499998 0.2136506890625 0.2625799078125 0.2334512390625 0.2674957796875 0.260105846875 0.2697302765625 0.276098609375 0.22369983750000003 0.3792899765625 0.2089522203125 0.2989454015625 0.20350039843749998 0.2543933609375 0.1897452875 0.219666528125 0.211633596875 0.3857632296875 0.225040540625 0.4002328765625 0.36089739062500004 0.3358810625 0.3099510796875 0.12226349375000001 0.1799038953125 0.20336962343749998 0.20984601249999998 0.20146572968749998 0.308163434375 0.1393985953125
0 0.10707012812500001 0.2545163359375 0.0016023374999999999 0.3139180125 0.0042837140625 0.471941696875 0.143268821875 0.40835144218749997 0.10707012812500001 0.2545163359375