6 0.4609375 0.23671875 0.02578125 0.02890625
6 0.490625 0.27421875 0.0234375 0.03046875
6 0.66875 0.33046875 0.0359375 0.0421875
6 0.78046875 0.3640625 0.028125 0.03515625
5 0.56484375 0.475 0.04140625 0.034375
5 0.68984375 0.48515625 0.02265625 0.03046875
5 0.77265625 0.48984375 0.0359375 0.025
6 0.48046875 0.678125 0.03828125 0.021875
6 0.446875 0.7078125 0.028125 0.02421875
6 0.659375 0.6375 0.0265625 0.02421875
6 0.77734375 0.6140625 0.025 0.02734375
5 0.8484375 0.4921875 0.01640625 0.0203125
5 0.32578125 0.53828125 0.01953125 0.02890625