5 0.837641 0.162761 0.03125 0.01484375
5 0.776704 0.169793 0.03671875 0.01875
5 0.712641 0.170574 0.03359375 0.01953125
5 0.914204 0.200261 0.02578125 0.01640625
5 0.829048 0.203386 0.03203125 0.015625
5 0.745454 0.210418 0.02421875 0.0171875
5 0.390766 0.194793 0.03671875 0.01640625
5 0.339985 0.198699 0.0265625 0.01484375
5 0.291548 0.200261 0.03671875 0.0171875
5 0.241547 0.240105 0.03046875 0.0234375
5 0.828266 0.0 0.03046875 0.02109375
5 0.765766 0.0 0.02734375 0.02421875
5 0.702485 0.0 0.0265625 0.0171875
5 0.531391 0.004949 0.02734375 0.02421875
5 0.49936 0.004949 0.02734375 0.021875
5 0.426704 0.01198 0.03515625 0.01875
5 0.373579 0.017449 0.03828125 0.0203125
5 0.325141 0.022136 0.03046875 0.01484375
2 0.920454 0.251824 0.0328125 0.01796875
2 0.943891 0.469011 0.0328125 0.01875
2 0.845454 0.469793 0.03984375 0.01640625
2 0.53061 0.475261 0.03203125 0.02421875
2 0.450141 0.47448 0.028125 0.0171875
2 0.850141 0.68698 0.03203125 0.0171875
2 0.518891 0.681511 0.0421875 0.0140625
2 0.448579 0.679949 0.02421875 0.0125
0 0.29366857031250004 0.337433353125 0.299765978125 0.27972070000000004 0.08734228125 0.267683765625 0.052820267187500006 0.29983268281250003 0.028430537500000002 0.3243168234375 0.29366857031250004 0.337433353125
0 0.6915255703125001 0.30158154531250003 0.5131149109375001 0.2936701453125 0.47659130000000005 0.33830778437500003 0.48116440625 0.3488009921875 0.7037203843750001 0.35667090468749996 0.6915255703125001 0.30158154531250003
3 0.30856665625 0.3296934640625 0.34648781875 0.333476603125 0.3398927515625 0.5283089328125 0.358028934375 0.5292547187500001 0.381111390625 0.5292547187500001 0.38276018437500003 0.5235799765625 0.366272684375 0.5160136953125 0.366272684375 0.3192897953125 0.325054046875 0.3192897953125 0.326702840625 0.310777696875 0.34154154531250003 0.310777696875 0.33923168125 0.2968137265625 0.3069178625 0.29753667500000003 0.305269178125 0.3069945578125 0.30856665625 0.3296934640625
3 0.7421863765625 0.3514465828125 0.72405019375 0.533037859375 0.77845874375 0.5406041703125 0.77845874375 0.5311462890625 0.763619928125 0.5320920734375 0.763619928125 0.3438802703125 0.7174552375000001 0.341042915625 0.7174552375000001 0.333476603125 0.7372401046875 0.3353681734375 0.7372401046875 0.321181365625 0.69767015 0.3240187203125 0.70756269375 0.3514465828125 0.7421863765625 0.3514465828125
3 0.026631471875 0.5229377078125 0.00684649375 0.5125340406250001 0.002003665625 0.5122997093749999 0.0019003328125 0.7565473218750001 0.0134414484375 0.7537099984375 0.0249826765625 0.73290263125 0.026631471875 0.5229377078125
3 0.45200733125000003 0.7338484171874999 0.4256275078125 0.7338484171874999 0.4256275078125 0.7423605140625 0.45530491875 0.7414147296875 0.4816847421875 0.72817370625 0.47673858124999996 0.5361787640625 0.45860239687500004 0.5182087828124999 0.42263215781249996 0.5164636890625001 0.4190325515625 0.5342871609375 0.44706116875 0.5305040203125 0.45200733125000003 0.5427992578125 0.45200733125000003 0.7338484171874999
3 0.7850537 0.9354530328124999 0.7735124718749999 0.926940934375 0.7702148828125 0.91086255625 0.766917515625 0.7396749171875 0.77845874375 0.7311628203125 0.7685661984375 0.7235965078125 0.7435426875 0.7257037015625001 0.7487813328125 0.7415664875 0.750430015625 0.9231577953125001 0.7487813328125 0.9345072156249999 0.7850537 0.9354530328124999
3 0.379462596875 0.9638266484375 0.3860576625 0.954368796875 0.3613264125 0.9534229812499999 0.36297520781250003 0.748187015625 0.379462596875 0.7415664875 0.38276018437500003 0.7321086046875 0.331979465625 0.7340316609374999 0.33824406875 0.76426539375 0.3398927515625 0.9562603671875 0.3316491125 0.9638266484375 0.379462596875 0.9638266484375
1 0.33659527499999997 0.7708859203125 0.00925588125 0.7839994265625 0.00684649375 0.9515314109374999 0.334946590625 0.9363987859374999 0.33659527499999997 0.7708859203125
1 0.3628013796875 0.771507484375 0.36957016249999997 0.9335614624999999 0.80648725 0.9061336000000001 0.7998922953125 0.7548075109375 0.3628013796875 0.771507484375
1 0.4816847421875 0.5628125671875 0.48971515 0.708006784375 0.7932973375000001 0.7046807734375 0.7768098390625 0.564704153125 0.4816847421875 0.5628125671875
1 0.40089636874999995 0.5580836265625 0.0365239046875 0.55619205625 0.0348752203125 0.7188675828125 0.40089636874999995 0.717921796875 0.40089636874999995 0.5580836265625
1 0.4140862796875 0.35050079843750004 0.412437484375 0.4999352859375 0.7899999703125 0.50939316875 0.7850537 0.3665791765625 0.4140862796875 0.35050079843750004
1 0.39100382499999997 0.3514465828125 0.016508095312500002 0.33324855468750003 0.011792765625 0.490477403125 0.39100382499999997 0.50182685625 0.39100382499999997 0.3514465828125
0 0.0437039046875 0.7267446953125 0.049713815625000005 0.7842787015625 0.3300003171875 0.77009189375 0.3332977953125 0.7218566953125001 0.0437039046875 0.7267446953125
0 0.4933412578125 0.7152937500000001 0.49322596875 0.76725450625 0.72405019375 0.75495926875 0.72405019375 0.711453028125 0.4933412578125 0.7152937500000001
0 0.7224012875 0.5125340406250001 0.4816847421875 0.507805115625 0.4783872640625 0.552257140625 0.7224012875 0.555094496875 0.7224012875 0.5125340406250001
0 0.34154154531250003 0.504967759375 0.063647496875 0.4987667734375 0.0563088828125 0.5494197859375001 0.33659527499999997 0.5503655703125 0.34154154531250003 0.504967759375
4 0.719103921875 0.16592039375 0.6828315546875 0.1488962140625 0.6152330921875 0.138492546875 0.5327958140625 0.130926234375 0.5064158812499999 0.13281780468749999 0.43057366874999997 0.1375467453125 0.4091400078125 0.1403841171875 0.40089636874999995 0.15646251093750002 0.4091400078125 0.1687577484375 0.43057366874999997 0.1697035328125 0.43057366874999997 0.15457094062500001 0.453656125 0.1479504140625 0.49817224062500004 0.1479504140625 0.5542295859374999 0.1479504140625 0.603691865625 0.14984199843749998 0.6432615984375001 0.15835408125 0.6729390109375 0.1649746078125 0.7026164203125 0.18389035781250002 0.719103921875 0.19051086875 0.743835059375 0.205643478125 0.7619712437499999 0.220776103125 0.80648725 0.22361345781250003 0.82297475 0.22361345781250003 0.8427596171875 0.225505028125 0.8378214875 0.20728814999999998 0.8147311109375 0.207535046875 0.7850537 0.202806121875 0.750430015625 0.1848361421875 0.719103921875 0.16592039375
3 0.8048726625 0.2858816078125 0.8071895046875 0.2752496265625 0.7562205375 0.275914121875 0.731894396875 0.2878750953125 0.524543340625 0.27458513125 0.4897918 0.283888096875 0.48870612031249994 0.3050637703125 0.5060092265625 0.30382304531250004 0.524543340625 0.2852171109375 0.6809254296875 0.2911975765625 0.7457949828125 0.29252659062499997 0.7585372234375 0.2858816078125 0.8048726625 0.2858816078125
3 0.05539723125 0.2539856859375 0.050763703125000004 0.27657861875 0.050763703125000004 0.2865461046875 0.0218040328125 0.281894609375 0.0218040328125 0.2991715734375 0.054238809374999995 0.2971780640625 0.073931421875 0.2805656171875 0.0843569 0.24933421406249998 0.10868296250000001 0.2486697171875 0.11910843906249999 0.23870223125 0.11910843906249999 0.228070271875 0.09362395625 0.22408328437499997 0.062347521875 0.22341878906249998 0.0611891796875 0.23803773593750002 0.0924655359375 0.23803773593750002 0.0727730015625 0.2486697171875 0.05539723125 0.2539856859375