1 0.78392710625 0.9441499828125 0.812678971875 0.6579188890625 0.6712952046875 0.6530182640625 0.6516743984375 0.929195128125 0.78392710625 0.9441499828125
1 0.8220005875 0.5920028328125 0.8563008203125 0.258231471875 0.7022482796875 0.25412193906249997 0.6769754828125001 0.5828309046875 0.8220005875 0.5920028328125
1 0.6225895718750001 0.631994253125 0.64522845625 0.253306296875 0.4985858796875 0.252017371875 0.48338342812499996 0.623161240625 0.6225895718750001 0.631994253125
1 0.5972716250000001 0.9697714203125001 0.61797960625 0.6504376765625 0.481305271875 0.6387597875 0.47036630781250005 0.96528088125 0.5972716250000001 0.9697714203125001
1 0.42419924218749994 0.954731059375 0.431937471875 0.6364684203125 0.297565915625 0.6280581890625 0.29781060937500003 0.9480949593749999 0.42419924218749994 0.954731059375
2 0.252769 0.647833 0.011065932588823203 0.020122784200867015
2 0.249593 0.312366 0.014935795285270271 0.01956904735504663
2 0.250334 0.380563 0.008540246071058633 0.01608002630835923
2 0.444961 0.305728 0.010830492142117265 0.03179603157003106
2 0.443666 0.383989 0.012555657981717339 0.018651289462538755
2 0.641237 0.313243 0.011883569892376045 0.020949536831702975
2 0.635182 0.392794 0.011211481803034929 0.023247784200867018
2 0.615978 0.670555 0.010684942927905538 0.028671031570031147
2 0.61114 0.740776 0.00928510876750579 0.015344278939195276
2 0.548713 0.163714 0.010357457195929065 0.021639781570031123
2 0.751312 0.17003 0.014263707195929065 0.021867294724210673
2 0.688031 0.166344 0.009321496071058633 0.016125528939195187
5 0.014306 0.637861 0.014935795285270292 0.01956904735504672
5 0.015522 0.662217 0.016352746071058567 0.01653505261671846
5 0.016335 0.72885 0.017607031017246654 0.02673680524755433
5 0.017459 0.772001 0.01564427067816443 0.01805204998588259
5 0.023906 0.818595 0.020586481803034927 0.023793815770898164
5 0.005704 0.48617 0.01600814371369372 0.02586454998588259
5 0.0 0.432453 0.0176798056243525 0.028299305247554328
5 0.0 0.377584 0.016825781017246643 0.02669130261671846
5 0.168048 0.381254 0.010357457195929065 0.021639781570031148
5 0.170261 0.434652 0.015717045285270313 0.01961454998588259
5 0.172401 0.489612 0.013518844499481996 0.022603042093374624
5 0.204734 0.316804 0.011175094499481997 0.022466534200867017
5 0.20522 0.390469 0.012664819892376222 0.020995039462538757
5 0.206669 0.460273 0.012101893713693723 0.025637036831702886
5 0.178306 0.766485 0.01906036910658786 0.024484060509226423
5 0.179394 0.810417 0.013555231803034928 0.023384292093374625
5 0.181898 0.857565 0.013628006410140791 0.024946792093374626
0 0.6475492859374999 0.33330201875 0.6299801265625 0.5762961343749999 0.6739033625 0.5817552 0.6907705640625 0.3332739828125 0.6475492859374999 0.33330201875
0 0.6091897937499999 0.9152949453125 0.6474961546875 0.9160756359375 0.6640432734374999 0.7039729984374999 0.6209306890625 0.7011700140625 0.6091897937499999 0.9152949453125
0 0.43760140312500007 0.567383340625 0.4812100703125 0.5706484578125 0.489449890625 0.322150903125 0.4443023359375 0.321313459375 0.43760140312500007 0.567383340625
0 0.4284201203125 0.8987319625 0.468636296875 0.9032498890625 0.4776748421875 0.69129175625 0.43220071562499995 0.6893795390624999 0.4284201203125 0.8987319625
0 0.2446559109375 0.711182721875 0.24257582656249999 0.8690524875 0.247080509375 0.87076525625 0.2915878 0.8726323109375 0.290887925 0.7086955875000001 0.2446559109375 0.711182721875
0 0.241225725 0.517171234375 0.2901366390625 0.5229208234375 0.28853751562499996 0.3335496078125 0.2364863046875 0.33555033437500004 0.241225725 0.517171234375
2 0.251055 0.180062 0.012519270678164496 0.017870039462538935
2 0.160954 0.213983 0.01099315798171734 0.018560284200867017
3 0.8457507874999999 0.5884645046875 0.641400525 0.5780932875 0.6399460484375 0.6093214828125 0.651664559375 0.60499395625 0.8389107828125001 0.61840483125 0.8445571093750001 0.636268915625 0.8457507874999999 0.5884645046875
3 0.635310428125 0.6779399078125 0.461160309375 0.6615342125 0.46005391875 0.6389245390625 0.4483157234375 0.641139575 0.45072267187500004 0.6847241609375 0.634263203125 0.7004242296875 0.64279968125 0.687143740625 0.645748109375 0.6547500453125 0.6392872765625001 0.6543737453125 0.635310428125 0.6779399078125
3 0.45052565156249996 0.5938650265625001 0.4497155359375 0.611258546875 0.4586716796875 0.6080806328125 0.45817053281250003 0.57117889375 0.28444740468749996 0.561060675 0.2810513578125 0.5257924328125 0.256818484375 0.5206234890625 0.255019690625 0.5595727375 0.26339844375 0.5660539078125 0.26456055312500004 0.5476238796875 0.2762020875 0.552001453125 0.2765711328125 0.5832048046875 0.45052565156249996 0.5938650265625001
3 0.4680523140625 0.27620830625 0.4697238046875 0.25270986875 0.4592758984375 0.255585115625 0.4584174734375 0.297234784375 0.6702151421875 0.30906855625 0.6747636375 0.26716226249999997 0.6647627875000001 0.26507366875 0.6639312140625 0.28912306249999997 0.4680523140625 0.27620830625
2 0.448784 0.190012 0.010847608767505613 0.015435284200867016
3 0.6194746640625 0.9250655140624999 0.616358296875 0.9658377093749999 0.6237083453125 0.9648536062499999 0.6249877406250001 0.950453103125 0.7967684421875 0.9650478390625 0.7966047281249999 0.9816316140625 0.8064977125 0.9783242718749999 0.80765621875 0.936025840625 0.8005468828125 0.9405544546875 0.8001041078125001 0.950061 0.6241233296875001 0.93416249375 0.6244185124999999 0.9278248078125 0.6194746640625 0.9250655140624999
3 0.270010775 0.8660554312500001 0.26132551875 0.8647692125 0.2588665125 0.9079362296875001 0.26657861562499996 0.9060443218750001 0.2681255921875 0.8920878578125 0.2766053359375 0.8929719281249999 0.27687195937500003 0.9257627749999999 0.43987880625000003 0.935647025 0.43961308125 0.9461664828125 0.44766370312500003 0.946635378125 0.448997509375 0.91175118125 0.442156865625 0.9108080390625 0.44153451875 0.9193558062499999 0.2868744171875 0.9083969625 0.28808256875 0.877642915625 0.27056093125 0.8735009343750001 0.270010775 0.8660554312500001
3 0.214614896875 0.9188450671874999 0.213256021875 0.9628076875 0.22401834531249998 0.9646329328125001 0.2234142953125 0.9295441046875 0.23399950625 0.8945077671874999 0.23301371718750002 0.71235049375 0.254895484375 0.7046368453125 0.26096563125 0.6963018812499999 0.2613051734375 0.6335602421875 0.26654009218749997 0.6320675203125 0.26724937656250003 0.5946583578125 0.2578304453125 0.5990687828125 0.255435496875 0.6856490328125 0.23236564531249998 0.6929938812499999 0.2272867625 0.709620103125 0.2293771375 0.8939389421874999 0.22199389218749999 0.915679603125 0.214614896875 0.9188450671874999
3 0.2193456515625 0.344545134375 0.22628677968750002 0.334179725 0.252470865625 0.33242707656250003 0.25648900937499997 0.32704214062500003 0.261609771875 0.3268721421875 0.263030521875 0.2848127609375 0.24981515937499998 0.28544779375 0.2514331140625 0.30848609374999997 0.22315295625 0.31479913125 0.21661109843749998 0.33970339374999997 0.2122519296875 0.340854209375 0.210807971875 0.3140801171875 0.19866498906250002 0.3158481125 0.19922530624999998 0.34899219062500003 0.20135051874999998 0.3495841859375 0.20050227031249998 0.367796421875 0.2115271734375 0.3679703 0.21838126562500002 0.35947284375 0.2193456515625 0.344545134375
4 0.247619590625 0.19215629218750002 0.284005775 0.20185731406250002 0.3019636390625 0.19049671875000002 0.31050523281250003 0.20271147812499998 0.3204131515625 0.20259929375 0.3047180765625 0.182386125 0.26726450156250003 0.1870972171875 0.24579363281250002 0.18033265 0.21501282187499998 0.1778506421875 0.190307309375 0.1895074859375 0.16251640625 0.2078771625 0.157637609375 0.22758129375 0.132558759375 0.25575848749999996 0.0980814765625 0.29150212343750004 0.1523723703125 0.299489009375 0.1343282390625 0.27017872187499997 0.1667418421875 0.23760397656249999 0.1785210953125 0.2143233609375 0.2176931421875 0.1897240203125 0.247619590625 0.19215629218750002
4 0.511236790625 0.20475325312499998 0.5246788234374999 0.21380718437500001 0.5441957015625001 0.2114976453125 0.5598690734375 0.21516752968750003 0.5730122 0.2221362921875 0.573727365625 0.21528542968750003 0.5588332453125 0.20338990781250002 0.5057594765625 0.19478470625 0.46524167812500006 0.197249565625 0.44653606874999996 0.1906460828125 0.40244026875000005 0.2026563046875 0.40913618124999995 0.2112130921875 0.43697000625 0.20042770625 0.4454898703125 0.19609915312499998 0.4625512984375 0.203985384375 0.4917199140625 0.2070627703125 0.511236790625 0.20475325312499998
3 0.8782615843749999 0.44838858750000005 0.8786524703125 0.42440786875000003 0.8669500203125 0.42625294843750006 0.8687691609374999 0.387195284375 0.876391253125 0.3794274953125 0.8888939140625001 0.274666596875 0.8748725484375001 0.279534971875 0.8727595328125 0.3015204109375 0.8811156140625 0.3013754265625 0.8721055078125 0.3779145546875 0.8666750000000001 0.3775982640625 0.8596804328125 0.449833075 0.8782615843749999 0.44838858750000005
4 0.1111282296875 0.7690556953125001 0.108809259375 0.6846047953125 0.117845503125 0.64161321875 0.14316624218750001 0.6349284109375 0.16570651249999999 0.6376011234375001 0.17093020625 0.60934679375 0.1429970875 0.60500005 0.12092038281249999 0.6091539265625 0.1040684515625 0.63537105 0.09461143749999999 0.704176821875 0.10183825625000001 0.767154678125 0.10535745468749999 0.8258367812499999 0.1142480109375 0.8698724265625 0.1315646109375 0.9007995640625 0.1500610671875 0.9399549421875 0.1517415078125 0.9840616546875 0.167904396875 0.9763525062499999 0.160109034375 0.9255809140625001 0.1343868453125 0.8737652546874999 0.1203775 0.8389509828125 0.1111282296875 0.7690556953125001
1 0.2963536171875 0.23210085937499997 0.295838365625 0.231057871875 0.29695491875 0.555884290625 0.43623628124999997 0.5679919499999999 0.44216995312499996 0.23923376875 0.2963536171875 0.23210085937499997