3 0.3838415703125 0.5895770875 0.36839283906250003 0.58690326875 0.3707695671875 0.6056200015625001 0.06773674843750001 0.6738023859375 0.0689251125 0.6497380140625 0.035650918749999996 0.65040646875 0.036839284374999996 0.6898452984375 0.0855622078125 0.6905137531250001 0.380276478125 0.6203260046875 0.3838415703125 0.5895770875
3 0.543576184375 0.755310090625 0.5447963328125 0.7419265859374999 0.3837367234375 0.8184527781250001 0.358723678125 0.8187959453125 0.3593337515625 0.8493377890625 0.3745856078125 0.8472787875 0.37092516249999996 0.8325226156250001 0.543576184375 0.755310090625
3 0.5582179671875 0.514063840625 0.5557776703124999 0.5281336796875 0.5679791562500001 0.5253883453125 0.5649287843749999 0.501023503125 0.36787479218749997 0.5240156781249999 0.368484865625 0.5552438546875 0.384346796875 0.555587021875 0.3825165734375 0.5373991828125 0.5582179671875 0.514063840625
3 0.6649809671875 0.5679410265625 0.676572378125 0.5651956921875 0.671691784375 0.5432330171875 0.56858923125 0.562793525 0.5624884875 0.550096353125 0.5527272984375 0.5524985203125 0.553947446875 0.5754906953125001 0.569809378125 0.5744611953125001 0.6649809671875 0.5531848546875 0.6649809671875 0.5679410265625
3 0.6984657421875 0.6681007734375 0.7133267156249999 0.6702441828125 0.7319981953125 0.67088720625 0.7457160171874999 0.669601159375 0.764387496875 0.669601159375 0.7662927484375001 0.6843906859375 0.77962951875 0.68524805 0.780391621875 0.6741023203125 0.7742948109375 0.6726019328125 0.7742948109375 0.66274225 0.7502886234374999 0.6597414765625 0.732760296875 0.6638139546875 0.7022762484375 0.66081318125 0.6763648078125 0.66081318125 0.6595985828125001 0.66274225 0.65883648125 0.6813899125 0.669124846875 0.6805325484375 0.669124846875 0.6717445703125 0.6984657421875 0.6681007734375
3 0.744953915625 0.36009281406250004 0.732760296875 0.4685493390625 0.6778890109375 0.4706927484375 0.67141115 0.525135353125 0.6763648078125 0.527064421875 0.6820805671875 0.5238493078124999 0.6820805671875 0.5163473734374999 0.687034225 0.5124892359375 0.6923689328125 0.47905204687499997 0.7506696734375 0.4781946828125 0.761339090625 0.36888079218750003 0.8074462125 0.3686664515625 0.808970415625 0.3577350625 0.8169724781250001 0.35730638125 0.8173535281250001 0.34508894687499997 0.8066841124999999 0.343588559375 0.7990630999999999 0.35902110781249996 0.744953915625 0.36009281406250004
3 0.6851742468750001 0.3624969953125 0.6968455515625 0.361595903125 0.6931839640625 0.331602365625 0.5869979765625 0.313709225 0.5799036531249999 0.296073540625 0.5715758937500001 0.29514750312500004 0.5685274890625001 0.32151144062500003 0.58758001875 0.3221544640625 0.6854030953125 0.3382962015625 0.6851742468750001 0.3624969953125
3 0.39369518124999997 0.25895776718749997 0.3822653203125 0.25824340156250003 0.3809953359375 0.27717410625 0.07810404374999999 0.219310440625 0.0603242609375 0.2178817078125 0.0603242609375 0.1918073390625 0.0279396578125 0.1900214234375 0.026034681250000004 0.2393126953125 0.0749290828125 0.239669878125 0.38798024999999997 0.29360453125 0.39369518124999997 0.25895776718749997
4 0.8302942390625001 0.32891392656249996 0.8538269156249999 0.33323038125000004 0.8558732359375 0.3430143484375 0.8584311359375001 0.3576902984375 0.8584311359375001 0.36862531875000004 0.85791955625 0.37869704843749996 0.85791955625 0.388481015625 0.8609890359374999 0.39941603593749997 0.8645700937499999 0.4132286953125 0.8645700937499999 0.4276168796875 0.862523775 0.45294008750000003 0.8707090531249999 0.4540911421875 0.871220634375 0.4408540109375 0.8717322140625001 0.41236540312500003 0.8681511546875 0.38502785 0.8707090531249999 0.34934515 0.862523775 0.329489453125 0.831828978125 0.3217198328125 0.8103426218750001 0.3197054875 0.78936784375 0.3162523234375 0.7683930671875 0.3162523234375 0.7535572484374999 0.31538903125 0.7550919875 0.32718734375 0.792948903125 0.326324053125 0.8088078812499999 0.326324053125 0.8302942390625001 0.32891392656249996
0 0.7221782984375 0.5676303328125 0.7101218984375001 0.655114578125 0.7836659328125 0.6557927515624999 0.7872828515625 0.5818719546875 0.7221782984375 0.5676303328125
0 0.77040389375 0.3763857046875 0.7631700546875 0.4550537078125 0.8041618109374999 0.45641005312500005 0.8101900109375 0.3763857046875 0.77040389375 0.3763857046875
1 0.11815271093749999 0.25702735468750004 0.1265921890625 0.643585646875 0.3436073703125 0.6035734734375 0.3448130109375 0.2895796328125 0.11815271093749999 0.25702735468750004
1 0.4255908828125 0.2671999421875 0.42438524375000003 0.512698365625 0.5401266734375 0.49642222656249996 0.5473605125 0.28822328750000004 0.4255908828125 0.2671999421875
1 0.6064368671875 0.33298266875000004 0.5919691890625 0.5099856765624999 0.6655132218750001 0.4991349171875 0.6799809015625 0.34179891093750003 0.6064368671875 0.33298266875000004
1 0.57870715 0.5744120578125 0.5714733109375 0.751415065625 0.6474286234375 0.71411558125 0.6534568234375 0.56152678125 0.57870715 0.5744120578125
1 0.41353448437500007 0.5364344015625 0.40147808593749995 0.7948181015625 0.5316871937500001 0.74056430625 0.532892834375 0.5215146078124999 0.41353448437500007 0.5364344015625
1 0.1265921890625 0.6869886828125 0.14105986718750002 0.9487632453125 0.337579171875 0.8700952421875 0.337579171875 0.6388384406250001 0.1265921890625 0.6869886828125
0 0.349351728125 0.6285963531250001 0.3440904078125 0.8144525249999999 0.397755884375 0.7978793625 0.397755884375 0.6220854671875 0.349351728125 0.6285963531250001
0 0.356717578125 0.307787290625 0.35040399375 0.5214627000000001 0.401964940625 0.5155437125 0.40827852656249997 0.31429817656250003 0.356717578125 0.307787290625
0 0.55785050625 0.337142790625 0.5483367765625 0.49963296718750005 0.5768779640624999 0.496227484375 0.5881214640625 0.3405482734375 0.55785050625 0.337142790625
0 0.679799221875 0.36730563906249997 0.6763396828125 0.46265915468749996 0.7117999484374999 0.4621726578125 0.7152594859375 0.36633264374999996 0.679799221875 0.36730563906249997
0 0.661636646875 0.5755265828125 0.65558245625 0.6587176609375 0.6893129515624999 0.6562851734375 0.6945022578125 0.5711481046875 0.661636646875 0.5755265828125
0 0.5422825859375 0.5872025234375 0.5336337390625 0.7302327984375 0.5664993515625001 0.72147584375 0.5725535421875 0.581364553125 0.5422825859375 0.5872025234375
0 0.029406073437500003 0.26757364375 0.024216765625 0.529795815625 0.0968670640625 0.5273633265625 0.0934075265625 0.2666006484375 0.029406073437500003 0.26757364375
6 0.265516 0.501975 0.03203125 0.0109375
6 0.046297560937499996 0.7070505640625 0.0648165859375 0.9342703125 0.1076418296875 0.9323171328125 0.0983823171875 0.7044463265625 0.046297560937499996 0.7070505640625