1 0.28099700156249996 0.8026631328124999 0.31174250312499996 0.8025677953124999 0.3345500234375 0.8026253265625 0.33096939999999997 0.789353390625 0.3015775953125 0.777004271875 0.2944824546875 0.748188325 0.28783206093749997 0.7381688093750001 0.2501215109375 0.7401444546875 0.2507982734375 0.7498811140625 0.27170805468750003 0.74699476875 0.27286205625000004 0.7754993531250001 0.30715519375 0.78981198125 0.27636004375 0.7916113578124999 0.28099700156249996 0.8026631328124999
1 0.8872774640625 0.7906330374999999 0.9299382984375001 0.7900243953125 0.9222316375 0.7822250453125 0.8895718015625 0.7799445171875 0.859090740625 0.770951609375 0.6756240140625 0.771007528125 0.6644028390625001 0.7476641671875 0.604017684375 0.7439306359375 0.5893464734375 0.7369040484375 0.5616542109375 0.7343149984374999 0.562264234375 0.7474312515625 0.6485598 0.74683386875 0.6527339203125 0.7737900703125 0.8569119640625 0.77766400625 0.8814850062499999 0.7852095265625 0.8872774640625 0.7906330374999999
1 0.51008284375 0.7367722359375 0.5103409203125 0.7279027140625 0.5456247249999999 0.7286858875 0.5513836796875 0.5520506125 0.5668558046875 0.5525061515624999 0.570185646875 0.5445082453125 0.5296137171875 0.5419016875 0.525402525 0.7191482828125 0.492726159375 0.7174357875 0.48295491718749994 0.7465055625 0.52584308125 0.7486131796875 0.5242766984375 0.7385820671875 0.51008284375 0.7367722359375
1 0.6423418078124999 0.5574938046875 0.6506254328125001 0.3698671734375 0.64367754375 0.3659928484375 0.643810903125 0.3614095703125 0.6095633671875 0.3574979375 0.6088423046875 0.36610064531250003 0.6295139109375001 0.3674540125 0.6229082390625 0.545944715625 0.5947011625 0.54473646875 0.593901715625 0.556035225 0.6423418078124999 0.5574938046875
1 0.56334129375 0.166571465625 0.580221571875 0.1688062 0.5786161890625 0.159271525 0.5384903171875 0.1560526953125 0.5365360234375001 0.23042375312500002 0.5304758640625 0.35781342031249996 0.569837153125 0.3639264875 0.5710281234375 0.3553484078125 0.5527535625 0.3525005765625 0.56334129375 0.166571465625
1 0.25490888749999996 0.5428062421875001 0.2641419765625 0.3387251578125 0.258737453125 0.3303414515625 0.21466895468749997 0.326910075 0.21469662500000003 0.33946067343749997 0.2377730734375 0.3390499703125 0.235913959375 0.5323602140625 0.20676688125 0.531102696875 0.207847378125 0.5424999749999999 0.25490888749999996 0.5428062421875001
1 0.8358330359374999 0.7352929671874999 0.8290715328125 0.7352759125 0.8279409781249999 0.743817859375 0.8661028312499999 0.7458178375 0.8660395765625 0.7378879328125 0.8560636921875 0.73719646875 0.8537059203125 0.7272911484375 0.8854096078125 0.7289526687500001 0.8928449281249999 0.5643539421875 0.9078063265624999 0.565475340625 0.906538596875 0.5565248765625 0.8666693953125 0.5545766609375 0.86787903125 0.5635244296875 0.8731727843750001 0.5634645640625 0.8692744453125 0.7176507078125 0.8372722765624999 0.716142196875 0.8358330359374999 0.7352929671874999
1 0.9256588125 0.2090662640625 0.9267858562500001 0.198880696875 0.8869616046875001 0.197270090625 0.887604071875 0.2037364390625 0.8954763421875 0.2043872546875 0.8854324359374999 0.3782871875 0.87671010625 0.3783065625 0.8748090828124999 0.386545584375 0.9163024140625 0.3894778921875 0.9170729984375001 0.3899517828125 0.9164928265625001 0.381344471875 0.9028079953124999 0.3806272796875 0.9145106046875 0.206814284375 0.9256588125 0.2090662640625
0 0.913640490625 0.7083267359375001 0.9150512828125 0.5827825171875001 0.595533034375 0.5703245781249999 0.5894081156250001 0.703767640625 0.913640490625 0.7083267359375001
0 0.197582540625 0.705098215625 0.5741642890625 0.7085422453125 0.5804262718750001 0.5703903265625 0.1999074125 0.5612300140625 0.197582540625 0.705098215625
0 0.1981712015625 0.505065271875 0.5789066187499999 0.519873984375 0.5843724578125 0.383395275 0.20667801875 0.35678507187499997 0.1981712015625 0.505065271875
0 0.19745421093749999 0.298532940625 0.58583778125 0.3330353828125 0.594550271875 0.18772345625 0.20789624999999998 0.1454426984375 0.19745421093749999 0.298532940625
0 0.6064428640624999 0.332014746875 0.9308111234374999 0.3575887875 0.9376324890625 0.22589714375 0.6085194390625001 0.1890891359375 0.6064428640624999 0.332014746875
0 0.594886978125 0.521899971875 0.9262828593749999 0.5371240312500001 0.9263631359375 0.405936575 0.598740559375 0.38393864375 0.594886978125 0.521899971875
1 0.39177014374999997 0.144778171875 0.3957148828125 0.1244644859375 0.370619415625 0.122508015625 0.374050975 0.1390400765625 0.329506275 0.1331786390625 0.327422965625 0.1279393546875 0.21662389062499998 0.11315492812500001 0.215865728125 0.12464059062499999 0.24631363281250002 0.1301012203125 0.2476626890625 0.12215613125 0.32060477187499997 0.1317502390625 0.3210417828125 0.1359413515625 0.39177014374999997 0.144778171875
