1 0.38143692812499996 0.75726186875 0.3858371828125 0.7546704140625 0.3805157703125 0.74755363125 0.3749549546875 0.7437372 0.3697553859375 0.7415681453125 0.3667484828125 0.7445180453125 0.36575842187499996 0.7518548218750001 0.36921000937500004 0.7547671484375 0.374163553125 0.7574874609375 0.3737741453125 0.7631712625 0.36644977500000003 0.7650466296875 0.359150578125 0.7621566890625 0.34988618437499996 0.7611109359375 0.34516308906250004 0.7627878906250001 0.34279226406249996 0.7673835703125 0.3465792765625 0.768827740625 0.34807228125 0.776333346875 0.3460944953125 0.7805601875 0.350763609375 0.7830988796875 0.3523543265625 0.7741091296875 0.3510821703125 0.7708175734375 0.354763559375 0.7702463296875 0.359211825 0.7685709703125 0.3605541796875 0.770579190625 0.374736696875 0.77104650625 0.38041209062500003 0.769180734375 0.38143692812499996 0.75726186875
1 0.34281912812500004 0.7442907109375 0.3414125421875 0.73843408125 0.342649275 0.7384268859375 0.3441608359375 0.7384180921875 0.347050175 0.7437162703125 0.350162703125 0.742781784375 0.35382488749999996 0.7418441 0.354741765625 0.738356534375 0.35404145625 0.7328623453125 0.3518391890625 0.7275601703125 0.3450320390625 0.7235677140625 0.3396854546875 0.721216240625 0.3363173015625 0.7225187625 0.335780878125 0.7280201468749999 0.33334647031250003 0.7366482546875 0.32857238125 0.7399749859375 0.325878715625 0.743656165625 0.33060245625 0.7498600484375 0.3328845265625 0.7540621062499999 0.33122958125 0.759203446875 0.33080838125 0.7669034625 0.3303421578125 0.7711215109375 0.3374145359375 0.7749291484375 0.339142665625 0.7659385999999999 0.33842016875 0.76264384375 0.340318153125 0.759517121875 0.3444531796875 0.7571104828124999 0.34221250468750003 0.75107543125 0.338907934375 0.7483455234374999 0.33904833437500004 0.7457788515625 0.34281912812500004 0.7442907109375
1 0.7610285640625001 0.6354003390625 0.759229934375 0.6294597109375 0.9280183734375 0.5638092218749999 0.929650715625 0.5665768984375 0.9392877374999999 0.562177084375 0.9304435703125 0.54197445 0.9207135390625 0.5436180203125 0.9222084468749999 0.555114753125 0.754436840625 0.62313976875 0.750604546875 0.6124501046875 0.7442495015625 0.61605773125 0.753635934375 0.6362368296875001 0.7610285640625001 0.6354003390625
1 0.6523827734375 0.4921094046875 0.650010209375 0.4865688640625 0.838615046875 0.3846998078125 0.84370551875 0.3910180171875 0.8542786250000001 0.385955528125 0.8394974203125001 0.35612944375 0.83031418125 0.362530696875 0.834381478125 0.3720287859375 0.6395255109375 0.47948855312500005 0.6379267046875 0.46600872187500003 0.6308458296875 0.47279448437499993 0.6419477140625001 0.49732772968749994 0.6523827734375 0.4921094046875
1 0.739181940625 0.1389933015625 0.7372653031249999 0.13393766406250002 0.724671090625 0.1426024578125 0.73720780625 0.17381144531249998 0.7497097015625 0.1633848328125 0.752470553125 0.1624875875 0.7746126265625 0.20994254375 0.77109190625 0.21525011562500002 0.7930076265625 0.2646890484375 0.8143786140625 0.2530258125 0.8060382203125 0.239869459375 0.7898844296875 0.24948519062500002 0.7766241640625 0.2178231828125 0.77994316875 0.21304300937499998 0.7408547015625 0.12559101718750001 0.7369767609375 0.1284319625 0.741627634375 0.13523406093749998 0.739181940625 0.1389933015625
1 0.335151615625 0.438537603125 0.3469532921875 0.448333165625 0.351016190625 0.4441561734375 0.3630626703125 0.4586228390625 0.51747520625 0.352333046875 0.5224251546875001 0.3502275921875 0.52989808125 0.3294173265625 0.5113262328125 0.30927774218750004 0.5027025546874999 0.3155579671875 0.5122510421875 0.326924153125 0.5132741140625 0.3315907265625 0.356491265625 0.44464349218750004 0.3486625203125 0.43638231562499996 0.34213715312500004 0.430709409375 0.335151615625 0.438537603125
1 0.34610562968749997 0.6401254265625 0.35089237500000003 0.63490588125 0.3478692578125 0.6292126 0.3594178125 0.6416054921875001 0.4822060625 0.578071590625 0.4896812046875 0.5795856296874999 0.4957478578125 0.574195475 0.47976023593750006 0.5536848765625 0.47650283125000004 0.558376353125 0.47660331093749997 0.5677208203124999 0.36398695625 0.6322338578125 0.3517417125 0.62140253125 0.338981896875 0.6230342796875 0.3399422265625 0.63393124375 0.34610562968749997 0.6401254265625
1 0.48663672187499996 0.7294601000000001 0.4941579421875 0.739280553125 0.606196984375 0.69346099375 0.6129482546875 0.696017559375 0.617928825 0.6926130125000001 0.607081840625 0.6732082140625 0.6019059703125 0.6784300375 0.6018976265625 0.6856984546875 0.49455538906249996 0.7320098734375 0.48667224375 0.7227106828125 0.473017015625 0.7295393375 0.4772891515625 0.7367828515625 0.48663672187499996 0.7294601000000001
1 0.5047863875 0.59299614375 0.51219880625 0.6007405734375 0.516732409375 0.5981183546875 0.5257557687500001 0.6068917265625 0.663031921875 0.5375627109375001 0.6719004015625 0.5359535875 0.670885671875 0.524018596875 0.676867015625 0.519311271875 0.6729568031250001 0.5115464671875001 0.6721430109375001 0.5183004140625 0.66654025625 0.5079496156250001 0.6566675609375 0.5126795796875 0.664605128125 0.52301679375 0.6621259921875 0.52770374375 0.5210128875 0.5980934515625 0.5157637359375 0.59448980625 0.51079493125 0.588807846875 0.5047863875 0.59299614375
1 0.2396551390625 0.5660363421875 0.24615040000000002 0.551313375 0.2398326015625 0.5484130859375 0.2341645265625 0.5411034734375 0.2272324625 0.5390878796874999 0.2220674984375 0.5455794109375 0.22239063906249998 0.5517453031249999 0.2338486015625 0.556084203125 0.2312483640625 0.5610922890625 0.2176222640625 0.58261193125 0.21319243906250002 0.6199380640625 0.2126824203125 0.639619178125 0.1979625546875 0.627662965625 0.1904316375 0.6268256671875 0.1882378796875 0.6392689140625001 0.201492 0.6487890921874999 0.20567939062499999 0.6446528812500001 0.2132825390625 0.6510701265625001 0.2197375875 0.6439836828125001 0.225627996875 0.6219216390625 0.2217056875 0.614308165625 0.2280103 0.5875444562500001 0.2396551390625 0.5660363421875
0 0.8053710671875001 0.377674346875 0.6966223203124999 0.17035427812499998 0.5314442875000001 0.2870943375 0.6594565046875001 0.459456228125 0.8053710671875001 0.377674346875
0 0.8983648953125 0.553235271875 0.824009096875 0.4112879515625 0.6820179234375 0.48742668125 0.7727938015625 0.6094220734375 0.8983648953125 0.553235271875
0 0.740825640625 0.6457062734375 0.66116600625 0.5403792203125 0.5435984171875 0.5995148015625 0.6374922421875 0.6843977796875 0.740825640625 0.6457062734375
0 0.5861297375000001 0.6861973890625 0.482567203125 0.5942495046875 0.3924250546875 0.64535703125 0.500423865625 0.725661690625 0.5861297375000001 0.6861973890625
0 0.45877584687499995 0.5755882859375 0.3119262390625 0.44574110781250004 0.22574726875 0.5080662703125001 0.3690789359375 0.618515209375 0.45877584687499995 0.5755882859375
0 0.3875971046875 0.443940459375 0.534788146875 0.580175265625 0.621848746875 0.49893611718750003 0.5126031281250001 0.3569143453125 0.3875971046875 0.443940459375