2 0.153446 0.828292 0.01829613221398514 0.00947953912941557
2 0.247923 0.829305 0.021530259618646852 0.012622719847574616
2 0.216881 0.845888 0.034112105172143095 0.015039192720211859
2 0.27928 0.893172 0.02004960517214318 0.014957379488495093
2 0.308776 0.898468 0.01924107332097762 0.014171584308955687
2 0.426028 0.873572 0.016870041469812237 0.013376698770336048
2 0.425847 0.856389 0.019913195916316084 0.011051129488495093
2 0.343908 0.831871 0.01684275961864685 0.012595448770336049
2 0.588303 0.834354 0.020049605172143003 0.014957379488495093
2 0.681943 0.836934 0.01924107332097762 0.014171584308955331
2 0.777983 0.837937 0.016951887023308566 0.01572044877033605
2 0.898131 0.841925 0.023201887023308387 0.015756810206654138
6 0.517869 0.927714 0.015225695916316085 0.011023858411256526
6 0.516207 0.908196 0.016870041469812237 0.013376698770336048
6 0.389771 0.927678 0.020076887023308565 0.015738629488495092
5 0.329171 0.896006 0.013127482576804895 0.01804147287263689
5 0.249374 0.899595 0.01845982332097762 0.014167039129415571
2 0.038657 0.827398 0.017705855172143136 0.014943743949875809
5 0.4549 0.829663 0.01845982332097762 0.014167039129415571
5 0.39647 0.825316 0.018432541469812234 0.01338578912941557
6 0.50865 0.878559 0.014444445916316084 0.01101931323171641
6 0.452335 0.9031 0.012936509618646851 0.012572722872636888
6 0.463181 0.928032 0.012182541469812236 0.013349427693097127
6 0.163801 0.867287 0.01673363221398514 0.009470448770336048
5 0.918409 0.798066 0.01307291887447377 0.016478972872636888
0 0.1312124328125 0.78676913125 0.156590371875 0.7939832546875001 0.1917691171875 0.7860078359375 0.24849352812499997 0.785677821875 0.255558103125 0.8019962093749999 0.38156603125 0.800854128125 0.3821971671875 0.798396534375 0.3999936734375 0.7884773046875 0.40309222031249997 0.7778256125 0.40090791562500006 0.7622968078125 0.1359875203125 0.7593392109375 0.13156955937499998 0.776542375 0.1312124328125 0.78676913125
0 0.5916268578125 0.7975870953124999 0.5890737390624999 0.8082356140625 0.810976825 0.8093985421875001 0.8430544296875 0.79653331875 0.847215259375 0.78669341875 0.8451166671875001 0.7687101937499999 0.5747562859374999 0.7653752593750001 0.575938040625 0.793997484375 0.5916268578125 0.7975870953124999
0 0.2241701109375 0.5608763953125 0.2147459046875 0.59651310625 0.43489843125 0.6009581171875 0.44059035625 0.5628891953124999 0.2241701109375 0.5608763953125
0 0.5593934515625001 0.5650609296875 0.5602895046875 0.6018645609375 0.7832548765625 0.603839284375 0.7796174015624999 0.5674605890625 0.5593934515625001 0.5650609296875
0 0.5562429796874999 0.4366572921875 0.5559170171875001 0.4616074046875 0.7423530625 0.4633856625 0.73505733125 0.43807090468750004 0.5562429796874999 0.4366572921875
0 0.2798543296875 0.43417540312499997 0.27291181875000003 0.4612089453125 0.45389359375 0.46301893437499997 0.45803754531249996 0.438046609375 0.2798543296875 0.43417540312499997
0 0.3060218515625 0.3563156046875 0.30629586249999996 0.3640847671875 0.445265471875 0.3665481625 0.4464822953125 0.3473186875 0.336060596875 0.3393723703125 0.3348723421875 0.35778370625 0.3060218515625 0.3563156046875
0 0.5579234234375 0.3573040078125 0.557609153125 0.36630355312499996 0.6939516218749999 0.3659193234375 0.6942490140625 0.3417873515625 0.5798379046875 0.338772090625 0.57583680625 0.3596537140625 0.5579234234375 0.3573040078125
5 0.325584 0.350044 0.012018850362819754 0.008661927693097126
5 0.372405 0.351334 0.010483632213985138 0.009434087334017516
5 0.415346 0.351865 0.012827382213985139 0.009447722872636889
0 0.372551 0.324776 0.0956770877489479 0.033362466724316864
0 0.620317 0.32021 0.10628720553496276 0.02405109923787414
6 0.518754 0.320801 0.014608137023308565 0.015706813231716587
3 0.502634671875 0.296866296875 0.5280187468750001 0.2963303734375 0.52830351875 0.288175565625 0.5133154375 0.28748627187500003 0.5134510421875 0.2836030296875 0.52289965 0.2798597296875 0.5382618796875 0.277246759375 0.5364959296875 0.268521515625 0.53809545625 0.2597766890625 0.5272359390625 0.259451621875 0.5287904671875 0.266819240625 0.5230894968750001 0.274423190625 0.502986015625 0.27939321562499997 0.502634671875 0.296866296875
3 0.5554997734375 0.28762909531249997 0.554118446875 0.2975373875 0.5784669921875001 0.2970074875 0.5823681109375001 0.2816491015625 0.5784090546875 0.27643082343750003 0.5683465265625001 0.2755187515625 0.56096775 0.27187335 0.558778959375 0.260432846875 0.5505014890625 0.26028688125 0.5479773812500001 0.28068444375 0.5591364609375 0.27984303125 0.5653293078125 0.280389371875 0.568872303125 0.28269822968749997 0.5684439140624999 0.2875537890625 0.5554997734375 0.28762909531249997
3 0.5015128390625 0.35122716875000004 0.50040395625 0.3607456296875 0.5196223062499999 0.3588867171875 0.5683465156249999 0.3570502671875 0.572783278125 0.326353075 0.702368296875 0.32889925625 0.7129979046875 0.298748403125 0.732952221875 0.29804994375 0.7340339828125 0.2893081328125 0.7161914109375 0.28882956875 0.7142571875 0.29233502968749997 0.7010541640625 0.2924118421875 0.6957717171875 0.3176785203125 0.5617111078125 0.31729372499999997 0.5598224921875 0.3491408296875 0.5150357671875 0.3494013921875 0.51520650625 0.35192399218750003 0.5015128390625 0.35122716875000004
3 0.4512421125 0.35287849375 0.4521703921875 0.36335571718750004 0.47501309999999997 0.3614757171875 0.4616011078125 0.456479725 0.488749903125 0.457292390625 0.49190950625 0.44834436718750004 0.47795695625 0.44764905 0.4883042671875 0.358874796875 0.47925692968750006 0.3585391890625 0.479194675 0.35290999218749997 0.4512421125 0.35287849375
3 0.52044085625 0.4466253953125 0.5205992671875 0.45691297343750004 0.536929225 0.45623560156250004 0.5367590859375 0.5796986000000001 0.5183919671874999 0.5794172125 0.5179783687499999 0.5912611 0.552702565625 0.590088465625 0.552134275 0.45071170625 0.5394422359375 0.45097966874999995 0.5390397359375 0.44768192500000004 0.52044085625 0.4466253953125
3 0.869563375 0.8035270499999999 0.91588305625 0.8038399374999999 0.9161055749999999 0.790055934375 0.89170956875 0.7919449703125 0.8244074640625 0.5920019421875 0.83687451875 0.590764675 0.8363894234375 0.582420221875 0.8170138953125001 0.5813682109375 0.8155974359375 0.5848706578125 0.8021084093749999 0.5857256265624999 0.8691041687500001 0.7870292953125 0.8651950375 0.7952051906250001 0.869563375 0.8035270499999999
3 0.5187482046875 0.8360452890625 0.521407296875 0.8488419140625 0.5339150359375 0.8464396750000001 0.537074640625 0.8374916515624999 0.5374543359375 0.8266185734375 0.5347761328125 0.8217810890624999 0.5320332125 0.7965611015625 0.5406712671875 0.793793128125 0.5427127453125 0.7798044203125001 0.5108566 0.780378 0.51072900625 0.791443734375 0.5143274765625 0.79957595 0.5138312843749999 0.8063731296875 0.514290490625 0.8228708828125001 0.5187482046875 0.8360452890625
3 0.41962013750000005 0.7766381 0.41894888906250005 0.7958601468750001 0.464219478125 0.7965673843750001 0.4623980546875 0.78201878125 0.437749946875 0.7837151609374999 0.4606216515625 0.58829470625 0.47864852343750003 0.590907546875 0.48141240781250005 0.5784676156249999 0.46619256406250004 0.57700318125 0.4621465953125 0.5816856640625 0.44505355 0.58197923125 0.41962013750000005 0.7766381
3 0.1703633671875 0.5739202296875 0.165774128125 0.5841723890625 0.1966985734375 0.5871658937500001 0.2034788640625 0.581484815625 0.20185656875000002 0.5740896109375 0.2613196078125 0.446454328125 0.246395353125 0.44301513437500006 0.2336498375 0.4444996921875 0.23198051562500002 0.4519140484375 0.24471371562500002 0.4507821640625 0.185361515625 0.5752433828125 0.1703633671875 0.5739202296875
3 0.306648025 0.34929321406249997 0.30645055 0.3549481484375 0.329048346875 0.35544487812500003 0.32928970468749996 0.348533290625 0.3282185625 0.3152450046875 0.33420727499999997 0.311650371875 0.3346899921875 0.2978271984375 0.3327937109375 0.296163034375 0.3329765578125 0.29092698281249996 0.319035696875 0.290379890625 0.319475859375 0.2857705421875 0.30327169375 0.2860742140625 0.303515709375 0.29507697187500004 0.321608840625 0.29664690625 0.323800334375 0.3058477328125 0.31947984375 0.309642059375 0.318656034375 0.3492233546875 0.306648025 0.34929321406249997
1 0.07072785937500001 0.747050121875 0.4188030359375 0.7510426140625001 0.4377713734375 0.6061102890625001 0.139325140625 0.6054395859375 0.07072785937500001 0.747050121875
1 0.4579841828125 0.7472041453125 0.847761378125 0.7517563578125 0.805543484375 0.61279636875 0.468661284375 0.609942265625 0.4579841828125 0.7472041453125
1 0.5576178703125 0.5592786203125 0.8335660562499999 0.5608825515625 0.8036467984375 0.46798543593749997 0.5591095140625 0.4706116171875 0.5576178703125 0.5592786203125
1 0.2170747390625 0.554038803125 0.5186188781250001 0.557900834375 0.5223065734375 0.4676163796875 0.251750428125 0.464777571875 0.2170747390625 0.554038803125
1 0.2374404421875 0.4303603 0.46143752656250003 0.43387115 0.4684384 0.3712480734375 0.26267336874999997 0.3664276453125 0.2374404421875 0.4303603
1 0.5165425828125 0.43355055781249996 0.7390047265625 0.43506449375 0.72153569375 0.3685720890625 0.51677809375 0.37008636093749997 0.5165425828125 0.43355055781249996
3 0.751356871875 0.4589591265625 0.7821242671874999 0.4579021140625 0.7824539390624999 0.44846154687500006 0.7666618140625 0.448114415625 0.7352936359375 0.35742247968749996 0.7224364828125001 0.3568387703125 0.72288255 0.35244610625 0.710618525 0.3516394421875 0.709632996875 0.35471822343750004 0.6990716906250001 0.3554381796875 0.7017229921875 0.363324878125 0.7254188515625 0.3636260265625 0.7507686265625 0.4422802859375 0.7529188015625 0.4477553625 0.751356871875 0.4589591265625