0 0.78392710625 0.9441499828125 0.812678971875 0.6579188890625 0.6712952046875 0.6530182640625 0.6516743984375 0.929195128125 0.78392710625 0.9441499828125
0 0.8220005875 0.5920028328125 0.8563008203125 0.258231471875 0.7022482796875 0.25412193906249997 0.6769754828125001 0.5828309046875 0.8220005875 0.5920028328125
0 0.6225895718750001 0.631994253125 0.64522845625 0.253306296875 0.4985858796875 0.252017371875 0.48338342812499996 0.623161240625 0.6225895718750001 0.631994253125
0 0.5972716250000001 0.9697714203125001 0.61797960625 0.6504376765625 0.481305271875 0.6387597875 0.47036630781250005 0.96528088125 0.5972716250000001 0.9697714203125001
0 0.42419924218749994 0.954731059375 0.431937471875 0.6364684203125 0.297565915625 0.6280581890625 0.29781060937500003 0.9480949593749999 0.42419924218749994 0.954731059375
1 0.8457507874999999 0.5884645046875 0.641400525 0.5780932875 0.6399460484375 0.6093214828125 0.651664559375 0.60499395625 0.8389107828125001 0.61840483125 0.8445571093750001 0.636268915625 0.8457507874999999 0.5884645046875
1 0.635310428125 0.6779399078125 0.461160309375 0.6615342125 0.46005391875 0.6389245390625 0.4483157234375 0.641139575 0.45072267187500004 0.6847241609375 0.634263203125 0.7004242296875 0.64279968125 0.687143740625 0.645748109375 0.6547500453125 0.6392872765625001 0.6543737453125 0.635310428125 0.6779399078125
1 0.45052565156249996 0.5938650265625001 0.4497155359375 0.611258546875 0.4586716796875 0.6080806328125 0.45817053281250003 0.57117889375 0.28444740468749996 0.561060675 0.2810513578125 0.5257924328125 0.256818484375 0.5206234890625 0.255019690625 0.5595727375 0.26339844375 0.5660539078125 0.26456055312500004 0.5476238796875 0.2762020875 0.552001453125 0.2765711328125 0.5832048046875 0.45052565156249996 0.5938650265625001
1 0.4680523140625 0.27620830625 0.4697238046875 0.25270986875 0.4592758984375 0.255585115625 0.4584174734375 0.297234784375 0.6702151421875 0.30906855625 0.6747636375 0.26716226249999997 0.6647627875000001 0.26507366875 0.6639312140625 0.28912306249999997 0.4680523140625 0.27620830625
1 0.6194746640625 0.9250655140624999 0.616358296875 0.9658377093749999 0.6237083453125 0.9648536062499999 0.6249877406250001 0.950453103125 0.7967684421875 0.9650478390625 0.7966047281249999 0.9816316140625 0.8064977125 0.9783242718749999 0.80765621875 0.936025840625 0.8005468828125 0.9405544546875 0.8001041078125001 0.950061 0.6241233296875001 0.93416249375 0.6244185124999999 0.9278248078125 0.6194746640625 0.9250655140624999
1 0.270010775 0.8660554312500001 0.26132551875 0.8647692125 0.2588665125 0.9079362296875001 0.26657861562499996 0.9060443218750001 0.2681255921875 0.8920878578125 0.2766053359375 0.8929719281249999 0.27687195937500003 0.9257627749999999 0.43987880625000003 0.935647025 0.43961308125 0.9461664828125 0.44766370312500003 0.946635378125 0.448997509375 0.91175118125 0.442156865625 0.9108080390625 0.44153451875 0.9193558062499999 0.2868744171875 0.9083969625 0.28808256875 0.877642915625 0.27056093125 0.8735009343750001 0.270010775 0.8660554312500001
1 0.214614896875 0.9188450671874999 0.213256021875 0.9628076875 0.22401834531249998 0.9646329328125001 0.2234142953125 0.9295441046875 0.23399950625 0.8945077671874999 0.23301371718750002 0.71235049375 0.254895484375 0.7046368453125 0.26096563125 0.6963018812499999 0.2613051734375 0.6335602421875 0.26654009218749997 0.6320675203125 0.26724937656250003 0.5946583578125 0.2578304453125 0.5990687828125 0.255435496875 0.6856490328125 0.23236564531249998 0.6929938812499999 0.2272867625 0.709620103125 0.2293771375 0.8939389421874999 0.22199389218749999 0.915679603125 0.214614896875 0.9188450671874999
1 0.2193456515625 0.344545134375 0.22628677968750002 0.334179725 0.252470865625 0.33242707656250003 0.25648900937499997 0.32704214062500003 0.261609771875 0.3268721421875 0.263030521875 0.2848127609375 0.24981515937499998 0.28544779375 0.2514331140625 0.30848609374999997 0.22315295625 0.31479913125 0.21661109843749998 0.33970339374999997 0.2122519296875 0.340854209375 0.210807971875 0.3140801171875 0.19866498906250002 0.3158481125 0.19922530624999998 0.34899219062500003 0.20135051874999998 0.3495841859375 0.20050227031249998 0.367796421875 0.2115271734375 0.3679703 0.21838126562500002 0.35947284375 0.2193456515625 0.344545134375
1 0.8782615843749999 0.44838858750000005 0.8786524703125 0.42440786875000003 0.8669500203125 0.42625294843750006 0.8687691609374999 0.387195284375 0.876391253125 0.3794274953125 0.8888939140625001 0.274666596875 0.8748725484375001 0.279534971875 0.8727595328125 0.3015204109375 0.8811156140625 0.3013754265625 0.8721055078125 0.3779145546875 0.8666750000000001 0.3775982640625 0.8596804328125 0.449833075 0.8782615843749999 0.44838858750000005
0 0.2963536171875 0.23210085937499997 0.295838365625 0.231057871875 0.29695491875 0.555884290625 0.43623628124999997 0.5679919499999999 0.44216995312499996 0.23923376875 0.2963536171875 0.23210085937499997
