0 0.610764009375 0.72721278125 0.6784846546875001 0.6927085421875 0.6615015750000001 0.4872244796875 0.5914903234375 0.49601148906250003 0.610764009375 0.72721278125
0 0.44925715312500003 0.8187852953125001 0.4226998375 0.5182410281250001 0.27587216406250004 0.5471842875 0.303220575 0.8885329109375 0.44925715312500003 0.8187852953125001
0 0.42067430625 0.4931490171875 0.3932049125 0.1542863703125 0.24455833125 0.10926369843749999 0.275430575 0.4968680109375 0.42067430625 0.4931490171875
0 0.5608013265625 0.4058422796875 0.540367853125 0.1595897484375 0.4361534015625 0.122444665625 0.458187625 0.401042534375 0.5608013265625 0.4058422796875
0 0.5782294359375 0.7050713609375 0.5638494828125 0.46303662812499996 0.46716749999999996 0.4697500984375 0.486969053125 0.7385048078125 0.5782294359375 0.7050713609375
0 0.6547521125 0.46685995937499997 0.638732959375 0.2387540890625 0.572017084375 0.21865154375 0.590349384375 0.476422340625 0.6547521125 0.46685995937499997
1 0.24795025 0.7121310203125 0.231314821875 0.715492871875 0.2310532484375 0.738788540625 0.2412326421875 0.7357273671875 0.240478515625 0.7672382843750001 0.24262961718749998 0.7986139031249999 0.244549753125 0.8649254609374999 0.247246278125 0.8945509578124999 0.2552913015625 0.89374508125 0.26045609999999997 0.893504528125 0.264705409375 0.8997742421874999 0.2779254453125 0.896663990625 0.2742475265625 0.8635422640625 0.262084021875 0.871438765625 0.25508256406249996 0.87348956875 0.2537885921875 0.8679445578125 0.250218234375 0.7788575468750001 0.2454263078125 0.7799431015625 0.251654146875 0.7701671671875 0.24795025 0.7121310203125
1 0.1824611453125 0.42688348125 0.1847792296875 0.4444537046875 0.194365871875 0.4478877875 0.19791670156250002 0.4477224046875 0.2094401796875 0.45106624999999995 0.2172124453125 0.4511354265625 0.22560253125 0.44513937343750004 0.22764229062500002 0.45237437031249994 0.2444954734375 0.451521190625 0.2424494203125 0.417621865625 0.2268074484375 0.42136860781249996 0.2270829453125 0.4260987171875 0.215164334375 0.4270850109375 0.2067714859375 0.4274759140625 0.197385184375 0.42748191249999995 0.188441340625 0.4184126265625 0.1824611453125 0.42688348125
1 0.4200082453125 0.1445553296875 0.4239303609375 0.14303701875 0.423074075 0.12259736562500001 0.4146638421875 0.1216534671875 0.40920448593750003 0.1254693953125 0.4088999359375 0.13171646875 0.4137989453125 0.1354951734375 0.22506090156249997 0.07394300625 0.22367309687499998 0.0673295296875 0.21531455937500002 0.067273625 0.20757377031250002 0.0720862296875 0.207749040625 0.0636191328125 0.211584975 0.04340614375 0.196430746875 0.044683178125 0.197738340625 0.09257868124999999 0.20809962343750002 0.09832898749999999 0.21817354687499999 0.093407715625 0.24274055468750003 0.1020580640625 0.392576515625 0.149839853125 0.4140403359375 0.1568538921875 0.42065762656250005 0.1614429671875 0.4200082453125 0.1445553296875
1 0.4340288359375 0.48827067343749997 0.44061845625 0.49979023749999996 0.2487873171875 0.518974584375 0.245098140625 0.4962818265625 0.2312671078125 0.5015512078125 0.236178 0.5463686078125 0.2507972859375 0.5433224234375 0.4480272890625 0.51521385625 0.4452947546875 0.49878402812499995 0.452011584375 0.4921637 0.449915115625 0.47649268281249996 0.436929284375 0.4770975078125 0.4340288359375 0.48827067343749997
1 0.5726640484375001 0.4261837 0.567514815625 0.429417315625 0.56805824375 0.43874760625000003 0.5766564140625 0.43685023906250003 0.575873878125 0.4234146234375 0.5737388203125 0.4205202703125 0.5728476 0.40521860312499997 0.5670076125 0.4062390484375 0.55943758125 0.406591628125 0.44627023125000004 0.4073717890625 0.4369813265625 0.4070559828125 0.4297405109375 0.408141671875 0.4332474140625 0.4428282484375 0.445819359375 0.44294407343750003 0.4453411421875 0.434733421875 0.44313847656250005 0.4258546359375 0.4458531671875 0.424231303125 0.4636967671875 0.4219033234375 0.5633727078125 0.42100307968750006 0.5726640484375001 0.4261837
1 0.6028206671875 0.7276357140624999 0.5976257515625 0.71099114375 0.5932772546875 0.701624634375 0.5916207124999999 0.6949471546875 0.47255151093750003 0.754529825 0.4624050546875 0.7544395171875 0.4567158296875 0.7593307015625 0.4595387640625 0.7922862937499999 0.46770896406249995 0.7947201703125 0.4727331640625 0.7939232781250001 0.4718176875 0.7782051640625001 0.46886419687499997 0.7710252234375 0.59357515 0.713994215625 0.5931610421875 0.7286485046875 0.6028206671875 0.7276357140624999
1 0.5710616390625 0.46665737500000004 0.572084340625 0.49630197656249997 0.5821641734375 0.49614505312499996 0.6606907546875 0.48279856250000003 0.664686771875 0.48292500625 0.6657417718749999 0.505066909375 0.675104796875 0.506368603125 0.673277928125 0.4934641046875 0.676751503125 0.4926772171875 0.6753596468749999 0.48086515625 0.6704095031249999 0.4804706125 0.6688199531250001 0.46929285312499996 0.580788453125 0.48058163125000003 0.577811090625 0.46571791406249996 0.5710616390625 0.46665737500000004
1 0.7190506453125 0.25432061093749997 0.7192241015625 0.2411854234375 0.724569628125 0.24031134999999998 0.7215014937500001 0.22388910625 0.7138705203125 0.2258073 0.7134650875 0.2430164296875 0.686126603125 0.25429131875 0.6951736937499999 0.3854534421875 0.6898100281249999 0.3860157984375 0.6757523265625001 0.38635800625 0.6652226796875 0.38684843281250003 0.6635504546875 0.390364353125 0.6660013390625 0.4324444359375 0.663445571875 0.43287601875000004 0.6656469453125 0.4560448828125 0.6731257296875001 0.45680405 0.6750984953125 0.44233487031249996 0.671729809375 0.4006100953125 0.7047206874999999 0.395010378125 0.6962484921875001 0.26163362968750004 0.7113490703124999 0.2590550265625 0.7190506453125 0.25432061093749997
1 0.688933240625 0.6274990687499999 0.684305846875 0.6245891078125 0.67914188125 0.628580209375 0.6807374796875 0.6519471421875 0.6879367765625 0.650674165625 0.68856008125 0.6372054984375 0.7035355765625 0.636508003125 0.7261803734375001 0.6385788125 0.7306423578125 0.6346203828125 0.7416944703125 0.635043275 0.7430540390625 0.654358053125 0.752777021875 0.6535932390625 0.7513789109375 0.63615496875 0.74700568125 0.6376088578125 0.7461887203125 0.6235821703125 0.7398164734375 0.6229413109374999 0.7358365921875001 0.6190635171875 0.7234571921875 0.6280789437500001 0.7051856109375 0.6245542687500001 0.688933240625 0.6274990687499999
1 0.5496104671875 0.17496027812499998 0.5482343249999999 0.179635846875 0.551802940625 0.20977351249999998 0.561185071875 0.2067014203125 0.6471931390625 0.23146225 0.6492552390624999 0.258376203125 0.6574142890625 0.2626076484375 0.6581104109375 0.2609962671875 0.6579386656249999 0.2489684375 0.660278521875 0.24951823125 0.659752721875 0.23482995468749998 0.655149525 0.23504435156249998 0.652701953125 0.22132399062500002 0.5608491921875001 0.1924434875 0.557742603125 0.1758990828125 0.5496104671875 0.17496027812499998
1 0.7227830671875 0.379304615625 0.7259290609375 0.40315043125 0.734910071875 0.4027321328125 0.7339791078125 0.3942903859375 0.7371949640625 0.38916659062500003 0.7412605984375 0.398632678125 0.7426806453125 0.4079294078125 0.751661640625 0.40751111093750003 0.7524188625 0.4054277203125 0.7605236750000001 0.40505023281249997 0.759103628125 0.3957535046875 0.750981828125 0.3958391921875 0.7482342828124999 0.39391902968750003 0.7459380390625 0.3846631203125 0.744517984375 0.375366403125 0.737070328125 0.3757132828125 0.7227830671875 0.379304615625
1 0.7281808203125 0.4544733234375 0.7476091484375 0.4531178140625 0.7497961703125 0.4325877171875 0.75503690625 0.42963988750000004 0.759705925 0.42872136875000005 0.7608143890625 0.4213550046875 0.7518329890625 0.41915861093749995 0.7453882125 0.41885795000000003 0.7432525765625 0.43833420156249997 0.737881940625 0.4409876640625 0.73727895 0.428698728125 0.7266307421875 0.4297955015625 0.7281808203125 0.4544733234375