3 0.797510078125 0.19027310625 0.7992634796875 0.24048397656249998 0.799545015625 0.2584594234375 0.8197222328124999 0.25141668125 0.8226896265624999 0.227352178125 0.8116238640625 0.22767415781250003 0.8095408656249999 0.19776205 0.8130068859374999 0.187977715625 0.8087199703125 0.07512840937500001 0.7958447765625001 0.0731974578125 0.7935447390625 0.066808721875 0.7784665109375 0.07049920625 0.78091900625 0.10175999218750001 0.7926120578125 0.0995752640625 0.797557790625 0.09251459375 0.7984988109375 0.10954859374999999 0.8049568765625 0.18544521249999998 0.797510078125 0.19027310625
3 0.8558026156249999 0.5466462937500001 0.861675475 0.541569640625 0.868660590625 0.5382126890625 0.8716244968750001 0.5251612 0.857470865625 0.52662425625 0.854696378125 0.522500053125 0.8443500484375001 0.51999779375 0.8325125906249999 0.519991828125 0.829224721875 0.5162329640625 0.8233885328125 0.522359765625 0.8181206781249999 0.52216264375 0.8176134296875001 0.515169153125 0.8015958828124999 0.5159856296875 0.8019688359374999 0.5492639359375 0.8178885703125 0.5456470140625 0.8187563390625 0.5403655796875 0.8318832484375 0.5396332125 0.8450468296875 0.5399510046875 0.8558026156249999 0.5466462937500001
3 0.595707428125 0.467551709375 0.5974308953125 0.48677424374999995 0.6076671874999999 0.4861259609375 0.60652088125 0.4663456015625 0.8017927828125 0.44629685625000004 0.7982971984375 0.451654740625 0.799207865625 0.47020008906250005 0.8112713984375001 0.4691482484375 0.8176026484375001 0.4696648546875 0.8148955812500001 0.4243327359375 0.8043628265624999 0.4239863546875 0.7956909921875 0.42423867812499994 0.600541303125 0.4477879734375 0.5998630656249999 0.4660291390625 0.595707428125 0.467551709375
3 0.6255381625 0.810316059375 0.6252511468749999 0.802096978125 0.6187384171875 0.8022864796875 0.6178935078125 0.8173947 0.614250553125 0.8211573515625 0.616291365625 0.8402953375 0.6263594 0.843659021875 0.6245418484374999 0.830913678125 0.6284797671875 0.8257712015625 0.8235513796875 0.8996271109375 0.82721028125 0.8963211109375001 0.8274734515625 0.913682478125 0.8277923609375 0.9228148421875 0.8419570734375 0.9215819265625 0.8372942859375 0.900141428125 0.8424040171874999 0.8990785546875 0.8404827718749999 0.8735379984374999 0.8297610499999999 0.8711074796875 0.82060173125 0.8741164781249999 0.6255381625 0.810316059375
3 0.476341828125 0.5223101796875 0.46850196874999994 0.522538296875 0.467693509375 0.5384703890625 0.47214058124999997 0.5387955234375 0.4716729625 0.5547176984375 0.58981791875 0.557188928125 0.600384646875 0.5568814671875 0.606876903125 0.557147084375 0.6133533531250001 0.5569586390625 0.610685734375 0.521216765625 0.6005430640625 0.5223325390625 0.5963258875 0.5383638140625 0.4761833609375 0.5373143046875 0.47805412656249996 0.53226003125 0.476341828125 0.5223101796875
3 0.3729395125 0.45346298125000006 0.3723926125 0.4671148109375 0.369665696875 0.46719415625 0.3717822984375 0.4789503625 0.377917846875 0.4787718359375 0.3776008171875 0.489235271875 0.46603506406250006 0.4812077171875 0.46819920000000004 0.49432613437499995 0.47523375 0.49299155937499994 0.4743425171875 0.46505743437499997 0.46650265781250005 0.4652855515625 0.4613897140625 0.4654343234375 0.38364909375 0.476786946875 0.3821586625 0.453649278125 0.3729395125 0.45346298125000006
3 0.34060633125 0.5617358578125 0.3464976875 0.6947449156250001 0.3270300515625 0.7012895359375 0.320814996875 0.701802496875 0.3207803265625 0.7150883328125001 0.3173860890625 0.7178440937499999 0.32070512500000004 0.7343535640625001 0.32816549375 0.7338043671875 0.329297190625 0.714639653125 0.3546549953125 0.7054180796875 0.3488099734375 0.5737361375 0.3559749390625 0.5718670484375 0.3820920859375 0.5701107640624999 0.377266921875 0.5247505875 0.3819759921875 0.523949334375 0.38023823125 0.502744153125 0.37172662343749996 0.5033441296875 0.37322109375 0.51758185 0.3702323140625 0.5176688140625 0.3726894390625 0.559473846875 0.34060633125 0.5617358578125
3 0.327274703125 0.3370386078125 0.3278944546875 0.3333672453125 0.363284959375 0.33300172968749997 0.372986925 0.3323873125 0.3700675015625 0.3059025703125 0.3603771234375 0.3068487875 0.361778884375 0.318432228125 0.33997697968749996 0.3223878046875 0.3246449515625 0.318848484375 0.3212970578125 0.322931334375 0.31504724375 0.3224489546875 0.3082877109375 0.321649259375 0.3081601921875 0.30371845 0.2977342 0.30501816875 0.299083878125 0.32224918593749996 0.3032948171875 0.321462415625 0.30371191875000003 0.3334066421875 0.3104135 0.33254740156249996 0.312875253125 0.338786065625 0.327274703125 0.3370386078125
4 0.2819278953125 0.692189640625 0.2819414515625 0.7255609796875 0.28592858906249996 0.7407882781249999 0.29259161875 0.7501839953125 0.298836496875 0.7517284156249999 0.30351595468750003 0.7496743359375 0.29903381093750003 0.7450099640625 0.292012890625 0.7377343749999999 0.28678142812499996 0.71985819375 0.28611235625 0.7006985078125 0.284817459375 0.671863096875 0.2739632296875 0.6455198984375 0.272288209375 0.609922203125 0.264414953125 0.5991054796874999 0.26673635 0.6158544109374999 0.266723053125 0.631965284375 0.26863301875 0.641307503125 0.27307052187499997 0.661185340625 0.280345696875 0.6757415984375 0.2819278953125 0.692189640625
3 0.3024006453125 0.548859878125 0.29708601875 0.547663746875 0.29217190312499997 0.5521292140625 0.2834696921875 0.5526525890625 0.2845816609375 0.561265196875 0.294259159375 0.5596328390624999 0.29498004375 0.5628537296875 0.29811322812499996 0.565464115625 0.30029945625 0.5816098421875 0.30498745625 0.5822838953125 0.3139016890625 0.58202451875 0.3211668890625 0.5810026625 0.3195783859375 0.5548933296875 0.31177195 0.5558814015625 0.3110040015625 0.5629277921875 0.3075551859375 0.568701415625 0.3053690015625 0.5641723796875 0.3024006453125 0.548859878125
3 0.3100225515625 0.5298330859375 0.31927544375 0.5297261046874999 0.3181604390625 0.5047722875 0.30379157968750004 0.50486588125 0.29700613124999997 0.5058745609375 0.29660436875 0.515296659375 0.2959762390625 0.5252120890625 0.2934946671875 0.5273935296875 0.28968600312500004 0.529938075 0.281777184375 0.5301681968749999 0.28206575625 0.5374931562499999 0.2942841953125 0.5395391828125 0.297586378125 0.5399298515625001 0.300217925 0.538555290625 0.301943903125 0.5182240109375 0.30933205625000004 0.5170355453125 0.3100225515625 0.5298330859375
5 0.830878044001701 0.48024218250289447 0.015280259618646852 0.012931909012915455
5 0.8249529370154594 0.42254334276945116 0.015307541469812235 0.013713159012915454
2 0.8285392392850447 0.3684779683962718 0.012318950725639155 0.01752848079967011
2 0.8229216671451935 0.2747961645562058 0.012182541469812236 0.01362223079967011
2 0.8180307813030112 0.1795291286628285 0.012318950725639155 0.01752848079967011
2 0.8124032854793626 0.06316834276945119 0.012155259618646852 0.01284098079967011
2 0.8382639249497418 0.24385004143666764 0.01359127404661713 0.03161371285298138
2 0.8913368504476378 0.3079974579714305 0.013854168874474127 0.01679269490629274
5 0.8932887308475242 0.27431277975818513 0.013127482576804895 0.01833246285298138
5 0.8961706833872622 0.3344462977048738 0.009947918874473771 0.016679034639736124
0 0.81459443125 0.26597709375 0.797927875 0.258056915625 0.7931051375 0.138004075 0.782926628125 0.135358453125 0.765359275 0.14029842812499999 0.7784551390625001 0.4044523 0.7955608453125 0.40689635625 0.8071817843750001 0.4057177125 0.8125925796875 0.389170303125 0.8213503578125 0.387234434375 0.81459443125 0.26597709375
2 0.8426290542533199 0.6151938440230925 0.012482641832632169 0.02221598079967002
2 0.8474926582443368 0.7096796299164698 0.014744546279135662 0.019940426959604095
2 0.8547545759376846 0.805659719649913 0.015498514427969923 0.019181909012915454
2 0.8619718536124987 0.9227562914366676 0.012373514427970278 0.019090980799670376
2 0.8666146473597456 0.4510487759972614 0.029315477767481467 0.012559835972519551
5 0.9289162399180171 0.4883381758389769 0.011346727767481468 0.012036998746358663
5 0.8835963054344464 0.5342333490376573 0.014444445916316084 0.011346676959604096
5 0.911294719499597 0.5435939771717604 0.015280259618646852 0.012931909012915455
0 0.8510064296875001 0.8212809406250001 0.857264559375 0.9463350671875 0.8704745109375001 0.9455304421875 0.8481381015625 0.549598725 0.83552856875 0.5495453703125001 0.8376976921875 0.5936091234374999 0.82577654375 0.5952167562499999 0.8160001781249999 0.5770099640625 0.7886384468750001 0.5785992640625001 0.8041369515625 0.8510538406249999 0.8221579515625 0.85263078125 0.8302566656250001 0.8498735796875 0.8408660109375001 0.8197267187499999 0.8445418546875001 0.8166779828124999 0.8510064296875001 0.8212809406250001
1 0.7719355718750001 0.4251544734375 0.7506292078125 0.070769103125 0.6056475296875 0.141623284375 0.626890609375 0.4435155203125 0.7719355718750001 0.4251544734375
1 0.5998585109375 0.8362720421875001 0.5873861171875 0.559031209375 0.4907646484375 0.5583776203124999 0.49859096249999996 0.7975408640625 0.5998585109375 0.8362720421875001
1 0.47536565468749997 0.2598288515625 0.4904703296875 0.5325276109375 0.58373085625 0.5342795125 0.5641113796874999 0.21578684843749998 0.47536565468749997 0.2598288515625
1 0.3756559015625 0.26570710625 0.38563580468750003 0.47157282812499995 0.45736080625 0.4635318984375 0.44184643437500004 0.235818103125 0.3756559015625 0.26570710625
1 0.46723723906250003 0.7463559 0.45746385468749995 0.5144355609375 0.3870732 0.5206026984375 0.3972618046875 0.7245761468749999 0.46723723906250003 0.7463559
1 0.7984937609375 0.859193065625 0.7704107125 0.45994065468749995 0.6271494875 0.470431065625 0.6443552453125 0.806147721875 0.7984937609375 0.859193065625
0 0.579673825 0.4434984046875 0.6213023546875001 0.4409468203125 0.6070130953125 0.21886874843749998 0.571210715625 0.23061077812500003 0.579673825 0.4434984046875
0 0.45666875625000003 0.46182104218750003 0.48222965 0.4597369765625 0.47226236093749996 0.27506224218750003 0.44691184375 0.2831716453125 0.45666875625000003 0.46182104218750003
0 0.598977559375 0.7803859953125001 0.6375354546875001 0.79065683125 0.625569778125 0.563149853125 0.5892173656249999 0.564202296875 0.598977559375 0.7803859953125001
0 0.469419515625 0.7405951984375 0.49521422968750006 0.7452059265625001 0.4882128078125 0.5591045953125 0.460746134375 0.5566384249999999 0.469419515625 0.7405951984375
0 0.37202372499999997 0.33353186562500003 0.3537533203125 0.3375152609375 0.35487355468750004 0.342589628125 0.35939767968749997 0.44972570312500004 0.3689339640625 0.4509823453125 0.3828940375 0.447124353125 0.3760390921875 0.3084854890625 0.37061947812499996 0.3097937734375 0.37202372499999997 0.33353186562500003
0 0.36600465937500004 0.5832022578125 0.3700131625 0.6960533578125 0.39224667812499997 0.6984746687500001 0.38882665625 0.5593523140625 0.385665746875 0.5594442875000001 0.3846239375 0.5790347 0.36600465937500004 0.5832022578125
0 0.3461043703125 0.44796484062499997 0.3388696390625 0.339635990625 0.3090675328125 0.34190116718749997 0.31444164531249996 0.44735201093750004 0.3461043703125 0.44796484062499997
6 0.3238939232204613 0.5411344992085771 0.017569445916315995 0.01143760517284953
6 0.3274405638719669 0.6426969992085771 0.02703870435383653 0.10380696159934022
6 0.34404269899635886 0.2895121632360576 0.009756945916315995 0.011210284639736123
5 0.3600968072485449 0.5924780388628782 0.00970238221398514 0.009647784639736123
5 0.3600620909138089 0.6362735029695008 0.011264882213985139 0.009693248746358662
5 0.3632615019837345 0.6831030388628782 0.008948414065150522 0.010406302586424766
5 0.3653349226723071 0.7424780388628782 0.009729664065150523 0.010429034639736124
3 0.5892051 0.20907009062499998 0.596000571875 0.207777871875 0.5946514828125 0.169145003125 0.5905385843750001 0.1688998453125 0.5809714828125 0.16917821875 0.583597621875 0.189532359375 0.5795101765624999 0.19001612343750002 0.4629714265625 0.24557794843749997 0.46257688124999996 0.23427965 0.45350435468750006 0.2348362203125 0.45444072343749997 0.2520283015625 0.4574729859375 0.2526697296875 0.4581536046875 0.264324534375 0.4640272078125 0.2601404765625 0.5817866078125 0.20819145625000002 0.5892051 0.20907009062499998
3 0.47883752187499995 0.770072571875 0.482100125 0.7694912859375 0.481532903125 0.7845848156249999 0.4895835578125 0.7853232765625 0.490387540625 0.75611854375 0.479057315625 0.755475509375 0.393134934375 0.7287942546874999 0.3921508671875 0.700614259375 0.3840832453125 0.6993899359375 0.3844565125 0.7100789 0.379024496875 0.7112096671875 0.3820842734375 0.72571130625 0.3872197578125 0.726534590625 0.3884066515625 0.7396316578125 0.47883752187499995 0.770072571875