1 0.7577715359375 0.7271468953125 0.7583354546875001 0.7174493187500001 0.720578934375 0.71394083125 0.714041034375 0.7236777437499999 0.707276759375 0.7521707156249999 0.6780106828125 0.7633086765625 0.67458225625 0.776419125 0.6974030124999999 0.7772901484375 0.728168365625 0.7786370125000001 0.7326795953125 0.767787096875 0.701844740625 0.76473619375 0.7359922984375 0.7518365796875 0.736815434375 0.7234127390625 0.7577715359375 0.7271468953125
1 0.44608720625 0.7120202640625 0.4465450296875 0.6989443828125 0.41886600312500005 0.7004030234374999 0.40426758281249997 0.706824028125 0.3438890453125 0.708094878125 0.33293256250000003 0.7309537781250001 0.14935334218750002 0.7234290609375 0.11895830468749999 0.7311704406249999 0.0863050859375 0.7321186984375 0.07868444999999999 0.739595075 0.121378371875 0.741939703125 0.1271112734375 0.736758425 0.151611525 0.7302222031250001 0.3558689765625 0.734664871875 0.359732084375 0.707910528125 0.44608720625 0.7120202640625
1 0.4826423953125 0.685271425 0.47636688437499997 0.5080633484375 0.435800540625 0.5090151484375001 0.4392254453125 0.5171391390625 0.45470170468750004 0.517314003125 0.4625188109375 0.6939744937500001 0.4978150140625 0.6946286390624999 0.49817641874999996 0.7034981609375001 0.4839949640625 0.704728021875 0.482544309375 0.714683484375 0.525434103125 0.7143243265625 0.5153187609375001 0.6848912015625 0.4826423953125 0.685271425
1 0.39504506093749997 0.3292451796875 0.394223490625 0.3206233078125 0.360000578125 0.3231361015625 0.3601873328125 0.3277193796875 0.3532802734375 0.33130626875 0.3637514421875 0.5190478749999999 0.41220409843750005 0.5195630015625 0.41127273437499995 0.508245084375 0.38306251874999997 0.5083036 0.3743765953125 0.32975540937500003 0.39504506093749997 0.3292451796875
1 0.4658172125 0.1966725640625 0.46299663437499994 0.1223100421875 0.4228837421875 0.12389154843750001 0.42138829062500005 0.133349575 0.43825286406249997 0.13180467812500002 0.4510097984375 0.31794457343750004 0.4327572234375 0.32004507968749996 0.43404870000000007 0.32866148281249996 0.47336287656250003 0.3241580421875 0.4658172125 0.1966725640625
1 0.7891211375 0.31868229531250003 0.789002834375 0.3061476890625 0.7449473859375 0.3077809890625 0.7396370875 0.315934746875 0.7512496984375 0.5201499671875001 0.7983363359375 0.5217599203125001 0.7992849171875 0.5104201296875 0.770134696875 0.510489590625 0.7660258437499999 0.3173326453125 0.7891211375 0.31868229531250003
1 0.13925316875 0.5070018890625 0.09938232500000001 0.5073247359375 0.09821793437500001 0.5162129890625 0.113175409375 0.5157019921875 0.12252989375000001 0.6804084359375 0.15423358125 0.6800395296875 0.15198959218750002 0.6898371328125 0.14201566875 0.6901216640625 0.1420446171875 0.6980396 0.18020647031249998 0.6975955468749999 0.178975865625 0.68901769375 0.1722104390625 0.68875946875 0.1705475578125 0.6695727921875 0.13854342656250002 0.6697767203125 0.1328492 0.5156145140625 0.13814687812499998 0.515889815625 0.13925316875 0.5070018890625
1 0.087669446875 0.34007814375 0.1291539640625 0.3388384875 0.12715594375 0.330531834375 0.1184280703125 0.3301573984375 0.10635521875000001 0.1560545734375 0.11422471875 0.15572500625000002 0.11479235937500001 0.14929247031249998 0.074962565625 0.14927993906249998 0.0762087765625 0.159499321875 0.087337584375 0.15770385 0.1010691390625 0.3317873671875 0.08738430781249999 0.33194660468750004 0.086903903125 0.3405201015625 0.087669446875 0.34007814375
0 0.4184188765625 0.6673033562499999 0.410738 0.5337690187499999 0.09116988125 0.5332047265625001 0.094041878125 0.6586576671875 0.4184188765625 0.6673033562499999
0 0.8064990109375 0.54079100625 0.4258547359375 0.5344496796875 0.4337275359375 0.6726928765625 0.8104987921875001 0.6845834375 0.8064990109375 0.54079100625
0 0.79734615 0.33631260625000003 0.419730996875 0.34751548125 0.42678770468750005 0.48405504062500004 0.8075829671875001 0.48476347343750004 0.79734615 0.33631260625000003
0 0.7936688203125 0.12517098124999998 0.407270903125 0.1516611078125 0.4176789890625 0.2971555890625 0.8058979859375001 0.27850497500000004 0.7936688203125 0.12517098124999998
0 0.39330910625 0.1524564890625 0.0644235796875 0.17582282031250002 0.0727809546875 0.3076361671875 0.39704947343749997 0.2952973359375 0.39330910625 0.1524564890625
0 0.4053604578125 0.3474732859375 0.077794040625 0.35610776093749996 0.079400353125 0.48714309062499994 0.41082116874999997 0.4854280734375 0.4053604578125 0.3474732859375
1 0.7854525109375 0.10406907812499999 0.784560284375 0.09256615781250001 0.6738656375 0.1028224796875 0.6718420015625 0.107970746875 0.627338328125 0.1120118421875 0.6305796765625 0.09563906093749999 0.6054916687499999 0.0965715875 0.6096751046875 0.1170218 0.6803437921875 0.11107477343750001 0.680732315625 0.106906415625 0.7536072671875 0.10029311875 0.7550495625 0.1082837171875 0.7854525109375 0.10406907812499999
