0 0 0.8608864890625 0.2700199875 0.8760213078125 0.3381559703125 0.6497208390625 0.0944424515625 0.6562135828125 0 0.8606366265625001 0 0.8608864890625
1 0.3010969765625 0.96169745 0.308035303125 0.9265032812499999 0.287309284375 0.9267444499999999 0.2888289515625 0.904459709375 0.3661453109375 0.6200832890625 0.382656134375 0.6275989953125001 0.383214878125 0.6156025390625001 0.347988934375 0.61686885625 0.26605827656250003 0.9175710499999999 0.2704085890625 0.9586288421875 0.3010969765625 0.96169745
1 0.7139387765625 0.9683565968750001 0.7639702625 0.967774428125 0.765669821875 0.9312842265624999 0.737128265625 0.9384545421875 0.7370710593750001 0.9259185000000001 0.6945363203125 0.614135428125 0.71286811875 0.6059442125000001 0.70944443125 0.5968664453125 0.6778550625 0.6006531203125001 0.7132237609375001 0.901122571875 0.71579766875 0.9284454390624999 0.7139387765625 0.9683565968750001
1 0.1251713609375 0.6177928984375 0.12225298281250001 0.63861275 0.1508904828125 0.640877759375 0.1501546625 0.6252969015625001 0.2401558921875 0.45016778124999995 0.21842318125000001 0.44609026875 0.21793885937500002 0.4564888515625 0.222732475 0.4581652296875 0.1403656328125 0.6262768859375 0.1251713609375 0.6177928984375
1 0.4173106640625 0.6087774687499999 0.41521308437500004 0.6280219265625 0.44646260312499997 0.6276583062500001 0.4483254125 0.6048573109375 0.4781202765625 0.4293945953125 0.45461551250000004 0.42682068281249996 0.4539520515625 0.44106547812499997 0.465203 0.44022270937499997 0.43260369218749994 0.6157180546875 0.4173106640625 0.6087774687499999
1 0.6451160312499999 0.3085718515625 0.6590719796875 0.421594203125 0.6831100718750001 0.4213144953125 0.6824721109375 0.40922040312499997 0.6694195828125 0.41435526093749997 0.6695165453125 0.40367632656249997 0.6517558421875 0.2949693671875 0.6245790171875 0.293861890625 0.6245509609375001 0.3116585609375 0.6451160312499999 0.3085718515625
1 0.4574556125 0.322856990625 0.5170813 0.315044646875 0.5175329343749999 0.26236221406250004 0.626135596875 0.25184440937499997 0.630259290625 0.19769554218750002 0.64531499375 0.1925373765625 0.646912415625 0.1754343 0.6333240046874999 0.17488056093749998 0.6332933890625 0.184135015625 0.6223767296875 0.186397603125 0.6189854 0.23341941249999998 0.5102832187499999 0.2460739375 0.504924446875 0.300949028125 0.47070461874999997 0.30490648125 0.4574556125 0.322856990625
1 0.4035001171875 0.423856196875 0.4036404828125 0.4466338828125 0.4251063421875 0.44140112968749995 0.431046959375 0.4342134671875 0.4137201421875 0.43655064374999997 0.415118528125 0.4237210046875 0.44273164062500003 0.320892759375 0.43455052031249997 0.316004978125 0.41398545000000003 0.319091690625 0.4134878546875 0.3297752859375 0.43044976718749994 0.33527274687499997 0.40960660156250006 0.4131073359375 0.4035001171875 0.423856196875
1 0.3037946609375 0.32899045625 0.302534909375 0.3405481796875 0.321201409375 0.33733832812500003 0.3213393328125 0.3292138265625 0.32764577031250003 0.2970763765625 0.32420823125 0.2676174328125 0.32723195 0.2543291 0.326540746875 0.222700596875 0.3166956234375 0.22238763593750002 0.3140672890625 0.21686044531249998 0.30370109843750004 0.21740858749999997 0.3027432625 0.23281048593749998 0.3181224375 0.2330590546875 0.320332390625 0.24756905156250003 0.31654699218750004 0.2617212875 0.31832325 0.30103254218750003 0.3128581828125 0.3305950765625 0.3037946609375 0.32899045625
0 0.317405565625 0.8778090796875 0.6995489874999999 0.8812261453125 0.6788255999999999 0.6478028265625 0.3656535671875 0.6559404609375 0.317405565625 0.8778090796875
0 0.1744328171875 0.5963792406249999 0.40288365156249994 0.589227428125 0.42961392812500004 0.46096502656249994 0.22996183124999997 0.4725590171875 0.1744328171875 0.5963792406249999
0 0.4552847375 0.585063021875 0.7079930640625001 0.5686265015624999 0.6947006515624999 0.4363517375 0.4785069015625 0.4532068734375 0.4552847375 0.585063021875
0 0.4548764125 0.4104633578125 0.6471373328125 0.39810420468749996 0.6441861156249999 0.318849584375 0.46668100468749996 0.33019353906250004 0.4548764125 0.4104633578125
0 0.2266179796875 0.43167637656249996 0.4037269796875 0.41865003281249996 0.4199643671875 0.34507662968749997 0.2668668109375 0.351919078125 0.2266179796875 0.43167637656249996
1 0.45985689687500003 0.21107727656250003 0.47910266718749994 0.20700362656250001 0.47870107031250003 0.192379425 0.47021532187500004 0.19324810625 0.47034090156249997 0.1905518515625 0.47794067343749996 0.1854588046875 0.488646875 0.183409375 0.4906851625 0.1768411609375 0.48966945624999997 0.1614541625 0.48899737656250003 0.14798801718750001 0.48320128906250004 0.14690055 0.48154389062499997 0.1592388890625 0.480736590625 0.1765719515625 0.46833434687500003 0.18249082187500001 0.460174284375 0.1856655359375 0.45985689687500003 0.21107727656250003
1 0.5013251359375 0.19481096250000002 0.50159976875 0.2075117921875 0.521964734375 0.20265517812499997 0.5220640765625 0.172626328125 0.5081065421875001 0.17009394687499998 0.50678170625 0.1473961078125 0.4995959375 0.1482496625 0.4999299234375 0.17827346875 0.5031619328125 0.17862083125 0.5132015875 0.1815837734375 0.5137287640625 0.1935117234375 0.5102083296875 0.194707596875 0.5013251359375 0.19481096250000002
