1 0.6015625 0.655864196875 0.2907986109375 0.6496913578125 0.2604166671875 0.8827160484375 0.6536458328125 0.88580246875 0.6015625 0.655864196875
1 0.8802083328125001 0.6604938265625 0.636284721875 0.6574074078125001 0.6892361109375 0.87808641875 0.9678819437499999 0.8703703703125001 0.8802083328125001 0.6604938265625
1 0.746527778125 0.4737654328125 0.5260416671875 0.46141975312500005 0.5407986109375 0.5879629625 0.7977430562500001 0.5956790125 0.746527778125 0.4737654328125
1 0.5052083328125 0.46141975312500005 0.2864583328125 0.44753086406250003 0.2630208328125 0.5740740734374999 0.515625 0.5833333328125 0.5052083328125 0.46141975312500005
1 0.5095486109375 0.3317901234375 0.34288194375000003 0.325617284375 0.3333333328125 0.41203703750000004 0.5225694437499999 0.41512345625 0.5095486109375 0.3317901234375
1 0.7204861109375 0.3533950625 0.5625 0.34722222187499996 0.5772569437499999 0.42283950625 0.7526041671875 0.432098765625 0.7204861109375 0.3533950625
3 0.2967459859375 0.41987165624999995 0.295984121875 0.4293526296875 0.3226493578125 0.430707053125 0.323030290625 0.41377674531249997 0.3390294328125 0.3135493171875 0.3630281453125 0.31693537968749996 0.364551871875 0.3020367078125 0.333315453125 0.3020367078125 0.31045953593750003 0.41851723124999995 0.2967459859375 0.41987165624999995
3 0.5641295875 0.43990422812499996 0.5515193515625 0.43863527343750003 0.553422784375 0.44878691093749995 0.574836390625 0.4500558640625 0.5753122484375 0.43144453125000004 0.5522331390625 0.3328890640625 0.570315740625 0.3328890640625 0.5672226640625 0.3240063828125 0.5450952703125 0.321891459375 0.542240121875 0.3286592171875 0.562464084375 0.42763766875 0.5641295875 0.43990422812499996
3 0.5541365703125 0.6310933734375 0.5548503578124999 0.6179808437500001 0.5386711875 0.6192497984374999 0.5170196515625001 0.44413407656250004 0.526536809375 0.44413407656250004 0.5248713078125 0.4360973640625 0.501792196875 0.433982440625 0.5251092359375 0.6129050265625 0.52558509375 0.6319393437499999 0.5541365703125 0.6310933734375
3 0.649784015625 0.9301436531249999 0.6516874484375 0.968635271875 0.6885664390625 0.9690582578125 0.6911836578125 0.9166081374999999 0.68666300625 0.9030726234375 0.6209946109375 0.623479646875 0.587208696875 0.61586591875 0.587922484375 0.6340542671875 0.6031499390625 0.629401434375 0.6695321203125 0.9233758953125 0.649784015625 0.9301436531249999
3 0.8319834328125 0.616316884375 0.7554613625 0.45977318437500003 0.76300266875 0.46095613437500005 0.7603410312500001 0.45109821875 0.7421531765625 0.45346411875000003 0.81934065625 0.6222316328125 0.81667901875 0.6423417812500001 0.849062271875 0.6380042984375 0.8483968624999999 0.6261748 0.8326488421875 0.6281463828125 0.8319834328125 0.616316884375
3 0.21847605468750003 0.9392621999999999 0.19385591093750001 0.9372906171875 0.1907506671875 0.9656814125000001 0.21182196250000002 0.9629211968750001 0.2158144171875 0.985002928125 0.239769153125 0.9834256609375001 0.2413217734375 0.95897803125 0.23999095625 0.9325588171874999 0.291671078125 0.60882486875 0.26239306875 0.601332853125 0.258622415625 0.6159225671875 0.2719306015625 0.6159225671875 0.21847605468750003 0.9274327015624999 0.21847605468750003 0.9392621999999999
3 0.6715136796875 0.330830775 0.66812505 0.30572980625 0.67123129375 0.264564215625 0.6698193640625 0.25201373125000004 0.67123129375 0.234945071875 0.6853505890625 0.23544709218749998 0.6853505890625 0.22189256875000002 0.674619925 0.21888045156249997 0.6627597171875 0.2279168015625 0.6607830156250001 0.259042003125 0.6636068749999999 0.2675763328125 0.6588063140625 0.30271768906249996 0.663042103125 0.33886308593750003 0.6813971875 0.3413731828125 0.6811148015625 0.33434491093749996 0.6715136796875 0.330830775
3 0.4710196875 0.264564215625 0.47017253124999997 0.28213489375 0.469607759375 0.3092439421875 0.4710196875 0.3253085625 0.5243906234375 0.3318348140625 0.525802553125 0.3217944265625 0.51196564375 0.32129240625 0.5128128015625 0.3127580765625 0.47892649374999996 0.308741921875 0.47920887968750003 0.2776167203125 0.47723217812499996 0.250005653125 0.3693607625 0.23544709218749998 0.3702079203125 0.192273425 0.36004202812499997 0.18976332812500002 0.35750055468749997 0.1797229390625 0.34338125937499997 0.1812289984375 0.34394603125 0.1932774625 0.35919487031249997 0.1967915984375 0.36173634374999997 0.254021809375 0.4710196875 0.264564215625
3 0.4674866625 0.19433386875 0.468649565625 0.21035607656250002 0.48144148906249995 0.21449084062499998 0.4881281765625 0.21190661249999998 0.489581803125 0.196918096875 0.479406409375 0.1948507140625 0.47911568437499996 0.187098034375 0.492489059375 0.1865811890625 0.492779784375 0.1529862375 0.4846394703125 0.148851475 0.48405801875 0.1731432078125 0.47882495937499997 0.1798621984375 0.4698124671875 0.17624428125 0.4674866625 0.19433386875
3 0.5238874171875 0.20105286093750002 0.5102233171874999 0.20105286093750002 0.5119676703125 0.2175919125 0.5297019281249999 0.2170750671875 0.53144628125 0.18606434375 0.514874925 0.1808958890625 0.5105140421875001 0.1555704640625 0.5032459046875 0.15505361875 0.502664453125 0.185030653125 0.5105140421875001 0.19019910625 0.5212708875 0.19174964218749999 0.5238874171875 0.20105286093750002
6 0.507579 0.207752 0.0125 0.03359375
0 0.426329 0.195252 0.084375 0.05
0 0.626329 0.239002 0.075 0.084375
0 0.424766 0.289002 0.09453125 0.040625
0 0.62711 0.308533 0.084375 0.03359375
4 0.34304050468749997 0.14207969843749998 0.3688607578125 0.14207969843749998 0.39427116562500003 0.14280831249999998 0.42582925312500003 0.1435369265625 0.4594365671875 0.14499415468750002 0.4659940921875 0.1347935609375 0.45861687656249994 0.130421878125 0.44181321875 0.1282360359375 0.41763234687499995 0.1260501953125 0.38607426093749997 0.1311504921875 0.3627130796875 0.130421878125 0.3377125171875 0.130421878125 0.3262368484375 0.147179996875 0.3196793234375 0.1668525703125 0.3172202515625 0.2142124703125 0.3131218 0.24772870624999999 0.32664669375 0.245542865625 0.32664669375 0.19964019375 0.3278762296875 0.1704956390625 0.33320421875 0.15665197656250002 0.34304050468749997 0.14207969843749998