2 0.888971 0.546692 0.0109375 0.01484375
2 0.874908 0.50763 0.01015625 0.01328125
2 0.858502 0.469348 0.009375 0.01640625
2 0.806939 0.347473 0.009375 0.0140625
2 0.783502 0.290442 0.00859375 0.0171875
2 0.823346 0.296692 0.0171875 0.03046875
2 0.858502 0.293567 0.01484375 0.0265625
2 0.880377 0.402942 0.02421875 0.01953125
5 0.898346 0.330286 0.009375 0.01484375
6 0.907721 0.389661 0.0078125 0.00859375
5 0.920221 0.397473 0.00703125 0.01015625
2 0.837408 0.334192 0.01171875 0.0203125
6 0.821002 0.240442 0.009375 0.01171875
6 0.798346 0.247473 0.00703125 0.01328125
5 0.780377 0.27013 0.009375 0.0203125
2 0.722564 0.141223 0.01171875 0.0109375
5 0.706158 0.188098 0.0140625 0.02578125
2 0.488971 0.303723 0.0125 0.015625
5 0.163971 0.606848 0.01328125 0.0140625
5 0.213971 0.644348 0.01171875 0.0140625
5 0.245221 0.667005 0.009375 0.015625
5 0.274908 0.689661 0.00859375 0.01484375
5 0.199908 0.733411 0.0109375 0.01484375
5 0.22569 0.746692 0.01171875 0.0140625
5 0.248346 0.762317 0.0125 0.01640625
5 0.114752 0.781848 0.01171875 0.01796875
5 0.361627 0.835755 0.00859375 0.01484375
5 0.378033 0.845911 0.00703125 0.0125
5 0.392877 0.856848 0.009375 0.01328125
5 0.441314 0.811536 0.0078125 0.0125
5 0.413971 0.788098 0.0078125 0.0140625
5 0.388971 0.773255 0.00703125 0.0140625
5 0.365533 0.75763 0.0078125 0.0140625
2 0.210065 0.495911 0.009375 0.01484375
2 0.248346 0.467005 0.00859375 0.0125
2 0.318658 0.43263 0.00703125 0.01171875
5 0.473346 0.353723 0.01796875 0.01875
5 0.506158 0.334973 0.0140625 0.0140625
4 0.4677791046875 0.2263412578125 0.48845910937500003 0.2314664890625 0.526212153125 0.2590146203125 0.5517014734375 0.2772732625 0.569465790625 0.3038604109375 0.6048141796875 0.328845921875 0.6226086109375 0.35383143437500003 0.6476170031249999 0.36472255468750003 0.6721444484375 0.36444291562500003 0.6966719109375 0.3894284296875 0.7305775125 0.4320319265625 0.7731398546875 0.4605410359375 0.8087287015625 0.4855265484375 0.8637952625 0.5028242125 0.8724520171875 0.5361382359375 0.8880822359374999 0.5419041265625 0.878463621875 0.513074690625 0.8635547734375001 0.4919330921875 0.8472031531249999 0.48616720156250004 0.8053622140625001 0.47623707031249995 0.7784993453125 0.451180528125 0.7364179171874999 0.423632396875 0.7176616359375 0.40505343906249996 0.698183953125 0.37846627499999996 0.679668128125 0.3598873171875 0.6563825 0.35604339375 0.6246410859375 0.3461132515625 0.6102131828124999 0.3227293703125 0.5710173593750001 0.296992675 0.555627565625 0.27008519531249997 0.5234052390625 0.24926394375 0.493347084375 0.22812235625000002 0.443570759375 0.20634010625000002 0.39018747343750004 0.16726020156250002 0.3579651296875 0.14355599375 0.34325722812500004 0.1378999609375 0.402634771875 0.19090171875 0.42908595 0.20916036093749998 0.4677791046875 0.2263412578125
2 0.90694 0.584973 0.015625 0.0125
3 0.2720718234375 0.6354050109375 0.2710177484375 0.638681334375 0.279801640625 0.6419576421875 0.2878828234375 0.6222997515625 0.2806800203125 0.6180873421874999 0.27857189375 0.62744825 0.105703965625 0.557007428125 0.106406675 0.54834859375 0.09973093125 0.5462423875 0.090044653125 0.5669666203125 0.09867796718750001 0.5712828046875 0.1018401671875 0.568006490625 0.2720718234375 0.6354050109375
3 0.3764045796875 0.48817593437499995 0.372539671875 0.4977708734375 0.382026271875 0.502919371875 0.3955534515625 0.4753046890625 0.3864182171875 0.4699221765625 0.3864182171875 0.48209134843749996 0.183705959375 0.3772492078125 0.1866924890625 0.3662501453125 0.17773292499999999 0.36063360312500004 0.165587828125 0.38872099531250004 0.1763077234375 0.39526895156249997 0.17982127812499998 0.389652409375 0.3764045796875 0.48817593437499995
3 0.24007871249999999 0.22292435625 0.23533542343749997 0.2182439015625 0.2611600390625 0.155057790625 0.26309249375 0.15669594375 0.259227584375 0.16675891874999998 0.27152501875 0.176587871875 0.2815386453125 0.1527175625 0.2831197453125 0.14569688125 0.2739845109375 0.1391442484375 0.2695925640625 0.146867 0.264497909375 0.1396122921875 0.2323488953125 0.21473356406250002 0.2323488953125 0.21988206250000003 0.23515974062499997 0.22222228125000001 0.22180824375000002 0.2547514328125 0.21109189687500002 0.2444544359375 0.2057896859375 0.24524872343749998 0.20107827031249997 0.2575596953125 0.22233526874999998 0.2704309421875 0.22602450625 0.257091653125 0.24007871249999999 0.22292435625
3 0.5024232796875 0.3554146671875 0.6593034249999999 0.45930845937500003 0.6700197718750001 0.44877745 0.67599280625 0.44830940625000004 0.6851280640625 0.439884584375 0.68547940625 0.42911954375 0.679506371875 0.42701333906250005 0.678979334375 0.4352041296875 0.6730063000000001 0.44105470156250004 0.6696684296875001 0.44596917031250005 0.5019118 0.33293623906250003 0.5136821984375 0.3191289046875 0.51227678125 0.3083638625 0.5041800624999999 0.30416370625 0.48766636406249997 0.328502059375 0.4932880453125 0.33575676250000003 0.4962745625 0.35307444062500004 0.5024232796875 0.3554146671875
3 0.546515878125 0.5740768546874999 0.54739426875 0.579459375 0.5526645953125 0.58133155 0.66597669375 0.64194341875 0.67071998125 0.6424114640624999 0.682490403125 0.632816540625 0.6863553109375 0.6344546859375 0.6828417453125 0.6381990531249999 0.6884634375 0.642177434375 0.6963689265624999 0.6358588328125 0.6968959640625 0.6307103359374999 0.7023419609375 0.623923675 0.6963689265624999 0.6190091921875001 0.6935761359375 0.62602988125 0.6861976609375 0.6204133390625 0.6693326093749999 0.6330505546875 0.553736703125 0.570098465625 0.5532096765625 0.560503534375 0.5484663765625 0.558631359375 0.533358096875 0.5703324875 0.5338670890625 0.5778212125 0.539840134375 0.5820336234375 0.546515878125 0.5740768546874999
3 0.5108604999999999 0.6000610640625 0.3648723484375 0.5282161109375 0.363291259375 0.5240037 0.3683859015625 0.5153448640625 0.3696156484375 0.5080901609375 0.3613588046875 0.5036437281249999 0.35046678125 0.5226812015625 0.35573711406249997 0.5282977453125 0.3555614359375 0.536956584375 0.5061171875 0.6109077390625 0.5147254078125 0.6003767203125 0.5201714046875 0.6041210796875001 0.52596876875 0.5959302890625 0.525677475 0.5868003093749999 0.518414621875 0.585317628125 0.515779459375 0.595380609375 0.5108604999999999 0.6000610640625
3 0.4282919875 0.691633953125 0.429170378125 0.6965484296875 0.43496774218749995 0.6984206125 0.543009490625 0.7419488265624999 0.5491582203125 0.738204459375 0.5551312546875 0.7335240046875 0.5551312546875 0.7375023859375001 0.5614556546875 0.739608590625 0.566550309375 0.7349281515625 0.566550309375 0.7297796546875001 0.57146929375 0.7250991921875001 0.5640908171875 0.7206527671875 0.5619826921875 0.7297796546875001 0.55214475 0.7246311484375 0.5437122234375 0.7339920484375 0.43426503437499997 0.6885916609375 0.4335623125 0.6808689125 0.428819025 0.6785286859374999 0.41810269062499994 0.68788959375 0.41807327031249997 0.6934385875 0.4205621703125 0.6967824515625 0.42407572499999996 0.6984206125 0.4282919875 0.691633953125
3 0.6327089124999999 0.6835063578125 0.6484935515625 0.7010551656249999 0.6481375125 0.71180578125 0.6306028765625 0.72479121875 0.6304841984375 0.7202064 0.6271611109374999 0.717993034375 0.623956715625 0.724000734375 0.6238380375 0.7292179453125 0.6062731593749999 0.7436047953125 0.603780859375 0.7339608609375 0.5986775484375 0.7390199765625 0.59927095 0.7462924578125001 0.5822994984375 0.7611536015625 0.58550389375 0.7967255015625 0.5766027859375 0.805774465625 0.577314590625 0.81510220625 0.5819431609375 0.8174736640625 0.5895387875 0.8117821562499999 0.5906069140625 0.8060906593749999 0.5955915484375 0.8024544171875 0.5906069140625 0.79502385 0.5890640625 0.7670406203125 0.6561013140624999 0.719046028125 0.6552705421875 0.698019084375 0.642215571875 0.679679796875 0.6658331937499999 0.6592610203125 0.672835403125 0.652146640625 0.67247935625 0.643925584375 0.665740425 0.6426483515625 0.653952903125 0.6496735359375 0.653715540625 0.6553650375 0.632946275 0.6713328640625 0.6327089124999999 0.6835063578125
3 0.66562515 0.7736093046875 0.67197411875 0.774930796875 0.6798111296875 0.7721556640625 0.6858624812499999 0.7709663203125 0.689334578125 0.773741453125 0.68824335 0.7779702265624999 0.6902273953125 0.78484198125 0.6950883328125 0.7806132109374999 0.6948899203125001 0.773741453125 0.6975683859374999 0.7673982953125 0.6959811499999999 0.7639624140625 0.6876481296875 0.761980178125 0.6751486046874999 0.7643588640625001 0.6667163796875 0.7646231625000001 0.6667163796875 0.759733640625 0.673065346875 0.7559013171875 0.673858965625 0.7541833765625 0.673858965625 0.7483688125 0.669380996875 0.7434227140624999 0.6542168546875 0.752994034375 0.6580857546875001 0.7588085984374999 0.6599706015625 0.7716270640625 0.66562515 0.7736093046875
3 0.69588195 0.74090485 0.6975683859374999 0.7483052031249999 0.7011396828125 0.7487016484375 0.6968739671875 0.7527982734374999 0.693997103125 0.76099151875 0.700643675 0.7629737546875 0.7063974281250001 0.761123671875 0.7085798859375 0.755837703125 0.71373841875 0.7485695 0.71076234375 0.74381213125 0.7067942375 0.7405083984374999 0.7030245296875 0.738129715625 0.703222940625 0.7280863796875 0.697270790625 0.7238576046875 0.6817951765625 0.7345616875000001 0.6836800234375 0.7426227875 0.689334578125 0.7457943671875 0.692905875 0.7413012953125 0.69588195 0.74090485
6 0.328033 0.777942 0.009375 0.01953125
3 0.8107027078125 0.6140499703125 0.8077409140625 0.627295365625 0.813876046875 0.645331653125 0.818530284375 0.653786153125 0.825723215625 0.64786800625 0.832704571875 0.6526588890625 0.8456094828125 0.6413862078125 0.842647690625 0.6303953515625 0.8379934546875001 0.6303953515625 0.8240307437500001 0.638568046875 0.818530284375 0.624195378125 0.8217036249999999 0.615177234375 0.8136644984375 0.5886864453125 0.8096449359375001 0.576568315625 0.796739996875 0.56050475 0.8056253734375 0.553741140625 0.8064715953125001 0.5438775484375 0.7999133375 0.541059378125 0.783411959375 0.5512047859375 0.787008425 0.5619138312499999 0.8028751296875001 0.5872773546875 0.8107027078125 0.6140499703125
4 0.642784246875 0.83947239375 0.65543238125 0.8441828015624999 0.6672645 0.83766070625 0.7139129843750001 0.8392912265625 0.7378492328124999 0.8338561484375001 0.7453293109375 0.8340373187499999 0.7388012453125 0.8237106656250001 0.7201690578125 0.8284210671875 0.6966407984375 0.8320444546875001 0.66427246875 0.8313197734375001 0.6561123906249999 0.83766070625 0.6359841796875 0.8334938046874999 0.6149039562499999 0.8327691296875 0.603751846875 0.8429146140625001 0.6011678140625001 0.8320444546875001 0.594347253125 0.831949484375 0.601575821875 0.8467191656249999 0.6115039265625 0.8461756640625 0.6180319921875 0.8392912265625 0.642784246875 0.83947239375
0 0.15445887656249999 0.449825934375 0.10990813906250001 0.5423211640625001 0.1215475125 0.555687521875 0.16649960625 0.454103165625 0.15445887656249999 0.449825934375
0 0.2580092203125 0.2033701203125 0.1909824375 0.357350621875 0.20743813281249998 0.3701823265625 0.27446491562499997 0.21620182500000001 0.2580092203125 0.2033701203125
0 0.45905703593749997 0.33903526093749997 0.368784040625 0.46471047031249996 0.41453884687500003 0.4877006171875 0.499626753125 0.366334040625 0.45905703593749997 0.33903526093749997
0 0.63427551875 0.4531994453125 0.53494625625 0.5539977734375 0.5734766140625001 0.57057205 0.665387571875 0.47647287031249996 0.63427551875 0.4531994453125
0 0.487184625 0.6050473109375 0.4225659828125 0.67508705625 0.45226651875 0.687384109375 0.5184905890625 0.6205522984375 0.487184625 0.6050473109375
0 0.3284155484375 0.524993415625 0.26523366875 0.611997834375 0.3061721953125 0.6296414343750001 0.3679813265625 0.546235321875 0.3284155484375 0.524993415625
0 0.7777163421875 0.5391168203125 0.6851922671875 0.6161034796875 0.7225185953125 0.64016295 0.7943616328124999 0.5845588687500001 0.7777163421875 0.5391168203125
0 0.6192694015625 0.66387355625 0.5531454984375 0.72258551875 0.5876622874999999 0.7375558359375 0.6394374593750001 0.6969221078125 0.6192694015625 0.66387355625
1 0.3112161953125 0.17490732343749998 0.2145710265625 0.3826312 0.365313303125 0.46751260781250004 0.47203162968749995 0.289103409375 0.3112161953125 0.17490732343749998
1 0.1940800875 0.42211468593749996 0.128917253125 0.5597208953125 0.262421478125 0.612960459375 0.334700846875 0.49741926562499994 0.1940800875 0.42211468593749996
1 0.36800660937499996 0.5499101609375 0.2960101484375 0.6436357765625 0.3976263890625 0.6906451765625 0.476283371875 0.6039892921875001 0.36800660937499996 0.5499101609375
1 0.54813755625 0.6005910125 0.4511981875 0.688946046875 0.537508228125 0.7263270234375 0.63529796875 0.6476004328125 0.54813755625 0.6005910125
1 0.6645446046875 0.627333671875 0.7979268671875 0.5101711453125 0.713245484375 0.44142289218749997 0.5747750843749999 0.5755304015625 0.6645446046875 0.627333671875
1 0.494127475 0.5890864031249999 0.62830585 0.4444873375 0.5115725640625 0.37073806249999997 0.3989063453125 0.5276002765625 0.494127475 0.5890864031249999