1 0.024970453125 0.86018165 0.29563570625 0.870591121875 0.357201190625 0.6432844265625 0.1135942203125 0.6540296703124999 0.024970453125 0.86018165
3 0.32921953125000003 0.9556546203125 0.3351347765625 0.920367871875 0.3144087578125 0.9209709374999999 0.31527964062499997 0.8986777828125 0.3843364875 0.61318200625 0.4010718890625 0.620403146875 0.4012812875 0.6084066906250001 0.3660802984375 0.610287390625 0.2928832640625 0.9121762671875 0.29843133125 0.9531246484375 0.32921953125000003 0.9556546203125
3 0.7423953234375 0.9550958203125001 0.792426809375 0.9536400531250001 0.7930637484374999 0.9171498515625001 0.7647214328125 0.924812965625 0.7642989515624999 0.9122881234375001 0.71266553125 0.6015018484375 0.7307648828125 0.592997034375 0.727075540625 0.5839864671874999 0.6955857921875 0.5883219421875 0.7397211031250001 0.8879289937499999 0.743091975 0.9151846625 0.7423953234375 0.9550958203125001
3 0.1432141046875 0.6151034015625 0.1409013546875 0.6359572984375 0.1696145578125 0.6377201546875 0.1684245171875 0.6221648296875 0.2533536140625 0.44560585 0.23149473281250002 0.44191133593750004 0.2313132234375 0.45230991875 0.236157309375 0.4539011859375 0.158660721875 0.6233150359375 0.1432141046875 0.6151034015625
3 0.435189775 0.6009915046875001 0.43365220156250006 0.62025695 0.4649017203125 0.6193476812500001 0.4661008203125 0.5965326953125001 0.49079342031250006 0.420692225 0.46720569218749997 0.4185310453125 0.46695704843749997 0.432775840625 0.47818725781250004 0.43173719843749997 0.45069021249999996 0.6076592671875 0.435189775 0.6009915046875001
3 0.65432544375 0.29705030312499997 0.671579196875 0.40973687343750004 0.6956172890625 0.40903743593749997 0.69462673125 0.39696433125 0.681719390625 0.40232304374999994 0.6815052390624999 0.39165110468750003 0.6605711765625 0.2833428890625 0.6333528703125 0.2827111046875 0.6338433359375 0.3004937828125 0.65432544375 0.29705030312499997
3 0.46701761875000003 0.3146023296875 0.5264358984374999 0.30575465468749996 0.52535270625 0.2531072015625 0.6336857359375 0.2407006171875 0.6362331203125 0.18652376875 0.6511436374999999 0.1811067703125 0.652243278125 0.163989703125 0.6386341265625 0.163673809375 0.6388731421875 0.1729212703125 0.6280187046875 0.175372734375 0.625996275 0.22241552968749997 0.51762595 0.2369588328125 0.5138642265625 0.29188289375 0.47974810312500005 0.2964349609375 0.46701761875000003 0.3146023296875
3 0.4159865921875 0.4164619796875 0.4167906671875 0.43921867968750006 0.4381113390625 0.433615165625 0.44384454843750004 0.426329565625 0.4265799546875 0.42896754843749996 0.42760500312499994 0.41612391875 0.452231425 0.31289693125 0.44390511874999994 0.30815605625 0.4234230125 0.3115995359375 0.4232365296875 0.32228313124999997 0.4403643703125 0.3274797875 0.4217819625 0.40561518124999996 0.4159865921875 0.4164619796875
3 0.3134832796875 0.32341532968750003 0.312559853125 0.3349856578125 0.33113915625 0.33145230468750003 0.3310404078125 0.3233320046875 0.33641261093749997 0.291110528125 0.3321155765625 0.26173561093750003 0.334753146875 0.24840526562499998 0.33314016562500004 0.2168145734375 0.32328258593750003 0.21667386562500002 0.3204923171875 0.21119709062499997 0.3101385828125 0.21192589062499997 0.30962917968750003 0.2273319890625 0.3250208109375 0.227311675 0.32765428281250003 0.24177125625 0.32427994843749997 0.25597810781249997 0.3272021984375 0.29522634375 0.322596628125 0.3248603015625 0.3134832796875 0.32341532968750003
1 0.3430894390625 0.871549590625 0.7254619812499999 0.8682876625 0.697930434375 0.6354163265625 0.384889328125 0.6490185921875 0.3430894390625 0.871549590625
1 0.19186834375 0.59284655 0.42018825312499997 0.58170941875 0.443190478125 0.45308439375000004 0.2438085 0.4681569609375 0.19186834375 0.59284655
1 0.4724857671875 0.57663293125 0.7248008687499999 0.555794859375 0.7076499296875001 0.4238599515625 0.4918739828125 0.444478371875 0.4724857671875 0.57663293125
1 0.46699008593749997 0.40218247187499995 0.6589560875 0.38647449218749996 0.65369466875 0.3073359203125 0.47645990156250007 0.32177173593749997 0.46699008593749997 0.40218247187499995
1 0.2392723390625 0.42736600625000004 0.41606184375 0.4112560890625 0.430161065625 0.3374588765625 0.27721097031249997 0.346970440625 0.2392723390625 0.42736600625000004
0 0.44072379687499996 0.9443755906250001 0.465482309375 0.9740531156250001 0.6945743453125 0.9673872187500001 0.7142133390625001 0.949634346875 0.7184863140625 0.917790440625 0.7198071484375 0.8847107859375001 0.44762056875 0.8899873078124999 0.44072379687499996 0.9443755906250001
0 0.045014167187499995 0.9135967984375 0.0481792453125 0.945224278125 0.272716121875 0.94397751875 0.27961289375 0.8895892359375001 0.052936923437500005 0.8856116406250001 0.045014167187499995 0.9135967984375
0 0.3408782453125 0.27588313124999997 0.42646201875 0.2707496 0.4195265453125 0.1995823578125 0.3413346625 0.20714410625 0.3408782453125 0.27588313124999997
0 0.5381608875 0.17498406875 0.54400113125 0.2237151453125 0.6237960296875 0.2094985109375 0.62225705 0.169893821875 0.5381608875 0.17498406875
0 0.3406064796875 0.33404359375000003 0.4182856390625 0.32849850625 0.42091769375 0.28703346875 0.3418037 0.2934064453125 0.3406064796875 0.33404359375000003
0 0.5348536078125 0.307209996875 0.6243026406250001 0.2976363359375 0.6265232625 0.2568184078125 0.533717171875 0.2686346625 0.5348536078125 0.307209996875
6 0.542444 0.260953 0.009207404626382676 0.035406302586424764
4 0.53990673125 0.1079479578125 0.539991525 0.128223046875 0.551512409375 0.121648575 0.5826348734375 0.123082721875 0.6115627359375 0.12458072499999999 0.6286261375 0.1272038546875 0.6584046 0.130236921875 0.6634400968749999 0.1433488046875 0.664361871875 0.165939259375 0.66772648125 0.19937731875 0.669910534375 0.22505066718750003 0.68132245625 0.22471861406250002 0.68214274375 0.202857378125 0.6792579125 0.167065640625 0.6754271421875 0.13520095781250002 0.6630525859375 0.11528346249999999 0.65308000625 0.10855448281249999 0.6241385234375 0.10783678125 0.61143708125 0.10664654375 0.5898891374999999 0.10961324218749999 0.5582868921874999 0.11053277343750001 0.53990673125 0.1079479578125
3 0.4661628515625 0.2028716203125 0.48529645625000006 0.198465053125 0.484468625 0.183859765625 0.47600530937499996 0.184875990625 0.4760523734375 0.1821797359375 0.483506328125 0.17695806249999999 0.4941564453125 0.17472325625000001 0.4960040484375 0.16812477812499999 0.49453967499999996 0.15276804375 0.4934750125 0.1393245984375 0.48764527500000004 0.1383392765625 0.4863468109375 0.15069653125 0.48604426093750003 0.16802959374999998 0.47381026718749997 0.174160321875 0.4657399390625 0.1774750109375 0.4661628515625 0.2028716203125
3 0.50717120625 0.185894071875 0.5078159906249999 0.19857976875 0.52804635625 0.19337132343750002 0.5272707953125 0.163365171875 0.5132347453125 0.16107869531250002 0.511248125 0.1384224703125 0.504084790625 0.13940086875 0.5052936765625 0.169394409375 0.5085369015625 0.1696850265625 0.5186662906249999 0.1724701609375 0.519541184375 0.18437919375 0.5160544 0.1856355984375 0.50717120625 0.185894071875