1 0.21760822656249998 0.2361076390625 0.221071075 0.2395673328125 0.2695510625 0.221187728125 0.2582968015625 0.199780896875 0.24617677968749999 0.204509671875 0.24357965468749998 0.20948297500000002 0.2533910734375 0.2246191171875 0.221648215625 0.23607934218749999 0.2178967890625 0.231754728125 0.205488225 0.23607934218749999 0.16826251718750002 0.2497018734375 0.1408482265625 0.26505424375 0.1440225125 0.26829770000000003 0.15498821406250002 0.28105531250000004 0.178362515625 0.273299309375 0.16681965468749999 0.25556839375 0.21760822656249998 0.2361076390625
1 0.48085080468749997 0.3840423109375 0.46973075625 0.3855378734375 0.47571846874999996 0.3936566375 0.4871236546875 0.38895630312499996 0.501094990625 0.38340135000000003 0.4973883265625 0.3742143390625 0.4902600796875 0.37506894218750003 0.3878985578125 0.18019237500000002 0.397307834375 0.176133 0.38989446875 0.1667323265625 0.36060961406250003 0.1780445203125 0.3653733234375 0.187242878125 0.3750677375 0.1855336703125 0.379344678125 0.193652428125 0.48085080468749997 0.3840423109375
1 0.38750510625 0.15064924531249999 0.3925133046875 0.15950566093750002 0.40252972812500004 0.1560531609375 0.40513399375 0.155002396875 0.4075379265625 0.15815468125 0.40252972812500004 0.159805878125 0.40573497031250005 0.16971305781249998 0.418155325 0.167911753125 0.43017502343749997 0.16280805468749998 0.42496649218749993 0.15200022500000002 0.4159517140625 0.1547021796875 0.41214548124999995 0.1507993546875 0.403130703125 0.15245055000000002 0.397521515625 0.1455455484375 0.3766873734375 0.1485477234375 0.375084753125 0.1464462 0.36372607343749996 0.150865940625 0.367672609375 0.15575294374999998 0.3756857421875 0.1532010921875 0.381695584375 0.15154989531250002 0.38750510625 0.15064924531249999
1 0.6281032468750001 0.27796790625 0.616986803125 0.280907796875 0.622218059375 0.28776755781249996 0.641508375 0.279682834375 0.5692514046875 0.100397396875 0.5718670546875 0.0991724421875 0.566962740625 0.090313434375 0.5457106796875 0.09962311406249999 0.5515958671875001 0.10746284843750001 0.5600966828125 0.1042779578125 0.6281032468750001 0.27796790625
1 0.7258975375000001 0.5530803234375 0.7292305296875 0.5638193421875 0.7235644484375 0.5663167984374999 0.727230725 0.57206091875 0.7405626453124999 0.5613219015625 0.7325635203124999 0.5538295640625 0.742895734375 0.5433402828125 0.696900609375 0.42970640937500004 0.6992337 0.423712534375 0.6919011453125 0.41896738281249996 0.6799024593749999 0.42870742812499996 0.690234671875 0.4344515609375 0.7352298953124999 0.5425910421875 0.7258975375000001 0.5530803234375
1 0.6812356453125 0.639232965625 0.6925677609374999 0.6527191828125 0.7175650828125 0.6559658640625 0.7218979765625 0.6514704546875 0.76622658125 0.590282990625 0.79455689375 0.591781459375 0.8032226343750001 0.5965266125 0.8172211703125001 0.5832901374999999 0.8138881796874999 0.5787947296875 0.8082220984375 0.5770465171875 0.7955567953125 0.58478860625 0.760227215625 0.5825409015624999 0.7135655203125 0.6479740296875 0.701900075 0.6474745421875 0.6859017796875 0.6342380671875001 0.6732364765625001 0.632489859375 0.656904875 0.6544673921874999 0.6519054109375 0.6527191828125 0.6452394499999999 0.6637079531250001 0.6525720046875 0.6712002906250001 0.6599045578125 0.6659556578125 0.6812356453125 0.639232965625
1 0.6415731734375 0.665496234375 0.5769134031250001 0.5481255093749999 0.5769134031250001 0.5441295875 0.5809129656249999 0.5383854578125 0.578579875 0.5343895375 0.57158063125 0.5336403062499999 0.555915621875 0.547126515625 0.56258158125 0.5528706531250001 0.5719139156249999 0.5546188703125 0.633907334375 0.6677038750000001 0.621908603125 0.684436765625 0.6285745625 0.6946762953125 0.6195755140625 0.6951758 0.6205754156250001 0.7011696734374999 0.627241375 0.7001706796875 0.633907334375 0.6959250234375001 0.6421702812500001 0.6905458999999999 0.636573709375 0.6862250546875 0.635907115625 0.679481940625 0.6415731734375 0.665496234375
1 0.584431025 0.8159982187500001 0.604245465625 0.819878753125 0.6263115421875 0.8193725921875 0.6398214078125 0.8224095296874999 0.629689 0.8391126734375 0.63216580625 0.844005515625 0.6422982125 0.845692696875 0.65107959375 0.8332075218749999 0.6465763250000001 0.825783903125 0.65130475 0.8202161890624999 0.64454983125 0.81447975 0.6227089265625 0.8077310093750001 0.6150533406250001 0.8111053828125 0.589384634375 0.8041879171874999 0.5675437156250001 0.7900155515625 0.5596629734375 0.7854601515625 0.5517822296875 0.78292936875 0.5378206718749999 0.8000298796875001 0.547278946875 0.8023320125 0.5511067328125 0.8070561312500001 0.55876231875 0.7979453249999999 0.584431025 0.8159982187500001
1 0.736548265625 0.695961784375 0.746032565625 0.687409628125 0.7410492765625001 0.6835551343749999 0.7334940015625 0.6833142296875 0.723366678125 0.6981299390625 0.7273854546875 0.7023457890625 0.739602528125 0.7042730296874999 0.7458718203125 0.712463825 0.75326635 0.7098138703125 0.757606615625 0.7068025453125 0.7646796546875 0.70704345 0.7662871703125 0.7024662375 0.757285125 0.695961784375 0.749890575 0.699093559375 0.743460559375 0.6977685765625 0.736548265625 0.695961784375
1 0.7741639765625 0.6744007187500001 0.773842465625 0.668378071875 0.7711096921875 0.65982591875 0.7600178984375 0.6581395750000001 0.7564813796875 0.653803271875 0.752944859375 0.6546464421875 0.7495690859375 0.661030446875 0.7442643046875 0.6664508265625 0.7447465625 0.6718712078125 0.7531056046875 0.6731961890625 0.7571243812499999 0.6717507546875 0.761464646875 0.666330375 0.765322678125 0.6678962625 0.766930171875 0.67138939375 0.7625899046875 0.6870482734375 0.7637151640625001 0.6934322703125 0.7716237375 0.6965824609375 0.7757714703125 0.6893368765625 0.7706274578125 0.6837960437499999 0.7741639765625 0.6744007187500001
1 0.34984007500000003 0.495122925 0.3376368796875 0.4947064109375 0.3315224390625 0.487625703125 0.30623090468749997 0.50303665625 0.31929355937500004 0.5132412109375 0.3301328078125 0.5032449156250001 0.336525165625 0.5040779375 0.4438057984375 0.66463566875 0.441026496875 0.6692173046875001 0.43518999531249997 0.6700503265625 0.4282417609375 0.6767145234374999 0.424628684375 0.68025488125 0.4318548375 0.6848365171874999 0.43961117187500004 0.68501135625 0.45017246406250006 0.6775141296875 0.446837325 0.6716829609375 0.4579544734375 0.65939585 0.34984007500000003 0.495122925
0 0.3804854015625 0.2197012484375 0.17457821406250001 0.312992175 0.2838668984375 0.483393303125 0.46532122343750004 0.36214205 0.3804854015625 0.2197012484375
0 0.4138505390625 0.1996185546875 0.48417355625 0.3462499015625 0.61692580625 0.2567829421875 0.5556555609375 0.131411496875 0.4138505390625 0.1996185546875
0 0.690764378125 0.3993181984375 0.6479400703125 0.30003518906250004 0.54937145 0.37695146875 0.6043575828125001 0.48231057499999996 0.690764378125 0.3993181984375
0 0.5124521640624999 0.41638755937500005 0.371059234375 0.5146834874999999 0.4488253515625 0.628282965625 0.5729369203125 0.5129176765625 0.5124521640624999 0.41638755937500005
0 0.5721514328125 0.5774526843750001 0.45668054375 0.701646940625 0.52187833125 0.7922911125 0.624780996875 0.661622253125 0.5721514328125 0.5774526843750001
0 0.6868367296875 0.45718973281249997 0.59524833125 0.55723134375 0.6475609812500001 0.6337692453125 0.724541609375 0.5384163 0.6868367296875 0.45718973281249997
