1 0.9001948328125 0.20631475 0.89238399375 0.21659286249999998 0.8988930265624999 0.2261445765625 0.8242561187499999 0.41718369843750003 0.8190488921875 0.41644190312499996 0.81731315 0.42389699375 0.835972378125 0.4258499484375 0.8581030890625 0.429490759375 0.8615745718750001 0.419462353125 0.8442171515625001 0.420461184375 0.9223255437500001 0.22622814062500002 0.9184201234374999 0.22062729375 0.9440223187499999 0.22237598749999998 0.9492295453124999 0.20977426718749997 0.9240612859375 0.21063675937499998 0.9001948328125 0.20631475
1 0.467445153125 0.20784311562500002 0.44667056718750003 0.209459025 0.465136865625 0.42445207187499995 0.48129487656250003 0.4249814265625 0.48162463125 0.428944246875 0.502728971875 0.42906530781249996 0.5023992171875 0.42262932343750004 0.4855816953125 0.4220884546875 0.4687641734375 0.228640725 0.46843441874999997 0.223441321875 0.49250655625000006 0.2253454015625 0.49184704687499997 0.211484165625 0.467445153125 0.2122948125 0.467445153125 0.20784311562500002
1 0.5370235265625001 0.54862315625 0.5366937703125 0.5592520078125001 0.5521922703125 0.5575440031250001 0.5676907703125 0.555341365625 0.5746156328125 0.419685484375 0.5370235265625001 0.4197712625 0.538672303125 0.42771416875 0.5571386 0.4267999171875 0.55746835625 0.43150468750000004 0.554170803125 0.549911728125 0.5475756953124999 0.555237571875 0.5479054515625 0.5488131 0.5370235265625001 0.54862315625
1 0.709485559375 0.653033253125 0.7302601453124999 0.6543851390625 0.747737178125 0.6512277734375 0.783350753125 0.56182620625 0.796540965625 0.5610671765624999 0.79983851875 0.5554364546875 0.7817019765625 0.5553671984374999 0.7826912421875 0.55019081875 0.7681820078125 0.551668775 0.7665332312500001 0.55534974375 0.7685117625 0.5615671921875001 0.7388337828125 0.6458787171875 0.71080458125 0.6468733640625 0.709485559375 0.653033253125
1 0.4928363125 0.5577445234375 0.5076753015625 0.5575089046875 0.506026525 0.5530284296875 0.47931634375 0.5530568359375 0.48690071718750005 0.643212425 0.46348808906250005 0.6437930203125 0.46381784374999996 0.650476321875 0.4901982703125 0.6511841109375001 0.4997611734375 0.6471466515625 0.49250655625000006 0.5629324140625 0.4928363125 0.5577445234375
1 0.5136108968750001 0.6463991328125 0.5169084515625 0.6556074015625 0.5713180796875 0.6575463921875 0.57296685625 0.6879951 0.7081665390625 0.6901077015625 0.7104748265625 0.7141376937499999 0.7256435703124999 0.714402465625 0.7253138156250001 0.7193430390625 0.740482559375 0.7193604953125 0.7394932937500001 0.7109344656250001 0.7203674859375 0.7088694078125 0.7170699328125 0.6811124015625001 0.5828595156249999 0.6812429156250001 0.580551228125 0.6740304453125 0.580551228125 0.650040746875 0.5136108968750001 0.6463991328125
1 0.3417597375 0.6462371359375 0.3189407421875 0.645838828125 0.31937956875 0.6553909703125 0.330789065625 0.6549318859375 0.332105546875 0.7086014453125 0.3132359921875 0.7076138359375 0.31367481875 0.715520378125 0.3303502390625 0.7181152890625 0.330789065625 0.7138443890625 0.342637390625 0.71372208125 0.34483152499999997 0.70355765625 0.34483152499999997 0.6936840515625 0.3408820828125 0.6890074328125 0.3417597375 0.6462371359375
1 0.22557425156250002 0.416846165625 0.186295459375 0.4150202 0.1873091046875 0.4281519421875 0.20732861875 0.42736103124999997 0.206314971875 0.43437550937499997 0.260798459375 0.5548734296875 0.2476210578125 0.5552135921875 0.2486347046875 0.559602634375 0.2635859859375 0.5598636109374999 0.2635859859375 0.556822671875 0.276003153125 0.556659296875 0.22608107500000002 0.4324398234375 0.22608107500000002 0.42521759374999996 0.22557425156250002 0.416846165625
1 0.539397040625 0.20295111718749997 0.5456125640625 0.20428635625 0.5443040328125 0.211624003125 0.5384156421874999 0.21372936718750002 0.5384156421874999 0.2272235953125 0.569820390625 0.22679036875 0.569820390625 0.21133334375 0.563932 0.209758465625 0.5636048671875 0.1982213234375 0.563932 0.18546885625 0.5691661234375001 0.17721833125 0.568511859375 0.17033712343750002 0.565894796875 0.1663658484375 0.5642591328125001 0.1528430703125 0.55051955625 0.1491683515625 0.54790249375 0.1670331890625 0.545939696875 0.17288731875000002 0.54266836875 0.1880418921875 0.539397040625 0.20295111718749997
1 0.095150721875 0.207954946875 0.08926233125000001 0.21300450468749998 0.092533659375 0.22631048437499998 0.1262283359375 0.22616257812499999 0.1223027421875 0.21137308125 0.11674148437500001 0.211276009375 0.116414353125 0.205872609375 0.21062859375 0.207517125 0.21586271875000002 0.21374222656250003 0.2570814484375 0.21446170156250002 0.281289275 0.21463890000000002 0.275073753125 0.195638490625 0.25315585625 0.19525591250000002 0.252501590625 0.20162358125000002 0.21586271875000002 0.20024799999999998 0.21357278906250002 0.1967731328125 0.095150721875 0.1959328171875 0.0961321203125 0.2038011328125 0.095150721875 0.207954946875
1 0.589078225 0.7087409390625 0.5644132468749999 0.7100031062500001 0.5636072015625 0.718815228125 0.5776323859375 0.7179718796875 0.5781160125 0.7245092859375 0.572473696875 0.7261034937499999 0.5616726937500001 0.7265194953125 0.5576424671875 0.72838365625 0.5590933484375 0.745456834375 0.5694107265625 0.746604178125 0.570700396875 0.7357450812499999 0.5719900703125 0.7322612953125 0.5813401921875 0.7312154359374999 0.58940064375 0.7296634359375 0.5911739421875 0.72618809375 0.5897230609374999 0.7184247359375 0.5914963609375 0.7115640046875 0.589078225 0.7087409390625
1 0.5379749687500001 0.718246909375 0.538136178125 0.7085771828125 0.5131487796875 0.7085037468750001 0.5118591078125 0.7221436999999999 0.5133099890625 0.7282143624999999 0.518146259375 0.7296287546875 0.5271739640625001 0.7307535875 0.5339447421875 0.7322017468750001 0.538942221875 0.736641621875 0.537813759375 0.7454481171875 0.5465190453125001 0.74560006875 0.5465190453125001 0.73665296875 0.5482923453125 0.7335403453125 0.5466802546875 0.728434121875 0.5394258484375001 0.726131175 0.52814121875 0.725087853125 0.5249170390625 0.7217670921875 0.5257230828125 0.71742851875 0.5379749687500001 0.718246909375
0 0.2769526234375 0.63792985625 0.486362965625 0.6376586828125 0.477055840625 0.567692778125 0.23972411875000002 0.5722755687500001 0.2769526234375 0.63792985625
0 0.530571815625 0.6379940796875 0.7353285953124999 0.6393867640625001 0.753942846875 0.573398403125 0.5276633390625001 0.5698849515625 0.530571815625 0.6379940796875
0 0.5712904937500001 0.541416271875 0.80978560625 0.53947141875 0.845269025 0.44716494375 0.577107446875 0.44204789531250005 0.5712904937500001 0.541416271875
0 0.267063803125 0.540468690625 0.5451142015625 0.537469190625 0.5456958968750001 0.4462985921875 0.2356522515625 0.44524947499999995 0.267063803125 0.540468690625
0 0.1606135453125 0.398567428125 0.45378802343749997 0.3962681921875 0.4462957875 0.253912890625 0.09786024531250001 0.254374996875 0.1606135453125 0.398567428125
0 0.488689746875 0.39687740312500003 0.8266547718749999 0.39666880312499997 0.8755171859375 0.2587873484375 0.47647414374999997 0.2566210125 0.488689746875 0.39687740312500003
