3 0.5390655062499999 0.3266509515625 0.534257790625 0.3363848359375 0.577089790625 0.337928196875 0.577804659375 0.3257897515625 0.561371278125 0.3260307609375 0.564682390625 0.14233466875 0.5840574765625 0.1414375390625 0.5841788921875 0.131003159375 0.5401675234375001 0.13108375 0.5470991421875 0.14054931406249999 0.5390655062499999 0.3266509515625
3 0.9053656999999999 0.1638404140625 0.8927829703124999 0.3374608234375 0.8792873812499999 0.3373823078125 0.88271398125 0.345481021875 0.9204665593750001 0.3465647640625 0.9221329671875 0.33662173281249996 0.9074677609374999 0.3361997984375 0.9164907859375001 0.16592483593750001 0.9276471000000001 0.165316509375 0.9283357000000001 0.156568534375 0.8872660578125 0.1559929578125 0.888357384375 0.1630682515625 0.9053656999999999 0.1638404140625
3 0.633078721875 0.5176752625 0.6107816765625 0.5175455421875 0.6142043171875 0.5259808406250001 0.6424004046875 0.5234519546875 0.644223371875 0.5180767109375 0.65185129375 0.5181210890625 0.65628983125 0.3383942125 0.6499215640625 0.3309516234375 0.6118092765625 0.328373578125 0.609387753125 0.3347552015625 0.6369383265625 0.337271778125 0.633078721875 0.5176752625
3 0.533897315625 0.51865755 0.5385169515625 0.5250801140625 0.540075328125 0.69373355625 0.5048538312499999 0.6948751093750001 0.501133484375 0.7120208546875 0.4963296890625 0.7214181453124999 0.539293434375 0.7219811468749999 0.538670715625 0.7135857015625 0.5198981828125 0.713139875 0.520610325 0.702372315625 0.5564029625 0.7025805515625 0.55845135 0.52654255625 0.576641071875 0.5266483796875 0.5755967859375 0.5155339859375 0.533897315625 0.51865755
3 0.87722923125 0.5142593078125001 0.877725915625 0.522004353125 0.8865195828125 0.522728721875 0.8817879828124999 0.6772077296875 0.8495041531249999 0.6780297515625 0.844586815625 0.6971882328125 0.840968340625 0.7055825703124999 0.8816007953125 0.7056181359375 0.8786270265624999 0.696713040625 0.865718203125 0.6966379390624999 0.8658122015625 0.6885597156250001 0.90045480625 0.6867415671875 0.9006058124999999 0.5224740796875 0.9158734734375 0.5215530562499999 0.9148057093749999 0.5124581984375001 0.87722923125 0.5142593078125001
3 0.677403390625 0.7145136734374999 0.670743109375 0.71144249375 0.6608784 0.711182953125 0.606928884375 0.7136993390625 0.6031301671875 0.7070058703125001 0.575981625 0.7080609171875001 0.565036178125 0.7098166921875 0.5694996515625 0.7199507875 0.5938291203125 0.7188793687499999 0.6579816046875 0.717837440625 0.6697019484375 0.740345684375 0.6848174031250001 0.74366821875 0.8603998718750001 0.7370075578125 0.891020684375 0.7404203 0.8941146078125 0.7471096687500001 0.9394575859375 0.7468097796875 0.938972375 0.73847549375 0.9016113562499999 0.738864615625 0.888274428125 0.7341372796875001 0.8717494640625001 0.7308065453125 0.8618659140625 0.732164178125 0.6894596453124999 0.738439 0.681077440625 0.7319210359375 0.677403390625 0.7145136734374999
3 0.6986879234375001 0.7631104421875 0.7082073421875 0.7627615 0.7142286171875 0.760168415625 0.7194298625 0.767476528125 0.7151423218749999 0.772505646875 0.697111353125 0.777454809375 0.693533234375 0.7820837375 0.7368850453125 0.7789354875 0.7373926671875 0.768389684375 0.7385204 0.7623313656249999 0.7273284296875 0.754988403125 0.724565709375 0.750120428125 0.6917811453125 0.750940509375 0.6846697500000001 0.75635751875 0.686379959375 0.7608150499999999 0.6986879234375001 0.7631104421875
3 0.6212360718750001 0.7561906359375 0.6152265828125 0.757772978125 0.6158514015625001 0.7646501390625 0.6221521531249999 0.7683257234374999 0.624496640625 0.778851809375 0.629329 0.7875729171875 0.643415415625 0.7884635203125 0.674137371875 0.7831838734375001 0.6607769203125 0.7804780250000001 0.644266046875 0.7759343859375 0.6418816203125 0.7688448265625001 0.6391024328125 0.765391890625 0.6577793875 0.76550055 0.6578969984375 0.7553931140625 0.6318126796875 0.75584785 0.6212360718750001 0.7561906359375
2 0.398452 0.765051 0.018868178668045486 0.010265334308955331
2 0.359653 0.720743 0.016515338001272716 0.009470448770336048
2 0.699706 0.736734 0.020421588001272716 0.009493174668035032
2 0.629366 0.7348 0.021202838001272716 0.009497719847574793
2 0.638058 0.541767 0.018849997334499945 0.008702834308955331
2 0.29111 0.537535 0.017287497334499947 0.00869374394987581
2 0.363003 0.53868 0.014952838001272718 0.009461358411256348
2 0.289028 0.358629 0.014971019334818082 0.01102385841125635
2 0.360104 0.356653 0.018068747334499945 0.00869828912941557
2 0.637375 0.34879 0.01809601933481808 0.01104203912941557
2 0.717817 0.345978 0.024327838001272716 0.009515900565734103
2 0.8326 0.742993 0.021202838001272716 0.009497719847574793
2 0.793756 0.829162 0.014198860001590851 0.01180056323171641
5 0.149433 0.783689 0.022047722668681758 0.014971015027114731
5 0.194791 0.787331 0.023564769334818082 0.011073855386194254
5 0.239359 0.790197 0.021248291335136216 0.013403969847574793
5 0.519274 0.808101 0.02121192866804549 0.010278969847574971
5 0.575569 0.81168 0.018849997334499945 0.008702834308955331
5 0.629521 0.815273 0.01730567866804549 0.01025624394987581
5 0.695545 0.782074 0.0157431786680454 0.010247153590796287
5 0.621263 0.777037 0.02434601933481808 0.011078400565734014
5 0.550896 0.772759 0.02043976933481808 0.011055674668035032
5 0.181757 0.942887 0.022810791335136214 0.013413060206654137
5 0.231039 0.948069 0.030614200668363623 0.012677262002052459
5 0.277169 0.950926 0.025163632001909166 0.014207945745273776
5 0.33738 0.955263 0.020476132001908988 0.01418067466803521
5 0.365532 0.957443 0.01971306333545435 0.015738629488495092
5 0.518885 0.976084 0.01809601933481808 0.01104203912941557
5 0.569738 0.982038 0.02279261000159085 0.011850560206654492
5 0.62449 0.987189 0.014253404002227122 0.01648806323171641
3 0.303952821875 0.7313071265625 0.3012099890625 0.7251561468750001 0.29336380625 0.722204440625 0.2769885671875 0.7266297125000001 0.2600993546875 0.7268543515625 0.261112428125 0.7365471203125 0.28082336875 0.7356931046875 0.2864406078125 0.7366944765625 0.28949837343749996 0.7641583984375 0.318672546875 0.7724005203125001 0.29725047187500003 0.77518195 0.29708140781250003 0.7897112734375 0.325265290625 0.786323390625 0.3450062859375 0.7828863890625 0.34397834375 0.7744851140625 0.327179221875 0.7669607796875 0.3148265546875 0.764305753125 0.3076372671875 0.753285465625 0.307299875 0.733909771875 0.303952821875 0.7313071265625
3 0.24511448281249998 0.5184666640625 0.220342953125 0.5202808890624999 0.2245018375 0.5296071859375 0.2611983375 0.5298206796875 0.268242090625 0.511257471875 0.2694735171875 0.33207694375 0.26452394375 0.3173606265625 0.218468340625 0.31464475625 0.21661341093750003 0.3273631453125 0.24476452656249997 0.32850609531249997 0.24511448281249998 0.5184666640625
4 0.760139803125 0.8587055984375 0.718341375 0.8628524546874999 0.655313159375 0.8613096406249999 0.6322525406249999 0.8608814499999999 0.6271682281250001 0.8573234890625001 0.6216089734375 0.850528425 0.6119872046875 0.8404753796875 0.60852606875 0.8295760828125 0.6107027953124999 0.8187095859375001 0.6082187625000001 0.8119324140625 0.5867298546875 0.808573040625 0.5814471890624999 0.8220677593750001 0.5863124765625 0.8444424484375 0.586189315625 0.8550268593749999 0.6071075625 0.8633814390625 0.6300792328125 0.8714539328124999 0.6895196203125 0.872975871875 0.7577860249999999 0.8648461265625 0.825020553125 0.8572984359375001 0.8404615812499999 0.8518016734374999 0.8746374765624999 0.8299481453125 0.8926925421874999 0.820056121875 0.92612025 0.8105475562500001 0.954880353125 0.805716340625 0.9662630578125 0.8064339203124999 0.9619944484375 0.8000393375 0.9286693765624999 0.8007275453125 0.8973037640625 0.809224228125 0.8741507374999999 0.81673434375 0.8586207234375 0.8298754 0.8361694515625 0.8441523265624999 0.8022668765625 0.850423775 0.760139803125 0.8587055984375
4 0.1993908625 0.8248780953124999 0.1938589765625 0.8157309453125 0.1750867390625 0.79915596875 0.168687228125 0.7764783203125 0.1705875140625 0.7453220453125 0.17372694375 0.7177558515625 0.16881718125 0.6992032906250001 0.16532867499999998 0.69065608125 0.1751830796875 0.6807163593750001 0.1747492640625 0.673951115625 0.165441571875 0.6809536953124999 0.157121246875 0.691196396875 0.1605379078125 0.70591784375 0.1602779015625 0.7282627359375 0.15857604218750002 0.7423663281249999 0.1586028125 0.7841189421875 0.1656243765625 0.7973912000000001 0.187464990625 0.8145720921875 0.1837643 0.8242535984374999 0.195979578125 0.8316754546875 0.2164639390625 0.833264784375 0.23665743125 0.8598450890624999 0.267793321875 0.8710904625 0.2686336546875 0.886973053125 0.2763046359375 0.8884878374999999 0.29121263750000004 0.8847521609375001 0.3006030296875 0.87965380625 0.3018328296875 0.8310606765624999 0.2802243265625 0.8379917234375001 0.2647387140625 0.8473106359375 0.2590324609375 0.8531580609375 0.2345676203125 0.8412544765625001 0.22195950781249998 0.8235392453125 0.21425438749999998 0.8249645687499999 0.1993908625 0.8248780953124999
4 0.17842464375 0.4282785984375 0.179665346875 0.41600487187499996 0.16409446562500002 0.4332335515625 0.165334453125 0.46819419531250006 0.1590547078125 0.4889407671875 0.1631308609375 0.516045521875 0.15518970468749999 0.538042025 0.1549955171875 0.5547303578125 0.16573914843749998 0.5749461890625 0.1749239546875 0.587595459375 0.1692377625 0.5573323890624999 0.1622632328125 0.543436396875 0.1723962734375 0.521767553125 0.1688837203125 0.493406515625 0.17237492968749998 0.47642244375000004 0.17310340468750002 0.46099679531250004 0.1749516 0.4436882796875 0.17842464375 0.4282785984375
0 0.5273312 0.540225528125 0.5309488921875001 0.4951980296875 0.2943014578125 0.49980429062500004 0.293777521875 0.54483131875 0.5273312 0.540225528125
0 0.86586594375 0.5367152187500001 0.8669443078124999 0.49242935625 0.6599267265625001 0.4981526890625 0.6561386640625 0.540641565625 0.86586594375 0.5367152187500001
0 0.66897285625 0.71141748125 0.6896298468750001 0.7288569171875 0.8423680984375 0.7174645875000001 0.8445424156250001 0.6721322640625 0.658295253125 0.6855339093749999 0.66897285625 0.71141748125
0 0.49424076718750004 0.7409498125 0.4921688984375 0.6886610578125001 0.27683338125 0.701578584375 0.3127020375 0.7326470390625001 0.317429646875 0.7509384906250001 0.49424076718750004 0.7409498125
0 0.5309960890625 0.34958917343749996 0.5392083750000001 0.3042919546875 0.2900826953125 0.2962297796875 0.2906602359375 0.3409483296875 0.5309960890625 0.34958917343749996
0 0.66015146875 0.35128525625 0.8714356875 0.35629321875 0.8719809296875001 0.3566112875 0.871904665625 0.315989296875 0.661736578125 0.30941335625 0.66015146875 0.35128525625
1 0.881251425 0.6658394734375 0.879864175 0.5408247734375 0.6001546265625 0.5429431375 0.5996629875 0.6787202703124999 0.881251425 0.6658394734375
1 0.2101104203125 0.69558548125 0.53613813125 0.6804515906249999 0.5370090328125 0.5433805234375 0.20530477343750003 0.5485122109375 0.2101104203125 0.69558548125
1 0.5888512828125 0.49358142968749996 0.5884449546875 0.3546442171875 0.267751534375 0.346963140625 0.269675409375 0.4927734734375 0.5888512828125 0.49358142968749996
1 0.6541769265624999 0.4930648640625 0.9279584484375001 0.49121718437500006 0.9294154953125 0.36215921406249996 0.6572393109375 0.3543450203125 0.6541769265624999 0.4930648640625
1 0.6057063265625 0.30250116875 0.8897490937500001 0.31269130624999997 0.8989487437499999 0.18010261562500002 0.6102495234374999 0.1609769703125 0.6057063265625 0.30250116875
1 0.225681859375 0.2908311609375 0.54074475625 0.30005902500000003 0.5429597703125 0.15643165625 0.2238449796875 0.1375444421875 0.225681859375 0.2908311609375
0 0.528018984375 0.151385684375 0.5285239328125 0.13653419375 0.2819604109375 0.119805053125 0.2802142140625 0.1350895703125 0.528018984375 0.151385684375