1 0.22703982968749997 0.332175096875 0.23051818281249997 0.3411112390625 0.24095320625 0.3416697453125 0.2441831140625 0.3453931375 0.24840679843750002 0.344834625 0.2578480453125 0.3301272328125 0.24691610000000003 0.326031503125 0.2384686640625 0.3334782859375 0.234244978125 0.3291963875 0.2349903109375 0.31914323125 0.23672948749999997 0.3083454 0.2352387890625 0.3022018046875 0.22753671875 0.30629753593750003 0.21933775937500002 0.3042496703125 0.214865596875 0.3087177375 0.2255490984375 0.3122549609375 0.23026970468750002 0.31467516406249996 0.22629446406249998 0.32119109687499997 0.22703982968749997 0.332175096875
1 0.2513251875 0.2988241109375 0.2547392171875 0.3037079109375 0.2598602625 0.3034753453125 0.2618776328125 0.304521875 0.2566014109375 0.30731261718749997 0.2547392171875 0.3109173265625 0.25613585625 0.3153360046875 0.2607913484375 0.31719649843750003 0.2673090546875 0.3176616203125 0.27010233281249996 0.311847575 0.2744474703125 0.3046381546875 0.2767752171875 0.29998692031249996 0.27460264843750004 0.2967310515625 0.26048099375 0.29510312031249997 0.2567565875 0.29091700625 0.25365293437499997 0.28649833125 0.2427901109375 0.291847253125 0.23875532968750002 0.2941728734375 0.23549649687500002 0.2925449390625 0.2272717765625 0.289521634375 0.22680622343749998 0.2961496484375 0.23472056874999997 0.2991729515625 0.2401519890625 0.3038241921875 0.24682487343749998 0.30475443593749996 0.2513251875 0.2988241109375
1 0.20076456406249998 0.4152381625 0.24007473125 0.4160289296875 0.288618828125 0.35138462187499997 0.2973251078125 0.3529661296875 0.31209940937499997 0.3664089875 0.3292481328125 0.3664089875 0.34243947812500003 0.3478262171875 0.3506180890625 0.3450585734375 0.3580052484375 0.3337903 0.348852703125 0.32746425156250003 0.34568675625 0.3294411421875 0.33803581562499996 0.33477874218750003 0.319040284375 0.358501425 0.30584893750000003 0.3466400859375 0.291602325 0.3444655046875 0.277883309375 0.34466319218749997 0.231713671875 0.40976631562500004 0.20533101562499997 0.4073940484375 0.19794385625 0.403242578125 0.195569396875 0.4089755609375 0.188973759375 0.4095686265625 0.183433390625 0.416883125 0.1859902625 0.4217619 0.1944327265625 0.42275034843750003 0.20076456406249998 0.4152381625
1 0.35774139531250004 0.3292117328125 0.4207959953125 0.452601384375 0.42660018125 0.45438058750000004 0.4184215359375 0.460508946875 0.4223789328125 0.4660442359375 0.430557578125 0.46643962656250004 0.44216595 0.4529967609375 0.44084679531250004 0.4476591671875 0.42923842187499994 0.44607764687499996 0.36697534374999996 0.3308249640625 0.3785837171875 0.31613253750000003 0.373834834375 0.3072365328125 0.38359641718750004 0.3058527078125 0.37689506875 0.2976892828125 0.35932436874999996 0.31102434375 0.363281765625 0.31636194687499997 0.3685583171875 0.31596656562500003 0.35774139531250004 0.3292117328125
1 0.3561584578125 0.1887647421875 0.366711528125 0.1907416328125 0.3785837171875 0.19192776250000002 0.38544320625 0.18896243125 0.41129822968749996 0.19528847968750002 0.4260725109375 0.20556830312500002 0.43398730468749996 0.2144643140625 0.446123346875 0.2164411984375 0.4524551671875 0.20873133125 0.4593146578125 0.20003301406250001 0.4537743234375 0.197660746875 0.45008074374999996 0.19350927812500002 0.442693584375 0.204184478125 0.434514975 0.198846878125 0.416574746875 0.185997096875 0.38544320625 0.1790779765625 0.37304334843750003 0.18224100468749999 0.361698828125 0.1776941578125 0.369613621875 0.162274415625 0.358617571875 0.1556035078125 0.3485074828125 0.16800739375 0.352464878125 0.17235655156250002 0.3474521796875 0.18125255625 0.3561584578125 0.1887647421875
1 0.6501134171875 0.503329421875 0.6629551859375 0.5060357546875001 0.6689747515625 0.511749109375 0.6934543625 0.4970146421875 0.691046515625 0.48859495624999993 0.6806125953125 0.4879935515625 0.6693760421875 0.49581183281249996 0.5574120406249999 0.3337327609375 0.56904985625 0.3286208046875 0.5726616015625 0.320501815625 0.56062246875 0.3129842328125 0.55018855 0.323208146875 0.5525963703125 0.329222209375 0.5397546296875 0.3412503453125 0.6501134171875 0.503329421875
1 0.4635067125 0.643397703125 0.4731380234375 0.6439991078125 0.47594716249999997 0.6470061312500001 0.49681500156249997 0.6382857328125 0.49159804218750003 0.628963928125 0.481164121875 0.6322716640625 0.473539340625 0.63678223125 0.40010056250000003 0.49094112812499996 0.41535015 0.4801158109375 0.4065214453125 0.47289893125000004 0.39689013281249996 0.48101791875 0.3992979546875 0.4852277671875 0.38846271875 0.4921439421875 0.4635067125 0.643397703125
1 0.6107855890625 0.8199475625 0.6051673125 0.8232552984374999 0.6087790296875 0.8334792203125 0.6392782078125 0.8226538937500001 0.6376729937500001 0.8127306843750001 0.62603515 0.8166398265625 0.5176828671875 0.6188847765625 0.532129821875 0.6131714109375 0.522498509375 0.6065559390625 0.49962414062500005 0.6179826609375 0.503637203125 0.625199546875 0.5088541625 0.6230946203125 0.6107855890625 0.8199475625
1 0.45748714531249995 0.9002835890625001 0.45146757812500005 0.892164615625 0.4406323421875 0.8969758531249999 0.372410521875 0.72052249375 0.384850971875 0.7196203765625 0.3800353296875 0.7121027875 0.35882155312499997 0.7185846109375 0.435014065625 0.9005843015625 0.430198421875 0.9026892296875 0.4342114578125 0.90990610625 0.45748714531249995 0.9002835890625001
1 0.3046173375 0.5719756671875 0.302209515625 0.5767869250000001 0.3086304 0.5815981734375 0.32307738124999996 0.573779890625 0.32307738124999996 0.5677658234375 0.31103822187499996 0.565660896875 0.2668946953125 0.45566294531249996 0.27492079375 0.44874677968750004 0.2729142625 0.4376207515625 0.27893385625 0.43732004843750005 0.27497496093749996 0.42898289062500006 0.2584673078125 0.439424975 0.26528948125 0.4475439703125 0.2560594859375 0.4544601359375 0.3046173375 0.5719756671875
1 0.778405628125 0.7651570375000001 0.78683304375 0.7687654765625 0.8646861765624999 0.7368909234375 0.8739161718749999 0.7314782703125 0.8614756937499999 0.7260656078125 0.8518444078125 0.716743803125 0.8229504453125 0.729674046875 0.839002640625 0.742002884375 0.7828199812500001 0.76395421875 0.77599778125 0.7603457796875001 0.7463012359375 0.7741781296875 0.730249040625 0.7795907921875 0.742750690625 0.800004065625 0.757537790625 0.7928217375 0.7475051609375 0.7771851640625 0.778405628125 0.7651570375000001
0 0.27213119531249996 0.460769740625 0.309184809375 0.546410184375 0.41585944062499997 0.44203512968750003 0.36590161875 0.352968109375 0.27213119531249996 0.460769740625
0 0.48491877031249997 0.19777027187500001 0.374717715625 0.3340744046875 0.42467551875 0.42831203437500004 0.5589738984375 0.29157569687499996 0.48491877031249997 0.19777027187500001
0 0.31123305156250003 0.59916123125 0.3526775015625 0.7041008953125 0.464935665625 0.61205706875 0.3994027578125 0.5167102359375 0.31123305156250003 0.59916123125
0 0.414319765625 0.5031839453125 0.47727816718750005 0.5965017015625 0.6389063968750001 0.488823640625 0.5542719609375 0.36914875 0.414319765625 0.5031839453125
0 0.38782098593750003 0.739734021875 0.435842584375 0.8686884875 0.5962953 0.7920586968750001 0.5213585968750001 0.6545122375 0.38782098593750003 0.739734021875
0 0.537765296875 0.6386670328124999 0.6180863624999999 0.7896011578125 0.8373130171875 0.6833231718749999 0.7191774609375 0.5203829828125001 0.537765296875 0.6386670328124999