3 0.735792625 0.8575689265625 0.7329753250000001 0.888900909375 0.7480156921875001 0.8917957734374999 0.75039089375 0.8852983734375 0.76329293125 0.8826973312499999 0.7688952203125 0.7698299140625 0.765541946875 0.760244796875 0.767973921875 0.73027835625 0.779039684375 0.7300207984375 0.776351471875 0.7061555125 0.75624941875 0.7001812921874999 0.755758496875 0.718138628125 0.7534198875 0.7683494984375 0.7608129984375 0.7727789609375 0.7534690703125 0.84887479375 0.7523294 0.86592690625 0.7474642 0.8591378921875 0.735792625 0.8575689265625
3 0.762059940625 0.409781275 0.7612993968749999 0.44301829374999996 0.7773128640625 0.442995253125 0.7779017109375 0.43598800156250006 0.7831736453125 0.4355156296875 0.7889404765625 0.44132589375000003 0.7922732234375001 0.43740187812500003 0.8041147609375001 0.43677659843749994 0.81449373125 0.4337376 0.8173171765625 0.4294757734375 0.8314585671874999 0.4301956515625 0.8286456171875001 0.4173230765625 0.8216972218749999 0.41433771249999996 0.8158814796874999 0.40957759843749997 0.8050440968749999 0.41682338750000003 0.7918723562500001 0.41782930625 0.7787495265625 0.41778506562500006 0.77794295625 0.41255868125 0.762059940625 0.409781275
3 0.7735364734375 0.5338079062500001 0.776772265625 0.48841697812499996 0.77043285625 0.48926388593750003 0.7583774828125 0.488845121875 0.75725058125 0.50740423125 0.7606849671875 0.512569440625 0.5655803406250001 0.5027737812499999 0.5669573421874999 0.48296958593749995 0.5567251296875 0.48285804218750006 0.55477726875 0.502135628125 0.5589165859375 0.5034379953125 0.55938266875 0.52161035 0.7543242828125 0.5349065578125 0.7629961171875 0.53470471875 0.7735364734375 0.5338079062500001
3 0.8014826765624999 0.057696646875 0.8063966796875001 0.0360513671875 0.7922415234375 0.0355617890625 0.7918161765625 0.044694153125000004 0.791350775 0.062037571874999996 0.7877291265624999 0.0589290421875 0.5917315125 0.142855990625 0.5878521343750001 0.1379289375 0.589818696875 0.1251117859375 0.5797080875 0.1289960765625 0.5774437578125 0.148205871875 0.5810441375 0.15177105156249998 0.581713425 0.1668074640625 0.5882261546875001 0.166655878125 0.588608965625 0.158436796875 0.7844814546875 0.0845473890625 0.7936088421874999 0.08707168125 0.8043624953125 0.08408465312499999 0.8065817640624999 0.0584902421875 0.8014826765624999 0.057696646875
3 0.5703854796875001 0.44778496562500003 0.57347015 0.4119688265625 0.5669937 0.41211956718750004 0.5604961515625 0.41272436875 0.5499294234375001 0.4129703125 0.43171566875 0.4216182671875 0.43199806093750004 0.43748688593749996 0.42754569687500005 0.43804409375000003 0.42816892968750003 0.4539047796875 0.43600878906249996 0.45372230468749997 0.43783751718749997 0.44370104687499995 0.43602496406249996 0.43875388437499996 0.5562204125 0.431420540625 0.5602523625 0.4472018875 0.5703854796875001 0.44778496562500003
3 0.43334219999999996 0.51097505 0.43455897656250003 0.483045334375 0.42753758125 0.4820812390625 0.4252199734375 0.49528891406250003 0.33684923125 0.491902828125 0.3370445421875 0.5023305609375 0.33090899375 0.5024733671875 0.32865479531249997 0.5143188328125 0.3313817109375 0.5142553640624999 0.3317698453125 0.5278536375 0.3409942875 0.5271853421875 0.34275461875 0.5040119703125 0.420389396875 0.5112765296874999 0.42550234062500003 0.511157525 0.43334219999999996 0.51097505
3 0.33964482500000004 0.478280640625 0.34163006875 0.45702328281250004 0.3369287328125 0.45646987031249997 0.3422836671875 0.41094011874999997 0.316178121875 0.41055346875 0.309032490625 0.40906265937499997 0.31641268437500003 0.277315496875 0.2911536578125 0.2694374703125 0.290244715625 0.2503669796875 0.2827882140625 0.25020910625 0.27927582968750003 0.2668620609375 0.28263913125 0.26943520468750004 0.282519125 0.282694953125 0.2887303125 0.2828818109375 0.3081283453125 0.28839594375 0.30068634843750003 0.42147022187500005 0.33275398749999996 0.42204954062500005 0.3298092875 0.4639067484375 0.3327980671875 0.46383718281249997 0.33113731875 0.4781270796875 0.33964482500000004 0.478280640625
3 0.2563614484375 0.6626917640625 0.254810690625 0.6799619140625001 0.26522508125 0.6807137796875 0.2655614140625 0.6628090578125 0.272332546875 0.6616571718750001 0.2785900953125 0.6608486874999999 0.2818915875 0.6647489203125 0.2972700171875 0.6604139078125 0.3190332546875 0.6632216 0.31749615000000003 0.6748572171875 0.32717879375000003 0.6752947125000001 0.33040757187500003 0.6487056171875001 0.3207094734375 0.6485999203125 0.285311234375 0.6500866734375 0.2847340203125 0.6464544437499999 0.2703500375 0.6454635453125 0.2678148125 0.6518196078125 0.26112096406249996 0.6513125578125 0.260564653125 0.663256784375 0.2563614484375 0.6626917640625
4 0.22742145156250002 0.3713153578125 0.2249042578125 0.38815514218749997 0.232906121875 0.37694625937500004 0.234996178125 0.341325965625 0.246160803125 0.31446301249999997 0.24779187500000002 0.2856125359375 0.24868425156249999 0.26645284999999996 0.254125621875 0.24833562343749999 0.26123363125 0.2407059984375 0.2657716015625 0.23581564687499998 0.26111447499999996 0.2340101453125 0.2548494984375 0.235878471875 0.24807481562499997 0.2456056265625 0.24390903437499997 0.2610137078125 0.243506925 0.2943247859375 0.241732684375 0.31082555625 0.23428556406249998 0.32573585 0.229615115625 0.3458095359375 0.22759573125000002 0.3552346140625 0.22742145156250002 0.3713153578125
3 0.2795716109375 0.4294004125 0.281464646875 0.4032556734375 0.2742088828125 0.4026157921875 0.26529465 0.4028232734375 0.2605972140625 0.4037413671875 0.25822225625 0.41997197656249996 0.25505761875 0.4227415203125 0.2542989890625 0.42599424218750004 0.24463721718749998 0.424871184375 0.24342459375 0.43352623437500004 0.252123659375 0.4335933609375 0.2569874484375 0.4377935671875 0.2623178 0.436321565625 0.2654654484375 0.4208817390625 0.26770510625 0.41624659687500004 0.2710878671875 0.4218292328125 0.27177403437500003 0.42882257187499995 0.2795716109375 0.4294004125
3 0.25409007968749997 0.4460498765625 0.24184367812500002 0.4487314234375 0.2414697234375 0.456058096875 0.24937854218750002 0.4558740171875 0.2531588703125 0.458214646875 0.255615884375 0.46026226875000004 0.2561287796875 0.47012671875 0.256420975 0.47951058281250003 0.2631969796875 0.4801624109375 0.2775696171875 0.47950406718750005 0.2789755390625 0.45453750625 0.2697207578125 0.454914821875 0.268881025 0.4677251078125 0.26150420625000004 0.46692535468749996 0.2600143640625 0.4467215234375 0.2573979296875 0.44548715312500003 0.25409007968749997 0.4460498765625
5 0.845026 0.470163 0.015425946856846905 0.01284549211621524
5 0.838427 0.528066 0.015462334160399748 0.01362674211621524
2 0.841385 0.581845 0.012519270678164319 0.01746025693385427
2 0.834675 0.67565 0.01233733416039975 0.013554006933854269
2 0.828673 0.770999 0.012519270678164319 0.01746025693385427
2 0.821689 0.887441 0.012300946856846906 0.012772756933854268
2 0.849662 0.705737 0.013955492142117266 0.031540940729444425
2 0.9035 0.63893 0.014045383374611475 0.016715374525034753
5 0.90506 0.672451 0.013336907981717161 0.018259690729444424
5 0.908643 0.612276 0.010139133374611475 0.01662445554708327
0 0.736852215625 0.5555585515625 0.72067633125 0.8199149718750001 0.73819211875 0.8239268140625 0.7484048796875 0.8207534953125 0.7546270453125 0.700667671875 0.7713914625 0.691889984375 0.7795614953125 0.5705007203125 0.770823290625 0.5690265875 0.7656033250000001 0.5527924984375 0.7539921734374999 0.5522240046875 0.736852215625 0.5555585515625
2 0.858352 0.334843 0.012737594499481818 0.02214775693385418
2 0.864317 0.240275 0.014972182588823203 0.019858558320625087
2 0.872699 0.144091 0.01571704528527036 0.019095492116215286
2 0.881282 0.026831 0.012592045285270359 0.019022756933854176
2 0.880435 0.497433 0.02945205955329371 0.012391550436840326
5 0.943192 0.456952 0.011483309553293708 0.011973323138263936
5 0.898391 0.413512 0.01457192224974122 0.011264808320624908
5 0.926207 0.40272 0.015425946856846905 0.01284549211621524
0 0.7677425765625 0.10842931250000001 0.749066590625 0.38119697656249996 0.7764190875 0.38135183125 0.78641075 0.3626668125 0.7983172187500001 0.3636478046875 0.7956343203125 0.4077445375 0.8082487453124999 0.40703156093750004 0.8352026140625 0.0106546 0.82199755625 0.010542578125 0.8142812812500001 0.135695646875 0.807760925 0.14062841718750002 0.8041193328125 0.1377775671875 0.793857396875 0.1082408578125 0.7857880421875 0.10591241093749999 0.7677425765625 0.10842931250000001
1 0.5856911578124999 0.5244964249999999 0.5609259046874999 0.8269485156249999 0.7051317328125 0.8900879296875001 0.730571478125 0.5352353 0.5856911578124999 0.5244964249999999
1 0.4614700140625 0.17783042031250001 0.450856434375 0.41696617187499996 0.547518246875 0.41125862656249995 0.563222821875 0.133871775 0.4614700140625 0.17783042031250001
1 0.5202391796875 0.7550935859375 0.5435735609375001 0.436156340625 0.45026104062499994 0.44278435156249996 0.4319761765625 0.7157751453125 0.5202391796875 0.7550935859375
1 0.398166040625 0.7414957234374999 0.41633697343750004 0.5133862671875 0.34468129375 0.5091126187499999 0.3323010859375 0.7151243578125 0.398166040625 0.7414957234374999
1 0.35925698906250003 0.25596328125 0.3466900390625 0.4600971234375 0.4170327359375 0.462570215625 0.4295097140625 0.230562265625 0.35925698906250003 0.25596328125
1 0.6073838890625 0.16161302500000002 0.5862635046875 0.49761650937499996 0.729451121875 0.500592453125 0.762192240625 0.10060020624999999 0.6073838890625 0.16161302500000002
0 0.52751351875 0.7399253078125 0.5631913125 0.7497727359375 0.5800711 0.5273528046875 0.5384581765625 0.5269838499999999 0.52751351875 0.7399253078125
0 0.403784509375 0.6939636796875 0.429049196875 0.70073195 0.4411700578125 0.515873140625 0.41562477031249995 0.5151302062500001 0.403784509375 0.6939636796875
0 0.5494103234375001 0.4060011765625 0.5857627984375 0.405149771875 0.6003814265625 0.1774324203125 0.5616908828125 0.18970180781249998 0.5494103234375001 0.4060011765625
0 0.4208075015625 0.42027273125000003 0.44831219375 0.416374034375 0.45748279218750004 0.2302464078125 0.43162565781250006 0.23619826875 0.4208075015625 0.42027273125000003
0 0.3181799125 0.532292584375 0.312406853125 0.6394696171875001 0.31122715625 0.6445933234375001 0.32945737343750003 0.64761355 0.3277762640625 0.671381740625 0.33318248125 0.672404084375 0.3416539421875 0.5336598718750001 0.3277340578125 0.530539309375 0.3181799125 0.532292584375
0 0.3316670203125 0.2858595828125 0.3263432171875 0.39871422343749996 0.3449202796875 0.40190002343750003 0.345734346875 0.4214001359375 0.34889525625 0.421326565625 0.35393626093749997 0.28227945781249997 0.3316670203125 0.2858595828125
0 0.273181009375 0.537014 0.266577296875 0.6425533515625 0.296363125 0.64325516875 0.30486159687500003 0.534745725 0.273181009375 0.537014
6 0.338579 0.435907 0.017696922249741044 0.011337543502986236
6 0.343309 0.334344 0.02824062406898662 0.10367051386770836
6 0.355805 0.686015 0.009884422249741042 0.011155705547083273
5 0.375392 0.382763 0.00981164764263518 0.009593205547083272
5 0.375867 0.339049 0.011374147642635179 0.009629573138263936
5 0.379613 0.292138 0.009066784946188022 0.010356271751493118
5 0.382378 0.232763 0.009848034946188022 0.010374455547083272
3 0.4109533328125 0.7246562203125 0.40981647656250003 0.7418658796875001 0.41888559843750006 0.7419467671875 0.41941182499999996 0.73064846875 0.535343140625 0.780011575 0.5394263375 0.7802806046875 0.5365623234375 0.800734953125 0.546129425 0.8005122765625 0.550246571875 0.8000523828125001 0.5520459265625 0.7614195140625 0.5452631968749999 0.7604851890625001 0.5378319625 0.7617503484375 0.4206375171875 0.7160573078125 0.41481063906250004 0.712188196875 0.41399409218749994 0.7238573171875 0.4109533328125 0.7246562203125
3 0.3462785640625 0.27110400156250003 0.3457807171875 0.281792965625 0.353865328125 0.28014878906249996 0.35517783281250004 0.25196879375000003 0.4414399765625 0.220840903125 0.4527815265625 0.21960625625 0.45231730625 0.19049694374999998 0.444255325 0.191655259375 0.44464700312499994 0.20669153593749998 0.44139006406250003 0.2062820078125 0.350574128125 0.24139857031249998 0.3492343421875 0.2545338078125 0.34408753281250004 0.2556242703125 0.34085787500000003 0.2702595 0.3462785640625 0.27110400156250003