1 0.735307978125 0.7691662406249999 0.7380208578125 0.76410224375 0.7285617359375001 0.749308725 0.760571334375 0.7367400140625 0.764222103125 0.7409336265625 0.776731325 0.7361756953125 0.8142740999999999 0.7212532140625 0.8420457203125 0.704943515625 0.8389469281249999 0.7018109078125 0.8282781625 0.689436225 0.8047233374999999 0.698008478125 0.8158535078125 0.7153363078125 0.7646119812500001 0.7365706375000001 0.7612296578125 0.7332318703125 0.7123218812500001 0.7533044328125 0.7230778921875001 0.7743182562500001 0.735307978125 0.7691662406249999
1 0.48455351718750006 0.599176503125 0.48804635 0.608234075 0.49519448906249997 0.607130546875 0.5930202078125 0.798432571875 0.5835164484375001 0.8028205265624999 0.5907110109375 0.81196231875 0.620259159375 0.7996274750000001 0.6157095453125 0.7905954703125 0.6059753484375 0.7926432140624999 0.6018873734375 0.7846738109375 0.5048126203125001 0.5978285999999999 0.5159674796875 0.5959447171875001 0.5101687328125 0.5880350484375 0.49865414531249996 0.5931336609375 0.48455351718750006 0.599176503125
1 0.5728679062500001 0.8211560875 0.5779145359375 0.8193300000000001 0.5749398859375 0.8095347500000001 0.56247760625 0.8117697828124999 0.5503391171875001 0.81729321875 0.55529609375 0.8279191625 0.5643737609375 0.8249024046875 0.5680891546875 0.8286723125 0.5771423640625 0.826706315625 0.5825908359375 0.8334154390625 0.6034948546875001 0.8296857203125001 0.6050485609375 0.8317312781249999 0.6165101125 0.8269148843749999 0.612677321875 0.8221656968750001 0.60460479375 0.8249973734375 0.5985565203125 0.8268584390625 0.5927260359375001 0.8279619609375001 0.587923971875 0.8192804359375 0.577827190625 0.8230827171874999 0.57519846875 0.824224425 0.5728679062500001 0.8211560875
1 0.40981011250000005 0.88456053125 0.4071659515625 0.8858768265625001 0.4118640703125 0.894564571875 0.43333281562500003 0.884512753125 0.4276301 0.8768785343750001 0.4190551546875 0.8803602796875 0.3550912703125 0.7090451734375 0.366276140625 0.7057170875 0.361204546875 0.69904000625 0.34172605625 0.7077983625 0.40981011250000005 0.88456053125
1 0.24922700937500003 0.429618346875 0.257051746875 0.43683134843750004 0.24647539218749998 0.4476814390625 0.28982565937500004 0.5597091265625 0.2873530609375 0.565784475 0.2945751703125 0.57027356875 0.30680055781250004 0.5601145187500001 0.2966020421875 0.5547311953125 0.25412379375 0.44816298125 0.2637002921875 0.43734780781250004 0.260617253125 0.42672517968749996 0.2663414625 0.42402985937500004 0.26280888281250003 0.41841376874999997 0.24922700937500003 0.429618346875
1 0.22423715 0.4015534609375 0.1959417140625 0.401044309375 0.18738641875 0.3966017703125 0.1730798 0.410327084375 0.176308159375 0.4147061015625 0.18193355 0.4162564515625 0.1947790515625 0.40807207968750003 0.230056315625 0.40908604843749996 0.278240984375 0.3420234578125 0.289894803125 0.3421155796875 0.3055850171875 0.35479338125000004 0.3182096296875 0.35609930625 0.3350527640625 0.3335514625 0.3400115390625 0.3351250859375 0.34693326562500004 0.3239035359375 0.339775096875 0.31666725625000003 0.3323204734375 0.322167946875 0.310367409375 0.3496355375 0.2993491890625 0.33654504687500003 0.274427434375 0.334171290625 0.2699899078125 0.338818009375 0.22423715 0.4015534609375
1 0.410582921875 0.45089414687499996 0.4175647265625 0.45139895937499996 0.43354363124999995 0.43736571562500004 0.42701136718750005 0.43185435937500005 0.41771972343749997 0.430432034375 0.3583583875 0.3195118875 0.37074658125000004 0.3023599921875 0.36431895000000003 0.29235324218750003 0.3733296234375 0.291539484375 0.37246923125000003 0.285580528125 0.3657800203125 0.28681230156250004 0.3590152421875 0.2912907390625 0.3506270953125 0.2969584109375 0.3561230984375 0.30108382031250003 0.35663274375 0.30780365625 0.35064116562500003 0.321987225 0.4125691015625 0.43709998125 0.41247609531249996 0.441095903125 0.4083428359375 0.4469797 0.410582921875 0.45089414687499996
1 0.36656630625000003 0.14795578125 0.36420338124999996 0.14314943125 0.3541102453125 0.14181608125 0.34503826875 0.154607909375 0.34936875 0.16187427031249998 0.34451073593750003 0.1676071046875 0.3511321375 0.17310765625 0.3728159625 0.1790936953125 0.3805500890625 0.175451984375 0.4060577890625 0.181473078125 0.4275688421875 0.19488274218749999 0.43534355625 0.199162940625 0.4431653953125 0.20141852187499998 0.457524971875 0.18383046249999999 0.4481202796875 0.1818586203125 0.44440244843750004 0.1772681703125 0.43653480624999996 0.186646315625 0.41128628593750005 0.1694897921875 0.391562165625 0.16630119375000002 0.36948430781249997 0.16757791875 0.356045128125 0.16501275625 0.36656630625000003 0.14795578125
1 0.26960721875 0.2922098125 0.2656865671875 0.28813430156250003 0.25351435 0.286633690625 0.2474357015625 0.2786618234375 0.23997949218749998 0.28157 0.23556913750000003 0.284732890625 0.22850170625000002 0.2847389828125 0.2267876546875 0.28937233125 0.23563830624999998 0.295562425 0.24310575 0.2921724265625 0.2495049265625 0.29327286875 0.256375165625 0.29483827812499996 0.2466918125 0.303721634375 0.2515853875 0.3074021078125 0.25913505468750003 0.307379175 0.26960721875 0.2922098125
1 0.23546080156250002 0.3376928703125 0.239016946875 0.3367262015625 0.242541309375 0.3302243125 0.24797225156249997 0.3246186859375 0.24761615468749998 0.3192151453125 0.2392879515625 0.31818206875 0.23523553281249998 0.3197678421875 0.23076910625 0.32533978750000003 0.22694752187499997 0.323908625 0.22542133125000002 0.320471628125 0.23012606249999998 0.3046611828125 0.2291493921875 0.29831648125 0.22131414062500002 0.2954424640625 0.216997765625 0.302832890625 0.2220128140625 0.308194090625 0.218257615625 0.3177129140625 0.2184389484375 0.3237243328125 0.22097266875 0.33218105625 0.23202521250000002 0.333480065625 0.23546080156250002 0.3376928703125
1 0.6693770046874999 0.46298799687500003 0.6583050890625 0.47336280625000005 0.6519321203125 0.47275301093750005 0.5483885093749999 0.3159416015625 0.55127445 0.31126291093749997 0.557130340625 0.3102260734375 0.5642336859375 0.3033192390625 0.5679291656250001 0.299652709375 0.5608096515625001 0.2953234171875 0.5530573859375 0.29541943437499996 0.54232159375 0.30328547031249997 0.5455210109374999 0.30900017343749997 0.5341178765625 0.321675503125 0.63840878125 0.48217299062499996 0.6506022812500001 0.482163359375 0.6565519171875 0.4890305453125 0.6822021453125 0.47273639375 0.6693770046874999 0.46298799687500003
0 0.60135294375 0.758664825 0.8094315015625 0.6581834609375 0.704108946875 0.491598778125 0.51983246875 0.6191865562500001 0.60135294375 0.758664825
0 0.5675203765625 0.7799126546874999 0.500610240625 0.6357370421875 0.365775625 0.7298398125000001 0.4241278171875 0.853071653125 0.5675203765625 0.7799126546874999
0 0.2952545984375 0.5898830562499999 0.33576806718749996 0.6876706078125 0.436126934375 0.6073122359375 0.3835930625 0.5038732875 0.2952545984375 0.5898830562499999
0 0.47396410624999996 0.5665868953125 0.6176448984375 0.46335341718749995 0.5425228390625 0.35246959218749996 0.41572611249999997 0.4721689515625 0.47396410624999996 0.5665868953125
0 0.41801366875 0.40760651406250004 0.5363752109375 0.2793799265625 0.47328719062499996 0.1910125109375 0.3673431734375 0.3252748109375 0.41801366875 0.40760651406250004
0 0.30052922187500003 0.5318743640625 0.3944461140625 0.4286344171875 0.343914903125 0.3539233125 0.2647149109375 0.45196448125 0.30052922187500003 0.5318743640625
