1 0.362824259375 0.6547357953125 0.1265617515625 0.6577203796875 0.034650559375 0.8554720765624999 0.31771447343750003 0.8643418359374999 0.362824259375 0.6547357953125
1 0.709041875 0.6225714124999999 0.39496498281250003 0.64321441875 0.354366175 0.8546152375 0.741182596875 0.84060873125 0.709041875 0.6225714124999999
1 0.732160640625 0.5463116625 0.7073502578124999 0.410132984375 0.49928136562500003 0.4338581046875 0.484620684375 0.5658605375 0.732160640625 0.5463116625
1 0.454171578125 0.5722909265625 0.47052387656250005 0.448229221875 0.25512464375 0.464276240625 0.198737409375 0.5871952828125 0.454171578125 0.5722909265625
1 0.42203085468749996 0.40036583437499995 0.4372554078125 0.323471321875 0.285009878125 0.33757935 0.2449749421875 0.41863674531250006 0.42203085468749996 0.40036583437499995
3 0.7425604171875 0.5851453906249999 0.7387621281250001 0.56656531875 0.7066876875 0.57856311875 0.757753571875 0.8950533890625 0.7581756046875 0.9250449015625 0.7615518609375 0.945145190625 0.8096635203125 0.9459054734375 0.8079753921874999 0.90171761875 0.785185659375 0.8937757187500001 0.7269452281250001 0.5858726796875 0.7425604171875 0.5851453906249999
3 0.6882701578125 0.3807323375 0.66838615625 0.2733298359375 0.636315184375 0.274253415625 0.6388808625 0.285536928125 0.6600477031249999 0.2851212171875 0.6757624796874999 0.38302534375 0.6783281578125 0.4005805140625 0.703984934375 0.39881538125 0.7049470640625 0.3850869546875 0.6882701578125 0.3807323375
3 0.653242659375 0.16690232031250002 0.653242659375 0.1500759359375 0.632161878125 0.157941309375 0.6300107781250001 0.2085206484375 0.5198744515625 0.224358028125 0.5220255515625001 0.28467985156250003 0.4888986109375 0.29081177812500003 0.4751315703125 0.29451232968749996 0.4755617890625 0.30825933125 0.5297695124999999 0.304204896875 0.5297695124999999 0.24072354218749997 0.6390453984375 0.23257459374999997 0.640336059375 0.1682682890625 0.653242659375 0.16690232031250002
3 0.327697846875 0.20384261874999998 0.31400375937499997 0.2053991125 0.3152956546875 0.21957849375 0.3292481203125 0.218009965625 0.32950650000000004 0.233156165625 0.32950650000000004 0.24326165624999999 0.3300232578125 0.2606925265625 0.3310567734375 0.28085536875 0.3318319109375 0.292302775 0.32950650000000004 0.314459425 0.318396203125 0.317273596875 0.317621065625 0.32603716875 0.3377746265625 0.3269358625 0.3401000390625 0.2946737234375 0.340875175 0.278101365625 0.3351908375 0.2517243734375 0.3401000390625 0.2427682546875 0.3367411109375 0.21123020937499998 0.327697846875 0.20384261874999998
6 0.544735 0.17042 0.009375 0.030124147642635178
6 0.461922 0.153282 0.08046875 0.04906039226595169
6 0.661141 0.203186 0.07734375 0.08407109305173996
1 0.6534744078125 0.2936774296875 0.487969646875 0.314411775 0.4759015921875 0.3931288796875 0.665973465625 0.378146334375 0.6534744078125 0.2936774296875
3 0.4767319328125 0.58437265625 0.49852282187499997 0.4105598 0.4738647109375 0.413747184375 0.47300454375 0.42143317343750003 0.485046878125 0.42444039062499994 0.46296926562499996 0.5946985031249999 0.44519248749999996 0.5980751125 0.44461904375000005 0.6128839453125 0.47644521093750003 0.6119113453125 0.4767319328125 0.58437265625
3 0.43380177187499996 0.4082056515625 0.45672693593749997 0.3047743734375 0.43006976874999997 0.30317251875 0.42900348125 0.3117524765625 0.44499778125 0.31859001249999996 0.4204731875 0.4107220609375 0.4204731875 0.42967826875000004 0.45032921562499995 0.42354865 0.45032921562499995 0.4169139765625 0.43486805781250004 0.41763409218750003 0.43380177187499996 0.4082056515625
3 0.1811535953125 0.6113861843749999 0.25474654218750004 0.4421986578125 0.24142655156249998 0.4422270484375 0.23809655468750002 0.4500781390625 0.24442355 0.45155945312499995 0.1678336046875 0.6208865671875 0.153514615625 0.6180014875000001 0.14885261875 0.6324266140625 0.1814865953125 0.6332746593749999 0.1811535953125 0.6113861843749999
3 0.41031665781250004 0.6156819515625 0.41249060625 0.6030201125 0.38151185 0.6083277671875 0.309771571875 0.90249503125 0.309771571875 0.949838784375 0.347272171875 0.9548555578125001 0.34998960625 0.920912025 0.329337103125 0.9209077328124999 0.3298805890625 0.8976936421874999 0.3918381015625 0.6107454109375 0.41031665781250004 0.6156819515625
3 0.514637528125 0.15061425781249999 0.51482601875 0.124133065625 0.5069094265625 0.1285229125 0.5076633875 0.16065680625 0.516710921875 0.160235409375 0.521800159375 0.16301421875 0.5206692171875 0.174124990625 0.5108677234375001 0.1755867828125 0.5121871546875 0.1889290828125 0.5312246734375 0.18335108125 0.5289627890624999 0.15430326875 0.514637528125 0.15061425781249999
3 0.49805038437500004 0.15942906875 0.4965424609375 0.13135141875 0.4897568109375 0.1343482171875 0.4884373796875 0.1535100203125 0.484102103125 0.16041381562499998 0.46996533124999995 0.1650933703125 0.47034231249999997 0.1935587875 0.48994530156250005 0.192980859375 0.48919134062499997 0.181287690625 0.4797668265625 0.17636514375 0.4795783359375 0.1706773265625 0.4822172 0.16586310625 0.49183020468749994 0.16340481093749998 0.49805038437500004 0.15942906875
4 0.545678275 0.11004156406250001 0.5684417859375 0.109543396875 0.607645609375 0.1110898234375 0.638629275 0.11358116874999999 0.654121109375 0.11117343906249999 0.6645543843749999 0.1134978109375 0.6677159828125 0.1330227265625 0.6737230203125 0.1546633609375 0.6730907015625001 0.1704305484375 0.6734068609375 0.1928983015625 0.6746715 0.2119495078125 0.6838401359375 0.2126465953125 0.68447245625 0.1923829125 0.680994696875 0.1650038546875 0.6794138984375 0.148777684375 0.6740391796874999 0.1254214125 0.6702452625 0.11210862968749999 0.66645134375 0.10329234218750001 0.654121109375 0.0999322 0.641790875 0.0999444265625 0.6212404828125 0.1014636390625 0.5858305781250001 0.098616384375 0.56306706875 0.10023867500000001 0.5437813171875 0.1011369234375 0.545678275 0.11004156406250001
0 0.726720275 0.8675731343749999 0.457830584375 0.8742434921875001 0.4600256015625 0.94633295625 0.48197578124999996 0.9667730062500001 0.702575078125 0.9643029375 0.726720275 0.9417159609375 0.726720275 0.8675731343749999
0 0.28552168125 0.9173891953125001 0.2899117171875 0.8820644390625001 0.0693124203125 0.8806322546875001 0.0616298578125 0.89855021875 0.0594348390625 0.943528375 0.2866191890625 0.948556109375 0.28552168125 0.9173891953125001
0 0.6883074609375 0.60596009375 0.6817224078125 0.555537496875 0.48307328906249997 0.5764964890625001 0.4775857453125 0.6274813781249999 0.6883074609375 0.60596009375
0 0.366886353125 0.636817365625 0.37737621093749996 0.58579700625 0.2041243734375 0.598678890625 0.18246789375 0.64781306875 0.366886353125 0.636817365625
0 0.41392152031249996 0.4409214875 0.41865887500000004 0.41002082968750003 0.27789175781250003 0.4249991265625 0.2677402828125 0.4549488140625 0.41392152031249996 0.4409214875