0 0.292836646875 0.348616825 0.6035646234375001 0.340636015625 0.6543102140625 0.11039473125000002 0.2610990046875 0.1157688921875 0.292836646875 0.348616825
0 0.6382778671875 0.3388907953125 0.8821835218749999 0.334385271875 0.96863610625 0.1239986578125 0.6899453828125 0.1179037234375 0.6382778671875 0.3388907953125
0 0.5291750359375 0.5355198265625 0.749589321875 0.5218913953125 0.8000953265625 0.3996798546875 0.543195771875 0.4088907625 0.5291750359375 0.5355198265625
0 0.2896725046875 0.5508025703125 0.5083417015625 0.5356410312500001 0.5180490953125 0.4136668484375 0.265498796875 0.42439571562499995 0.2896725046875 0.5508025703125
0 0.3468053875 0.6723878875 0.5134361421875 0.665245409375 0.52597215625 0.5818363234375 0.3367540015625 0.5860236859375 0.3468053875 0.6723878875
0 0.56629775 0.6495052484375 0.7242479484375 0.642413271875 0.7559081203125 0.5635227109375001 0.580614765625 0.5738021109375 0.56629775 0.6495052484375
1 0.368612503125 0.6958423921875 0.3670020984375 0.6809525843750001 0.34302308593749997 0.6844782671874999 0.32644083749999997 0.5843439187499999 0.3259614078125 0.567415828125 0.2993040515625 0.5689253843750001 0.3001210734375 0.5784019265625 0.313842503125 0.57967656875 0.337376084375 0.6960241203125 0.368612503125 0.6958423921875
1 0.549040390625 0.67493726875 0.5711554796875 0.6726936125 0.574196878125 0.6637929359375 0.5561142765625 0.6638981375 0.5786200078125 0.5652084 0.5780358718749999 0.5465998359375 0.5566296484375 0.54799336875 0.5547852765625 0.55815608125 0.5673881296875 0.5568137625 0.565793990625 0.5690900109375 0.54614586875 0.668186121875 0.549040390625 0.67493726875
1 0.505085190625 0.5630982171875 0.5281519968749999 0.5608490234375 0.5297707421875 0.552802621875 0.520253584375 0.552857990625 0.540886328125 0.37761630468749996 0.5570728796875 0.37879113124999997 0.55628280625 0.3656827546875 0.5277264078125 0.36500289218750004 0.5273612890625 0.3840399765625 0.505085190625 0.5630982171875
1 0.59005149375 0.3625253 0.5894435234375 0.3807178015625 0.6231851421875 0.3729075125 0.6872269125 0.09293248750000001 0.6916688171875001 0.0793706734375 0.688746453125 0.0269357796875 0.6518699234375 0.027573321875 0.6501904281249999 0.0660760140625 0.66997790625 0.07272888125 0.60530601875 0.3670895421875 0.59005149375 0.3625253
1 0.8511683015625 0.3570560015625 0.8187598140624999 0.35290691875 0.8215384484375001 0.3730015828125 0.7453328296875 0.5422181609375001 0.7635344484375 0.544478246875 0.766138734375 0.5346048453125001 0.7586043109375 0.5358316703125 0.8342156359375 0.378842778125 0.8348122234375 0.3670094078125 0.8505717140625 0.36888937187500004 0.8511683015625 0.3570560015625
1 0.2608569125 0.3825728109375 0.264712446875 0.3971405890625 0.29394686875 0.3894782390625 0.2403833171875 0.06604495625 0.2415604328125 0.039618 0.2398655796875 0.015179403125 0.21590166718749998 0.0137415 0.21203768125 0.035846459375 0.1909503265625 0.0332088328125 0.19422074375 0.0615815625 0.21882941718749999 0.059466743749999995 0.2188982390625 0.0712962421875 0.27416509843750003 0.3824953875 0.2608569125 0.3825728109375
1 0.6668884859374999 0.6572794484375 0.662862984375 0.6934494875 0.667867990625 0.728562915625 0.6650937828125 0.7371136734375 0.667251565625 0.768227375 0.6791643453125 0.777194725 0.6898774859375 0.774120178125 0.6897986281249999 0.7605656546875 0.675682253125 0.76114981875 0.6741710203125 0.7440893734375 0.6755099343750001 0.731530675 0.6721641953125 0.69038315625 0.6754067921875 0.6652624734375 0.6849874703125 0.6616924796875 0.685228965625 0.6546625640625 0.6668884859374999 0.6572794484375
1 0.34863940625 0.8047215187500001 0.3481447296875 0.8167732671874999 0.36227278749999997 0.8181971828125001 0.36475584687499996 0.8081420093749999 0.37490713593749997 0.80557276875 0.37380880156249996 0.7624040296875 0.48159551718750004 0.747217890625 0.4834115828125 0.7195953234375 0.482948115625 0.688471765625 0.5168110578125 0.6842584656249999 0.5159142484375 0.6757290640625 0.5297482375 0.67514654375 0.5282778953125 0.6651143703125 0.47494492812500005 0.671951125 0.47362646093749994 0.6880239593749999 0.4743489484375 0.715129721875 0.47529832812499995 0.732695471875 0.3660763171875 0.7438736703125 0.3638678 0.8011186671875 0.34863940625 0.8047215187500001
1 0.48886853124999996 0.824040625 0.4895913078125 0.848328975 0.497707565625 0.844146853125 0.49722139218750006 0.8105535937499999 0.48384500937499997 0.8101145515624999 0.48409063124999996 0.8023601812500001 0.49425399687500005 0.8002336 0.4927131703125 0.7852535406250001 0.4860114484375 0.7827082140625 0.4732435796875 0.7869174 0.472173890625 0.8029463734375 0.4746049375 0.8210224296874999 0.48359638125000004 0.8173520796875 0.48886853124999996 0.824040625
1 0.50740580625 0.81204493125 0.508161659375 0.8420185828125 0.5154267890625001 0.8414594515625 0.5196403328125 0.81610865625 0.5361816203124999 0.8108437921875 0.5342568515624999 0.7798432171874999 0.5165195875 0.779429546875 0.5148714562500001 0.795978746875 0.52853555625 0.7958992515625 0.52597315 0.8052176921875001 0.5152253265625 0.806830809375 0.50740580625 0.81204493125