2 0.151983 0.35755 0.010111984396167627 0.014117042154477667
2 0.163333 0.364649 0.014059177973732772 0.014921018052176738
2 0.235318 0.30333 0.010852290818602839 0.013340337334017516
2 0.260881 0.247993 0.010852290818602839 0.013340337334017516
2 0.331242 0.098357 0.013236984396167805 0.014135222872636933
2 0.183909 0.25536 0.010030097241038049 0.012554542154477665
2 0.18991 0.245236 0.011510710085908472 0.011001132513557365
2 0.218902 0.25869 0.01081134724103805 0.012559087334017515
2 0.224944 0.247784 0.012251016508343326 0.010224427693097126
5 0.147156 0.285625 0.011756371551297561 0.015688632513557364
2 0.17819 0.424128 0.010275758706427496 0.017242042154477843
2 0.159737 0.463096 0.010193871551297562 0.015679542154477664
2 0.142969 0.499728 0.012619508706427496 0.017255677693097125
2 0.123529 0.542597 0.012251016508343326 0.010224427693097126
5 0.345151 0.146109 0.015167976594251797 0.02117556323171659
5 0.566036 0.315414 0.014427670171816587 0.02195226805217674
2 0.720699 0.391336 0.011715427973732684 0.014907382513557365
5 0.750197 0.648617 0.009453565128862352 0.016456246974937905
5 0.782553 0.627706 0.010729460085908294 0.010996587334017604
5 0.815154 0.602106 0.01315509724103805 0.012572722872636888
5 0.775296 0.721442 0.012496677973732596 0.014911927693097127
5 0.796345 0.707498 0.009371677973732595 0.014893746974937904
5 0.821383 0.692013 0.014263895861557074 0.018827268052176827
5 0.60573 0.750933 0.00842665366347326 0.011764201795397966
5 0.63015 0.73232 0.00846759724103805 0.012545451795397965
5 0.654488 0.715269 0.008631371551297562 0.015670451795398145
5 0.657466 0.792653 0.010934177973732685 0.014902837334017604
5 0.639746 0.80271 0.010234815128862351 0.016460792154477842
5 0.621945 0.814328 0.010852290818602839 0.013340337334017604
5 0.907743 0.744094 0.010193871551297518 0.015679542154477845
6 0.693186 0.737375 0.009781113749381376 0.022706246974937904
3 0.38143692812499996 0.75726186875 0.3858371828125 0.7546704140625 0.3805157703125 0.74755363125 0.3749549546875 0.7437372 0.3697553859375 0.7415681453125 0.3667484828125 0.7445180453125 0.36575842187499996 0.7518548218750001 0.36921000937500004 0.7547671484375 0.374163553125 0.7574874609375 0.3737741453125 0.7631712625 0.36644977500000003 0.7650466296875 0.359150578125 0.7621566890625 0.34988618437499996 0.7611109359375 0.34516308906250004 0.7627878906250001 0.34279226406249996 0.7673835703125 0.3465792765625 0.768827740625 0.34807228125 0.776333346875 0.3460944953125 0.7805601875 0.350763609375 0.7830988796875 0.3523543265625 0.7741091296875 0.3510821703125 0.7708175734375 0.354763559375 0.7702463296875 0.359211825 0.7685709703125 0.3605541796875 0.770579190625 0.374736696875 0.77104650625 0.38041209062500003 0.769180734375 0.38143692812499996 0.75726186875
3 0.34281912812500004 0.7442907109375 0.3414125421875 0.73843408125 0.342649275 0.7384268859375 0.3441608359375 0.7384180921875 0.347050175 0.7437162703125 0.350162703125 0.742781784375 0.35382488749999996 0.7418441 0.354741765625 0.738356534375 0.35404145625 0.7328623453125 0.3518391890625 0.7275601703125 0.3450320390625 0.7235677140625 0.3396854546875 0.721216240625 0.3363173015625 0.7225187625 0.335780878125 0.7280201468749999 0.33334647031250003 0.7366482546875 0.32857238125 0.7399749859375 0.325878715625 0.743656165625 0.33060245625 0.7498600484375 0.3328845265625 0.7540621062499999 0.33122958125 0.759203446875 0.33080838125 0.7669034625 0.3303421578125 0.7711215109375 0.3374145359375 0.7749291484375 0.339142665625 0.7659385999999999 0.33842016875 0.76264384375 0.340318153125 0.759517121875 0.3444531796875 0.7571104828124999 0.34221250468750003 0.75107543125 0.338907934375 0.7483455234374999 0.33904833437500004 0.7457788515625 0.34281912812500004 0.7442907109375
4 0.3841976671875 0.8309225250000001 0.375131284375 0.8284094156249999 0.3634510390625 0.82847736875 0.35063968437500004 0.8305679328125001 0.3357700921875 0.830104615625 0.31511286875 0.8267425640624999 0.3064875359375 0.8247767140625 0.30343218125 0.8315756796875 0.3145915765625 0.832060584375 0.3324495125 0.8370884000000001 0.358813925 0.836568465625 0.3804966328125 0.8358924921875 0.389384209375 0.8402393953124999 0.39801252656249997 0.8396393718749999 0.4099705875 0.8370039468750001 0.426048103125 0.8369104109375 0.43352974062499994 0.8432815234375 0.4416564078125 0.84360079375 0.44495181562499997 0.841382315625 0.4443919078125 0.83332145625 0.440061853125 0.8346295765624999 0.4331047 0.8330205718749999 0.42037911718750004 0.8288792718750001 0.409120715625 0.8291280484374999 0.3976451 0.8304777390625 0.3948140203125 0.83415971875 0.3841976671875 0.8309225250000001
0 0.3879683375 0.7651613515625 0.43800221562499997 0.7972471546875 0.4457943703125 0.7670969921874999 0.3925068609375 0.7338940875 0.3879683375 0.7651613515625
0 0.2195230234375 0.6562303125 0.2925062609375 0.703519021875 0.306021684375 0.6565791 0.23169102656249999 0.6039020796875 0.2195230234375 0.6562303125
2 0.689559 0.702187 0.00826287935321357 0.008639201795397965
3 0.7610285640625001 0.6354003390625 0.759229934375 0.6294597109375 0.9280183734375 0.5638092218749999 0.929650715625 0.5665768984375 0.9392877374999999 0.562177084375 0.9304435703125 0.54197445 0.9207135390625 0.5436180203125 0.9222084468749999 0.555114753125 0.754436840625 0.62313976875 0.750604546875 0.6124501046875 0.7442495015625 0.61605773125 0.753635934375 0.6362368296875001 0.7610285640625001 0.6354003390625
3 0.6523827734375 0.4921094046875 0.650010209375 0.4865688640625 0.838615046875 0.3846998078125 0.84370551875 0.3910180171875 0.8542786250000001 0.385955528125 0.8394974203125001 0.35612944375 0.83031418125 0.362530696875 0.834381478125 0.3720287859375 0.6395255109375 0.47948855312500005 0.6379267046875 0.46600872187500003 0.6308458296875 0.47279448437499993 0.6419477140625001 0.49732772968749994 0.6523827734375 0.4921094046875
3 0.739181940625 0.1389933015625 0.7372653031249999 0.13393766406250002 0.724671090625 0.1426024578125 0.73720780625 0.17381144531249998 0.7497097015625 0.1633848328125 0.752470553125 0.1624875875 0.7746126265625 0.20994254375 0.77109190625 0.21525011562500002 0.7930076265625 0.2646890484375 0.8143786140625 0.2530258125 0.8060382203125 0.239869459375 0.7898844296875 0.24948519062500002 0.7766241640625 0.2178231828125 0.77994316875 0.21304300937499998 0.7408547015625 0.12559101718750001 0.7369767609375 0.1284319625 0.741627634375 0.13523406093749998 0.739181940625 0.1389933015625
3 0.335151615625 0.438537603125 0.3469532921875 0.448333165625 0.351016190625 0.4441561734375 0.3630626703125 0.4586228390625 0.51747520625 0.352333046875 0.5224251546875001 0.3502275921875 0.52989808125 0.3294173265625 0.5113262328125 0.30927774218750004 0.5027025546874999 0.3155579671875 0.5122510421875 0.326924153125 0.5132741140625 0.3315907265625 0.356491265625 0.44464349218750004 0.3486625203125 0.43638231562499996 0.34213715312500004 0.430709409375 0.335151615625 0.438537603125
3 0.34610562968749997 0.6401254265625 0.35089237500000003 0.63490588125 0.3478692578125 0.6292126 0.3594178125 0.6416054921875001 0.4822060625 0.578071590625 0.4896812046875 0.5795856296874999 0.4957478578125 0.574195475 0.47976023593750006 0.5536848765625 0.47650283125000004 0.558376353125 0.47660331093749997 0.5677208203124999 0.36398695625 0.6322338578125 0.3517417125 0.62140253125 0.338981896875 0.6230342796875 0.3399422265625 0.63393124375 0.34610562968749997 0.6401254265625
3 0.48663672187499996 0.7294601000000001 0.4941579421875 0.739280553125 0.606196984375 0.69346099375 0.6129482546875 0.696017559375 0.617928825 0.6926130125000001 0.607081840625 0.6732082140625 0.6019059703125 0.6784300375 0.6018976265625 0.6856984546875 0.49455538906249996 0.7320098734375 0.48667224375 0.7227106828125 0.473017015625 0.7295393375 0.4772891515625 0.7367828515625 0.48663672187499996 0.7294601000000001
3 0.5047863875 0.59299614375 0.51219880625 0.6007405734375 0.516732409375 0.5981183546875 0.5257557687500001 0.6068917265625 0.663031921875 0.5375627109375001 0.6719004015625 0.5359535875 0.670885671875 0.524018596875 0.676867015625 0.519311271875 0.6729568031250001 0.5115464671875001 0.6721430109375001 0.5183004140625 0.66654025625 0.5079496156250001 0.6566675609375 0.5126795796875 0.664605128125 0.52301679375 0.6621259921875 0.52770374375 0.5210128875 0.5980934515625 0.5157637359375 0.59448980625 0.51079493125 0.588807846875 0.5047863875 0.59299614375
0 0.7352387874999999 0.20881942968749997 0.8158744609375 0.36861239375 0.8281139140624999 0.35611017500000003 0.751610125 0.1988086796875 0.7352387874999999 0.20881942968749997
0 0.8545985421875001 0.4488011765625 0.9094469359374999 0.5521933140625 0.9209928484375001 0.5421614765625 0.8683618234375 0.4406084234375 0.8545985421875001 0.4488011765625
0 0.7640310984375 0.6098180484375 0.69743388125 0.5191240609375 0.6680076203125 0.5508445703125 0.7267482890625 0.627122575 0.7640310984375 0.6098180484375
0 0.6127461624999999 0.671532553125 0.5400658625 0.5984621734375 0.512633678125 0.6166499546875001 0.587211821875 0.6856245624999999 0.6127461624999999 0.671532553125
0 0.492858634375 0.5546169546875 0.3903901578125 0.4506004734375 0.35855915625 0.47512370312499996 0.46080935156249997 0.5691767875 0.492858634375 0.5546169546875
0 0.4849527 0.7188995703125001 0.41602584531250003 0.6669300484375 0.3954889078125 0.693234796875 0.45468085468749997 0.7336907203125 0.4849527 0.7188995703125001
0 0.34915894999999997 0.6158288859375001 0.2525432296875 0.544405659375 0.2358810625 0.574950578125 0.3154972875 0.630511671875 0.34915894999999997 0.6158288859375001
3 0.2396551390625 0.5660363421875 0.24615040000000002 0.551313375 0.2398326015625 0.5484130859375 0.2341645265625 0.5411034734375 0.2272324625 0.5390878796874999 0.2220674984375 0.5455794109375 0.22239063906249998 0.5517453031249999 0.2338486015625 0.556084203125 0.2312483640625 0.5610922890625 0.2176222640625 0.58261193125 0.21319243906250002 0.6199380640625 0.2126824203125 0.639619178125 0.1979625546875 0.627662965625 0.1904316375 0.6268256671875 0.1882378796875 0.6392689140625001 0.201492 0.6487890921874999 0.20567939062499999 0.6446528812500001 0.2132825390625 0.6510701265625001 0.2197375875 0.6439836828125001 0.225627996875 0.6219216390625 0.2217056875 0.614308165625 0.2280103 0.5875444562500001 0.2396551390625 0.5660363421875
1 0.8053710671875001 0.377674346875 0.6966223203124999 0.17035427812499998 0.5314442875000001 0.2870943375 0.6594565046875001 0.459456228125 0.8053710671875001 0.377674346875
1 0.8983648953125 0.553235271875 0.824009096875 0.4112879515625 0.6820179234375 0.48742668125 0.7727938015625 0.6094220734375 0.8983648953125 0.553235271875
1 0.740825640625 0.6457062734375 0.66116600625 0.5403792203125 0.5435984171875 0.5995148015625 0.6374922421875 0.6843977796875 0.740825640625 0.6457062734375
1 0.5861297375000001 0.6861973890625 0.482567203125 0.5942495046875 0.3924250546875 0.64535703125 0.500423865625 0.725661690625 0.5861297375000001 0.6861973890625
1 0.45877584687499995 0.5755882859375 0.3119262390625 0.44574110781250004 0.22574726875 0.5080662703125001 0.3690789359375 0.618515209375 0.45877584687499995 0.5755882859375
0 0.6543682484375 0.46557478124999996 0.5575964859375 0.3352771921875 0.52026474375 0.3635961296875 0.617848021875 0.48667594531249997 0.6543682484375 0.46557478124999996
1 0.3875971046875 0.443940459375 0.534788146875 0.580175265625 0.621848746875 0.49893611718750003 0.5126031281250001 0.3569143453125 0.3875971046875 0.443940459375
5 0.120116 0.354238 0.007440685775648603 0.007853406615858293
5 0.216578 0.347766 0.010975121551297562 0.015684087334017514
5 0.266674 0.226927 0.012619508706427317 0.017255677693097125
6 0.227523 0.198565 0.007522572930778182 0.009415906615858293
5 0.199238 0.216375 0.014840427973732773 0.014925563231716588
6 0.207851 0.305515 0.006782266508343326 0.010192611436318444
6 0.133025 0.346498 0.00920790366347326 0.011768746974937905
4 0.45543817343750004 0.2666987 0.445722509375 0.2884461859375 0.40527310625 0.32118402968750004 0.3888695765625 0.3447780078125 0.3559428015625 0.35084421250000003 0.32966485625 0.3672653140625 0.3011634234375 0.3995156875 0.22009410625 0.46938730624999997 0.1589019515625 0.49278996406250003 0.1430429390625 0.52677436875 0.159029346875 0.52758515 0.1626170234375 0.5054214140625 0.214289896875 0.48162224531250003 0.22785502968750002 0.48154332499999997 0.291214984375 0.4283029765625 0.33880165624999997 0.37831765625 0.349733946875 0.36629926562500004 0.37762113125 0.36116617500000003 0.4040884828125 0.3483591296875 0.44673026406250005 0.30111395 0.50052360625 0.24657356875 0.572612034375 0.21035747031250002 0.63084605625 0.16934811249999998 0.6637072093749999 0.1408793890625 0.660892925 0.13083864375 0.644552084375 0.1426829796875 0.6027772828125 0.174106796875 0.57283229375 0.1982314421875 0.5453475734375 0.2110444140625 0.52286001875 0.21976124062500002 0.4919763234375 0.23892052343749998 0.45543817343750004 0.2666987
2 0.557101 0.26222 0.012619508706427317 0.017255677693097125
5 0.535932 0.293357 0.016566702283992107 0.0180596535907962
2 0.948672 0.634142 0.010439533016686786 0.020367042154477842
2 0.888342 0.592373 0.013155097241038005 0.012572722872636888
5 0.878732 0.64155 0.013359815128862395 0.016478972872636888
2 0.646825 0.831666 0.011510710085908293 0.011001132513557365
5 0.864611 0.568008 0.019401775214770645 0.02744828912941557
5 0.843637 0.550694 0.017634557326946253 0.02353294877033605
5 0.578267 0.767966 0.014922315128862352 0.01648806323171641