2 0.63984375 0.87109375 0.01328125 0.01015625
2 0.58125 0.853125 0.01484375 0.00703125
2 0.7 0.8015625 0.01328125 0.009375
2 0.54140625 0.86953125 0.01953125 0.0078125
2 0.50390625 0.88515625 0.0140625 0.0078125
2 0.4625 0.903125 0.0125 0.0078125
2 0.753125 0.81796875 0.02890625 0.0140625
2 0.75390625 0.85546875 0.025 0.015625
5 0.71875 0.8921875 0.01484375 0.01171875
2 0.64609375 0.88359375 0.0140625 0.009375
5 0.659375 0.81796875 0.01328125 0.0125
2 0.7546875 0.78046875 0.0125 0.0078125
5 0.7765625 0.7765625 0.01328125 0.0125
6 0.80546875 0.815625 0.00859375 0.0078125
6 0.80078125 0.79375 0.0078125 0.00859375
5 0.78828125 0.8421875 0.01796875 0.01015625
6 0.65625 0.9015625 0.01171875 0.0078125
6 0.6484375 0.9140625 0.01328125 0.00546875
5 0.85859375 0.70078125 0.015625 0.0140625
2 0.90703125 0.7171875 0.01484375 0.01171875
6 0.7171875 0.83515625 0.021875 0.01015625
6 0.69765625 0.8296875 0.009375 0.00625
5 0.69296875 0.46953125 0.0171875 0.0109375
2 0.7421875 0.48515625 0.01171875 0.009375
5 0.7125 0.5015625 0.01640625 0.01171875
2 0.6140625 0.31171875 0.01015625 0.0109375
5 0.58515625 0.31953125 0.01640625 0.0140625
5 0.48671875 0.18359375 0.01015625 0.00859375
5 0.45859375 0.17890625 0.01484375 0.01171875
5 0.40390625 0.20703125 0.01328125 0.009375
5 0.38203125 0.2390625 0.0125 0.0078125
5 0.359375 0.26875 0.015625 0.01015625
5 0.2921875 0.3625 0.01171875 0.00859375
5 0.27421875 0.3859375 0.01328125 0.00546875
5 0.259375 0.409375 0.01328125 0.00703125
5 0.190625 0.38984375 0.0140625 0.0078125
5 0.20234375 0.371875 0.01875 0.0078125
5 0.2125 0.35546875 0.01484375 0.00859375
6 0.26953125 0.321875 0.021875 0.01015625
5 0.28515625 0.24296875 0.01328125 0.0078125
5 0.30234375 0.21875 0.0171875 0.009375
5 0.31484375 0.19609375 0.01484375 0.01171875
2 0.3734375 0.07265625 0.00859375 0.01171875
5 0.440625 0.159375 0.01484375 0.01015625
2 0.41640625 0.13515625 0.01484375 0.01171875
5 0.47578125 0.1046875 0.0125 0.00859375
4 0.5170216578125 0.1966221734375 0.5332036078125 0.2131567578125 0.5604186953125 0.255044371875 0.5758651046875001 0.2746102921875 0.6295597374999999 0.321359578125 0.63323746875 0.340925503125 0.6468450125 0.3784038890625 0.70384959375 0.43511814062500004 0.7163538625 0.4422831234375 0.7487177609375 0.4805882421875 0.7656352265625 0.5106260703125 0.7946892046875 0.5742297296875 0.8542681906249999 0.6544224625 0.8612558421875001 0.6580049531250001 0.8612558421875001 0.64835978125 0.8417639703124999 0.6238334828125 0.8090322640625001 0.580578246875 0.784023825 0.5290454796875 0.7601186578125 0.48688227968750003 0.73106473125 0.44637255312499996 0.72039935 0.44003429687500006 0.7064239984375 0.42708220781249995 0.6833595921875 0.399072121875 0.65504118125 0.376199275 0.643640284375 0.345610296875 0.6377559078124999 0.321083996875 0.61863179375 0.2998646203125 0.589210059375 0.27645089375 0.5601561312500001 0.24062595937500003 0.5380898046875 0.20645448906250002 0.5233789375 0.19625815625 0.5222756640624999 0.18294205624999998 0.5123458000000001 0.15317980312499999 0.49984157968750004 0.1283779296875 0.46553318125 0.1180282734375 0.4666369453125 0.128697728125 0.496794221875 0.137240596875 0.5170216578125 0.1966221734375
4 0.15854676875 0.305426415625 0.1640633375 0.3299527140625 0.15854676875 0.3514476734375 0.160753390625 0.377903 0.151191334375 0.3938864375 0.1548690640625 0.40408276093750006 0.17068323125 0.402980459375 0.1629600390625 0.39416200468749996 0.170315471875 0.3831389453125 0.1684766078125 0.3693601296875 0.166269984375 0.355581315625 0.16737328437500001 0.34648729375 0.168108825 0.33822 0.16921214843750002 0.32581906250000003 0.1670055265625 0.30790659531250003 0.17178655468749998 0.28806509999999996 0.17313548437499998 0.2633171703125 0.16516666093750001 0.26877475156249997 0.1614889328125 0.28530933593749996 0.15854676875 0.305426415625
3 0.22703982968749997 0.332175096875 0.23051818281249997 0.3411112390625 0.24095320625 0.3416697453125 0.2441831140625 0.3453931375 0.24840679843750002 0.344834625 0.2578480453125 0.3301272328125 0.24691610000000003 0.326031503125 0.2384686640625 0.3334782859375 0.234244978125 0.3291963875 0.2349903109375 0.31914323125 0.23672948749999997 0.3083454 0.2352387890625 0.3022018046875 0.22753671875 0.30629753593750003 0.21933775937500002 0.3042496703125 0.214865596875 0.3087177375 0.2255490984375 0.3122549609375 0.23026970468750002 0.31467516406249996 0.22629446406249998 0.32119109687499997 0.22703982968749997 0.332175096875
3 0.2513251875 0.2988241109375 0.2547392171875 0.3037079109375 0.2598602625 0.3034753453125 0.2618776328125 0.304521875 0.2566014109375 0.30731261718749997 0.2547392171875 0.3109173265625 0.25613585625 0.3153360046875 0.2607913484375 0.31719649843750003 0.2673090546875 0.3176616203125 0.27010233281249996 0.311847575 0.2744474703125 0.3046381546875 0.2767752171875 0.29998692031249996 0.27460264843750004 0.2967310515625 0.26048099375 0.29510312031249997 0.2567565875 0.29091700625 0.25365293437499997 0.28649833125 0.2427901109375 0.291847253125 0.23875532968750002 0.2941728734375 0.23549649687500002 0.2925449390625 0.2272717765625 0.289521634375 0.22680622343749998 0.2961496484375 0.23472056874999997 0.2991729515625 0.2401519890625 0.3038241921875 0.24682487343749998 0.30475443593749996 0.2513251875 0.2988241109375
3 0.20076456406249998 0.4152381625 0.24007473125 0.4160289296875 0.288618828125 0.35138462187499997 0.2973251078125 0.3529661296875 0.31209940937499997 0.3664089875 0.3292481328125 0.3664089875 0.34243947812500003 0.3478262171875 0.3506180890625 0.3450585734375 0.3580052484375 0.3337903 0.348852703125 0.32746425156250003 0.34568675625 0.3294411421875 0.33803581562499996 0.33477874218750003 0.319040284375 0.358501425 0.30584893750000003 0.3466400859375 0.291602325 0.3444655046875 0.277883309375 0.34466319218749997 0.231713671875 0.40976631562500004 0.20533101562499997 0.4073940484375 0.19794385625 0.403242578125 0.195569396875 0.4089755609375 0.188973759375 0.4095686265625 0.183433390625 0.416883125 0.1859902625 0.4217619 0.1944327265625 0.42275034843750003 0.20076456406249998 0.4152381625
3 0.35774139531250004 0.3292117328125 0.4207959953125 0.452601384375 0.42660018125 0.45438058750000004 0.4184215359375 0.460508946875 0.4223789328125 0.4660442359375 0.430557578125 0.46643962656250004 0.44216595 0.4529967609375 0.44084679531250004 0.4476591671875 0.42923842187499994 0.44607764687499996 0.36697534374999996 0.3308249640625 0.3785837171875 0.31613253750000003 0.373834834375 0.3072365328125 0.38359641718750004 0.3058527078125 0.37689506875 0.2976892828125 0.35932436874999996 0.31102434375 0.363281765625 0.31636194687499997 0.3685583171875 0.31596656562500003 0.35774139531250004 0.3292117328125
3 0.3561584578125 0.1887647421875 0.366711528125 0.1907416328125 0.3785837171875 0.19192776250000002 0.38544320625 0.18896243125 0.41129822968749996 0.19528847968750002 0.4260725109375 0.20556830312500002 0.43398730468749996 0.2144643140625 0.446123346875 0.2164411984375 0.4524551671875 0.20873133125 0.4593146578125 0.20003301406250001 0.4537743234375 0.197660746875 0.45008074374999996 0.19350927812500002 0.442693584375 0.204184478125 0.434514975 0.198846878125 0.416574746875 0.185997096875 0.38544320625 0.1790779765625 0.37304334843750003 0.18224100468749999 0.361698828125 0.1776941578125 0.369613621875 0.162274415625 0.358617571875 0.1556035078125 0.3485074828125 0.16800739375 0.352464878125 0.17235655156250002 0.3474521796875 0.18125255625 0.3561584578125 0.1887647421875
3 0.6501134171875 0.503329421875 0.6629551859375 0.5060357546875001 0.6689747515625 0.511749109375 0.6934543625 0.4970146421875 0.691046515625 0.48859495624999993 0.6806125953125 0.4879935515625 0.6693760421875 0.49581183281249996 0.5574120406249999 0.3337327609375 0.56904985625 0.3286208046875 0.5726616015625 0.320501815625 0.56062246875 0.3129842328125 0.55018855 0.323208146875 0.5525963703125 0.329222209375 0.5397546296875 0.3412503453125 0.6501134171875 0.503329421875
3 0.4635067125 0.643397703125 0.4731380234375 0.6439991078125 0.47594716249999997 0.6470061312500001 0.49681500156249997 0.6382857328125 0.49159804218750003 0.628963928125 0.481164121875 0.6322716640625 0.473539340625 0.63678223125 0.40010056250000003 0.49094112812499996 0.41535015 0.4801158109375 0.4065214453125 0.47289893125000004 0.39689013281249996 0.48101791875 0.3992979546875 0.4852277671875 0.38846271875 0.4921439421875 0.4635067125 0.643397703125
3 0.6107855890625 0.8199475625 0.6051673125 0.8232552984374999 0.6087790296875 0.8334792203125 0.6392782078125 0.8226538937500001 0.6376729937500001 0.8127306843750001 0.62603515 0.8166398265625 0.5176828671875 0.6188847765625 0.532129821875 0.6131714109375 0.522498509375 0.6065559390625 0.49962414062500005 0.6179826609375 0.503637203125 0.625199546875 0.5088541625 0.6230946203125 0.6107855890625 0.8199475625
3 0.45748714531249995 0.9002835890625001 0.45146757812500005 0.892164615625 0.4406323421875 0.8969758531249999 0.372410521875 0.72052249375 0.384850971875 0.7196203765625 0.3800353296875 0.7121027875 0.35882155312499997 0.7185846109375 0.435014065625 0.9005843015625 0.430198421875 0.9026892296875 0.4342114578125 0.90990610625 0.45748714531249995 0.9002835890625001
3 0.3046173375 0.5719756671875 0.302209515625 0.5767869250000001 0.3086304 0.5815981734375 0.32307738124999996 0.573779890625 0.32307738124999996 0.5677658234375 0.31103822187499996 0.565660896875 0.2668946953125 0.45566294531249996 0.27492079375 0.44874677968750004 0.2729142625 0.4376207515625 0.27893385625 0.43732004843750005 0.27497496093749996 0.42898289062500006 0.2584673078125 0.439424975 0.26528948125 0.4475439703125 0.2560594859375 0.4544601359375 0.3046173375 0.5719756671875
3 0.778405628125 0.7651570375000001 0.78683304375 0.7687654765625 0.8646861765624999 0.7368909234375 0.8739161718749999 0.7314782703125 0.8614756937499999 0.7260656078125 0.8518444078125 0.716743803125 0.8229504453125 0.729674046875 0.839002640625 0.742002884375 0.7828199812500001 0.76395421875 0.77599778125 0.7603457796875001 0.7463012359375 0.7741781296875 0.730249040625 0.7795907921875 0.742750690625 0.800004065625 0.757537790625 0.7928217375 0.7475051609375 0.7771851640625 0.778405628125 0.7651570375000001
0 0.42342429062500003 0.21026131874999998 0.366783234375 0.2834282796875 0.3888234484375 0.3109533515625 0.4584705359375 0.22199233125 0.42342429062500003 0.21026131874999998
0 0.3076783375 0.3647924546875 0.2648105203125 0.4185878703125 0.2830304328125 0.44148873125000004 0.3338698515625 0.38071338125 0.3076783375 0.3647924546875
1 0.27213119531249996 0.460769740625 0.309184809375 0.546410184375 0.41585944062499997 0.44203512968750003 0.36590161875 0.352968109375 0.27213119531249996 0.460769740625
1 0.48491877031249997 0.19777027187500001 0.374717715625 0.3340744046875 0.42467551875 0.42831203437500004 0.5589738984375 0.29157569687499996 0.48491877031249997 0.19777027187500001
0 0.5469252546875001 0.36467407343749997 0.523869596875 0.3347389609375 0.43025903125 0.4305140328125 0.4464218546875 0.46178250312499997 0.5469252546875001 0.36467407343749997
0 0.3970517890625 0.5110285609375 0.37780315625 0.48403696093750004 0.31329898906250003 0.5495636484374999 0.3309311640625 0.5770887140625 0.3970517890625 0.5110285609375
1 0.31123305156250003 0.59916123125 0.3526775015625 0.7041008953125 0.464935665625 0.61205706875 0.3994027578125 0.5167102359375 0.31123305156250003 0.59916123125
1 0.414319765625 0.5031839453125 0.47727816718750005 0.5965017015625 0.6389063968750001 0.488823640625 0.5542719609375 0.36914875 0.414319765625 0.5031839453125
1 0.38782098593750003 0.739734021875 0.435842584375 0.8686884875 0.5962953 0.7920586968750001 0.5213585968750001 0.6545122375 0.38782098593750003 0.739734021875
1 0.537765296875 0.6386670328124999 0.6180863624999999 0.7896011578125 0.8373130171875 0.6833231718749999 0.7191774609375 0.5203829828125001 0.537765296875 0.6386670328124999
0 0.6304288828125 0.7951061765625 0.6389511015625 0.8091990062500001 0.8002854734374999 0.7398358390625 0.7858858421875 0.7237612015625 0.6304288828125 0.7951061765625
0 0.6615790546875 0.5419626296875 0.6318036484375 0.499790809375 0.512293346875 0.5875441359375 0.5369783890625001 0.6280610453125 0.6615790546875 0.5419626296875
0 0.3713400390625 0.6941690484375 0.39115829999999996 0.7316547765625 0.4769682109375 0.6693380203125 0.447287390625 0.63939075 0.3713400390625 0.6941690484375