0 0.36577671875 0.4618992171875 0.4361410265625 0.45229159843750005 0.43169565312499997 0.2211578859375 0.3619721171875 0.256473509375 0.36577671875 0.4618992171875
0 0.7540893468750001 0.39741156875 0.74863035625 0.0561498328125 0.5985723000000001 0.12764400781250002 0.605849453125 0.42808293906249995 0.7540893468750001 0.39741156875
0 0.7573321796875 0.8352645781250001 0.751315021875 0.44775680781249994 0.6062658812499999 0.4531683859375 0.61200431875 0.7919410515624999 0.7573321796875 0.8352645781250001
0 0.5671493296875 0.8243040875000001 0.5629797015625 0.545773796875 0.46097798437500004 0.54216481875 0.4656181015625 0.7883464765625 0.5671493296875 0.8243040875000001
0 0.5584161265625001 0.477124159375 0.5558436671875 0.208417721875 0.4627188484375 0.2429357375 0.461592925 0.4849671765625 0.5584161265625001 0.477124159375
0 0.4378363796875 0.729612925 0.4360270609375 0.471880746875 0.3712050515625 0.48219900156250006 0.37260333437500004 0.710273065625 0.4378363796875 0.729612925
1 0.7993150765625 0.16414073906249999 0.7924812046875 0.17399576562500002 0.7924662734375 0.232028146875 0.8092669828125001 0.228470446875 0.8110160875 0.205155946875 0.8006714140625 0.2083376421875 0.8034364609375 0.17679659375 0.8032962828124999 0.14542474218749998 0.8056183656250001 0.0790905859375 0.8048225734375001 0.0494763875 0.7967500046875 0.050376421875 0.79158520625 0.05067723750000001 0.7877491 0.0444527203125 0.7743696953125 0.0477189078125 0.7759205921875 0.080820284375 0.7885523937500001 0.0727768953125 0.7956640390625 0.070643234375 0.7965999015625 0.0761769453125 0.7944680546875 0.1652827890625 0.7993150765625 0.16414073906249999
1 0.8246952468750001 0.516281790625 0.833033059375 0.5252531515625 0.83953664375 0.5167069703125 0.8383479828124999 0.4991518109375 0.8290092625 0.495826953125 0.8254584328125001 0.4960337640625 0.814182875 0.49282174218749997 0.8064381562499999 0.49284295624999996 0.7976899609375 0.4989407 0.7961185000000001 0.49172453593750004 0.7792609578125 0.4927743984375 0.7791351671875 0.526672890625 0.7949699671875 0.522741596875 0.7949974859375 0.5180114875 0.80694364375 0.516885840625 0.8153364921874999 0.5163970124999999 0.8246952468750001 0.516281790625
1 0.5913949265625 0.7896142328125 0.5850905140625 0.785099046875 0.5846590468749999 0.801990571875 0.5806516 0.8035555499999999 0.5801994921875 0.82399909375 0.5885243953125 0.82484576875 0.5942112984375 0.820963728125 0.5949140546875 0.814708878125 0.5902710359375 0.8109846171875 0.774515028125 0.8703823343750001 0.7754761828125 0.8769841453125 0.7838062765625 0.8769428265625001 0.7918315 0.8720368875 0.7911158046875 0.8805117625 0.7859999203125 0.9007830859375 0.8011906421875 0.8993288500000001 0.8029468812499999 0.8514161015624999 0.7929838046875 0.8457824625000001 0.7826254484375 0.8508242906250001 0.75868419375 0.84245394375 0.6123467671875 0.7963832703125 0.5913949265625 0.7896142328125
1 0.5760479453125 0.47017625625 0.5890337765625 0.4694199171875 0.5926394234375 0.45820542968750005 0.5868053718749999 0.44675473437499996 0.779291340625 0.4253252296875 0.781519746875 0.44799044062500004 0.7956462734375 0.44255654843750003 0.7936132828125 0.39776591875 0.778842884375 0.400984278125 0.5804039671875 0.43140687343749995 0.582078703125 0.44781604062499997 0.5749589015625001 0.45451901250000004 0.5760479453125 0.47017625625
1 0.558819703125 0.5249629765625 0.459382846875 0.5270236640625 0.45045013125000005 0.5219476484375 0.45579063125 0.5186519234375 0.4558449140625 0.5093216328125 0.447151109375 0.511320334375 0.44707294375 0.5247559500000001 0.44901673437499995 0.527627421875 0.4489277109375 0.5429290890625 0.454815515625 0.5418399968750001 0.46238554687500005 0.5413990921875 0.5752659953125 0.5393015828125 0.5845070828125001 0.5395095171875 0.591795715625 0.5383388359375 0.5905153000000001 0.503669559375 0.5779881640625 0.5036999437499999 0.5779403953125 0.5119105953124999 0.579569259375 0.5207697687499999 0.5767589375 0.5224257890625 0.558819703125 0.5249629765625
1 0.447988859375 0.23418539843750003 0.4493379671875 0.21951635937499997 0.43964237968750003 0.22064223749999998 0.44375844999999997 0.2372376390625 0.44749560156249996 0.24655989687500002 0.4487206046875 0.253222625 0.5712421125 0.19221407968749998 0.5813526062500001 0.192186384375 0.587337390625 0.1872256859375 0.5866283171875 0.15428060625 0.578637925 0.1519401484375 0.5735777640624999 0.1527960421875 0.57348631875 0.16851415625 0.5759723109375 0.1756645953125 0.447988859375 0.23418539843750003
1 0.445825271875 0.4676073859375 0.44784416250000003 0.48244653125000003 0.45463354999999994 0.481427896875 0.4555078234375 0.45177510468750004 0.4454479578125 0.4520494234375 0.366302365625 0.46631869843749996 0.362326315625 0.46623866718749996 0.3626890546875 0.44409403437500006 0.353437053125 0.44290040625 0.35443404375 0.4557923953125 0.3509205328125 0.45662023281249997 0.3515536 0.468424103125 0.35646380781250003 0.46876131406250005 0.35733450312500004 0.47992815312500003 0.445825271875 0.4676073859375
1 0.316720671875 0.6880472734375 0.3015002875 0.6908033328125 0.29351915625 0.695630575 0.29250703749999996 0.7087766828125 0.287121575 0.7097135484375 0.2891313984375 0.726111221875 0.2968622140625 0.7241029328125 0.29836589375 0.7068774234374999 0.3263433578125 0.69527678125 0.325702859375 0.5641310374999999 0.33108649375 0.5635058890625 0.34512422656249997 0.562999871875 0.3556538734375 0.562386590625 0.35754574843750003 0.558848828125 0.3577905625 0.5167687453124999 0.3603662984375 0.5163071312499999 0.359651684375 0.49314818125000004 0.35224365625 0.49247552343749995 0.34935235625 0.5069774640625 0.350045309375 0.54869131875 0.3167948453125 0.5546787156249999 0.316720671875 0.6880472734375
1 0.3130043515625 0.3216702109375 0.33099638124999997 0.324984665625 0.34738852656249997 0.3218487578125 0.351816240625 0.324706846875 0.357219821875 0.3206529515625 0.3571218359375 0.29728874843750003 0.349862634375 0.298646359375 0.3483807 0.31213140625 0.3334052046875 0.3130036296875 0.3109600890625 0.3111949140625 0.3062584859375 0.315207946875 0.295266278125 0.3149133703125 0.2951447359375 0.2956013234375 0.28540182187499996 0.2964797921875 0.285681678125 0.3139136109375 0.29013478125000003 0.31240785 0.29005317656249996 0.3264345375 0.29636551875 0.327001684375 0.3000858125 0.33083579531249996 0.3130043515625 0.3216702109375
1 0.4472966625 0.75570879375 0.449337021875 0.7722282609375 0.45738497968749997 0.7730730765625 0.4590557390625 0.768378325 0.457423175 0.738261759375 0.44787269218750003 0.7414451046874999 0.36370246875 0.7176682890625 0.3633659828125 0.690760090625 0.35550154843750004 0.6866207171875 0.3547045484375 0.688241290625 0.3541073515625 0.7002752734375 0.35180958281249997 0.6997523328125 0.351395415625 0.714444446875 0.3559986125 0.714176340625 0.35756233593750003 0.7278775203125 0.4472966625 0.75570879375
1 0.275860959375 0.5747990859375001 0.283308615625 0.574365309375 0.2977828046875 0.570605296875 0.29616963125 0.5467799265625 0.2871886203125 0.5473030109375 0.28757748906249997 0.5557396484375 0.28404385468750004 0.5609043359375 0.28059508593750004 0.5514791390625 0.2797732125 0.5421926328125 0.2707922171875 0.5427157171875 0.2699041453125 0.5448093296875001 0.2617993328125 0.5452813812499999 0.2626212046875 0.5545678859375001 0.2707243125 0.5543876359375 0.2733410078125 0.556277128125 0.275039078125 0.5655125921875 0.275860959375 0.5747990859375001
1 0.28648574375 0.5213463828125 0.2971723359375 0.5201249625 0.297203484375 0.495448453125 0.2777463671875 0.49703094999999997 0.274254228125 0.5176004078124999 0.26884075625000003 0.5206112187499999 0.264126946875 0.5215846875000001 0.2625511609375 0.52896894375 0.27136551249999996 0.5310623171875 0.277771903125 0.531288190625 0.2811454828125 0.5117738890625 0.2866696609375 0.509056134375 0.28648574375 0.5213463828125