1 0.22154791562499998 0.6916820125 0.210843834375 0.6950327546875 0.21529000312500002 0.6995788843749999 0.2235008765625 0.6976741328125 0.2311791171875 0.701904303125 0.23270555937499998 0.6957867281250001 0.2310292015625 0.6849585406250001 0.23034235625 0.6748923734375001 0.23459095468750002 0.6706842 0.242995065625 0.6782784328125 0.2539508390625 0.674373521875 0.2445951578125 0.65950133125 0.2403747234375 0.6588690953125 0.23712315312499999 0.6625361078124999 0.2266848796875 0.6629124703125 0.2231545375 0.6717878984375 0.22234526875 0.6827588875 0.2262826015625 0.6893442078125 0.22154791562499998 0.6916820125
1 0.2306432765625 0.7049241109375 0.2227113421875 0.7078092687499999 0.22313833437500002 0.714445409375 0.23138064374999998 0.7115656671874999 0.23464894687500001 0.709994615625 0.2386701984375 0.7123906640625 0.249501903125 0.717929196875 0.2526312640625 0.713564696875 0.2563800234375 0.7094435921875 0.27051115000000003 0.70806215625 0.2727026609375 0.704844209375 0.2704019734375 0.70015234375 0.2660987796875 0.692867078125 0.26333932656250003 0.6870042765625 0.2568189140625 0.68735563125 0.25215259687499997 0.6891348640625 0.2507302515625 0.6935291625 0.2525714734375 0.6971663765625 0.257831459375 0.700049215625 0.255808 0.7010605328125 0.2506883078125 0.700738578125 0.247245865625 0.7055627859375 0.242780053125 0.6995539078124999 0.23610175625 0.7003676765625 0.2306432765625 0.7049241109375
1 0.180040915625 0.5863187171875001 0.18553872968750001 0.5937299234375 0.1921309171875 0.594438115625 0.1944720234375 0.6002125453125 0.201883334375 0.5961900171875001 0.2282797921875 0.5942782609374999 0.274070671875 0.6601872796875 0.2877885375 0.6606244328125 0.30204780000000003 0.6586985265624999 0.3153081546875 0.6470674437499999 0.334165671875 0.6711216953125 0.341785559375 0.6765928421875 0.3449400046875 0.6786249953125 0.354129353125 0.6724587046875 0.3468077515625 0.6610614874999999 0.33864524218750003 0.6581510859375 0.3255620078125 0.639338059375 0.308413284375 0.639038728125 0.293560775 0.6522237 0.28484529375 0.6536532390625001 0.2366772875 0.5881615906250001 0.19736251875 0.5882661953125 0.19107438593749998 0.5806434874999999 0.18262617187500002 0.581484571875 0.180040915625 0.5863187171875001
1 0.355316025 0.6952476859375001 0.37280914374999996 0.7088894453125001 0.3795579859375 0.7008429921875 0.3698044546875 0.699288778125 0.37460509218750004 0.690475665625 0.363082196875 0.6755806140625 0.4260157953125 0.5614147375 0.4376333703125 0.5600358421875 0.43898357812500005 0.554721275 0.4274534140625 0.541075784375 0.41927246875 0.541328415625 0.41528286875 0.546794628125 0.4234258609375 0.553065746875 0.4176113234375 0.5547436375 0.3538388640625 0.6770326671875 0.3645787265625 0.69046664375 0.35930447499999996 0.689979159375 0.355316025 0.6952476859375001
1 0.34366709218749997 0.8380758265624999 0.35370501718749997 0.8506561859374999 0.3647398765625 0.8441772140625 0.3569147921875 0.8286193187500001 0.368285765625 0.8242704906249999 0.380667221875 0.827649959375 0.41183901718750004 0.8212742421874999 0.429854003125 0.808737609375 0.438063665625 0.8035427671875001 0.44538871875 0.8143469109374999 0.44910645000000005 0.8102599140625 0.45466058593750003 0.807984353125 0.4478517 0.799166303125 0.441564734375 0.7913459140625 0.42941719218749996 0.7931109625 0.4214506421875 0.8018688203125001 0.4066165546875 0.8118907578125001 0.380724728125 0.8177655046875 0.373882490625 0.814680440625 0.3620034 0.815659340625 0.3514388296875 0.8174520265625 0.342688846875 0.82481224375 0.3476497890625 0.8337957453125 0.34366709218749997 0.8380758265624999
1 0.546251090625 0.6863954296875 0.556625528125 0.69680146875 0.568708396875 0.6894940296875001 0.5651438859375 0.681311996875 0.5535358109375 0.6759969031249999 0.6664427609375 0.51587216875 0.6776338296875 0.5238865859375 0.6880712484375 0.5234673062499999 0.6905280796875 0.5150896484375 0.666134190625 0.49992788906249996 0.6600813859375 0.505536171875 0.647223871875 0.5080183500000001 0.5359221359374999 0.66817110625 0.5486939 0.680423396875 0.546251090625 0.6863954296875
1 0.3938707828125 0.525909825 0.40345486093750005 0.5341969265625 0.4123255515625 0.527134153125 0.3971389453125 0.516042653125 0.4714262015625 0.371483428125 0.479024740625 0.3761270875 0.48943941718749995 0.379616946875 0.49471060937500005 0.3703862046875 0.47389350468749997 0.3613015578125 0.4710668703125 0.364259546875 0.46143206093750005 0.3646928359375 0.3855080984375 0.5146367 0.396303096875 0.5217420046875 0.3938707828125 0.525909825
1 0.497401628125 0.3907383109375 0.52020951875 0.40256430625000006 0.52987931875 0.39611695 0.515465603125 0.3901514109375 0.6249683921875 0.1942876578125 0.6365834921875 0.1983999390625 0.6382464390625 0.1885047484375 0.607810240625 0.1771470578125 0.6041390421874999 0.1873079359375 0.609738075 0.1907137390625 0.5066613906249999 0.3857874625 0.501456678125 0.3835914734375 0.497401628125 0.3907383109375
1 0.43443568125 0.107008896875 0.3571843265625 0.2876786421875 0.3783603921875 0.294530753125 0.3832197703125 0.287097221875 0.37078456875 0.28597795625 0.44003296562500005 0.11071541250000001 0.4508402109375 0.11571577968749999 0.4569070125 0.10770187812500001 0.43368730624999996 0.0976730828125 0.42963228437499995 0.10481991093750001 0.43443568125 0.107008896875
1 0.255205978125 0.5650865890625 0.27165288125 0.575816815625 0.2756602796875 0.5675487593749999 0.2696424359375 0.567142984375 0.271713696875 0.55605198125 0.26372783437499997 0.54899571875 0.3085113109375 0.4397682953125 0.320562715625 0.43787351250000006 0.32059770468750004 0.4318594453125 0.30619620937500003 0.42378899062500003 0.299747334375 0.4284881609375 0.3021271640625 0.4333414484375 0.252885628125 0.5500093984375 0.2620753859375 0.5570866750000001 0.255205978125 0.5650865890625
1 0.7415871484375 0.2129606953125 0.7289667375 0.2331557515625 0.7449874421875 0.23884860625 0.7746035140624999 0.2531993125 0.7814467078125 0.24970995468749999 0.8375016578125001 0.27264196093750004 0.821377734375 0.28469060625 0.8501964718749999 0.298125196875 0.859881990625 0.28897150625 0.8723539578124999 0.28377599375 0.863155453125 0.2782022296875 0.7854877609375001 0.2449687453125 0.7770393515625 0.24843008281249998 0.7462088625 0.2358625875 0.7563324625 0.220401134375 0.7415871484375 0.2129606953125
0 0.3065459015625 0.45898665625 0.26899404531250004 0.5439803265625 0.36213729687499996 0.6534187265625 0.4126132953125 0.5652237234374999 0.3065459015625 0.45898665625
0 0.3708434734375 0.6724663171875 0.48025153437499996 0.8106940171874999 0.55485240625 0.718181228125 0.4213495359375 0.5791007046875001 0.3708434734375 0.6724663171875
0 0.3509560109375 0.30205511406249996 0.3089010390625 0.40627136249999996 0.39659106093749996 0.490261365625 0.4626786796875 0.3960584140625 0.3509560109375 0.30205511406249996
0 0.47493068281250006 0.41182922031249997 0.411429375 0.5040480328125 0.550601775 0.640526103125 0.635932459375 0.5223285125 0.47493068281250006 0.41182922031249997
0 0.4350786359375 0.1389191734375 0.386306803125 0.26703541875000003 0.5193486078125 0.3545881109375 0.5950855328125 0.2183496765625 0.4350786359375 0.1389191734375
0 0.6168622984375001 0.22118757968749997 0.5356631234375 0.3707196953125 0.7163871312500001 0.49217030624999997 0.8354706453125 0.33129218125 0.6168622984375001 0.22118757968749997
