2 0.14901862215340198 0.9574041434867079 0.01609777868534725 0.021131371551297563
2 0.15652461046989513 0.8365560549520972 0.01455346248093754 0.021830734396167627
2 0.1618680335319091 0.7414073292623566 0.015443815254479177 0.02655917797373277
2 0.16488589038951335 0.6453545228399215 0.01698813145888889 0.025859815128862353
2 0.17977254008451365 0.3082230150380053 0.012954594889756966 0.02018634724103805
2 0.1835716469421179 0.21221115219313508 0.012082425911805573 0.01623915366347308
2 0.16507491365961785 0.26756039348670785 0.012827308320624998 0.01471759724103805
2 0.16463850256545115 0.28631039348670784 0.014444359707395816 0.017143234396167807
5 0.11020492249333307 0.30614153663473137 0.013608558320624997 0.014758540818602839
2 0.11496450446531221 0.3368968916776855 0.012790940729444422 0.01315509724103805
2 0.10960420402847193 0.3655574802122962 0.012827308320624998 0.01471759724103805
2 0.13345731848552042 0.483355811849502 0.011264808320624996 0.014635710085908115
2 0.148337436076701 0.4825712398232347 0.011264808320624996 0.014635710085908294
5 0.17578963563986066 0.5129514586155702 0.014462543502986147 0.017924484396167804
5 0.18098693512677047 0.4576874265033946 0.015243793502986148 0.017965427973732594
5 0.07877047169590241 0.4468550678423958 0.015152874525034731 0.014059177973732595
5 0.0741894616279162 0.5764606806872662 0.008884690729444467 0.012950379353213748
5 0.07469926111482596 0.5209509871097012 0.009684124525034732 0.013772572930778538
5 0.09303038060586757 0.573537076548823 0.012790940729444445 0.01315509724103805
2 0.18862478248506936 0.09592773292582972 0.01533471248093754 0.02187167797373264
2 0.17677286702249967 0.40349457146044043 0.014426175911805571 0.016361984396167806
3 0.136148365625 0.556812846875 0.136270534375 0.5709770109375001 0.14522636718749998 0.57445865625 0.1526026734375 0.5778575203125 0.161740575 0.57351675625 0.1757306546875 0.5742499453125001 0.185468465625 0.5732541359375001 0.190306640625 0.578929815625 0.203154484375 0.5802056 0.20545528124999998 0.5492995984375 0.19173986406250002 0.5464722015625 0.1881450890625 0.555320675 0.1748739640625 0.552817790625 0.1617584578125 0.553335353125 0.15431912812499998 0.55264424375 0.14630245625 0.557345 0.136148365625 0.556812846875
3 0.191735934375 0.4786954828125 0.1905548046875 0.500322065625 0.2056030921875 0.5041230031249999 0.20595322343750003 0.4890799046875 0.20399243125000002 0.48596485468750006 0.2043861421875 0.47875599375 0.210422575 0.4814821828125 0.3986918796875 0.5073140921875 0.39767181093750004 0.5220208515625 0.4087144828125 0.5232020296875 0.41003022343750006 0.505498478125 0.406024609375 0.5028787203125 0.40506287656250006 0.48595949687499995 0.2098125375 0.45915926875 0.203973740625 0.4576483546875 0.18977201875 0.456301615625 0.1884492734375 0.4743060296875 0.191735934375 0.4786954828125
3 0.39409572656249997 0.5591858249999999 0.393741715625 0.5938086015625 0.533268259375 0.597807359375 0.5347536265625 0.5825225281249999 0.5370521078125 0.5808356125 0.53650665625 0.56544435 0.530639846875 0.565136884375 0.530120090625 0.577761259375 0.5302477 0.581985153125 0.40671404375 0.5800294625 0.4038366625 0.5774688343750001 0.40557024531249997 0.57093265 0.40580833437499997 0.5607033453125 0.39409572656249997 0.5591858249999999
3 0.5302141953125 0.5057724718750001 0.5284067078125 0.5348969546875 0.53696726875 0.535948053125 0.5380083453125 0.5203387078125 0.541583675 0.5220322265624999 0.627845209375 0.53348126875 0.6287532375 0.5235883015625 0.6346270484375001 0.5235949062499999 0.6334100984375 0.498227896875 0.6239189406250001 0.49833294375000003 0.6220468671875 0.5205257750000001 0.5417081609375 0.5069773046875 0.5302141953125 0.5057724718750001
3 0.6335707953124999 0.35220386718749996 0.6324603140625 0.3756640109375 0.6988290453125 0.3797066890625 0.6995755234375001 0.3658229515625 0.7043674203125 0.366074084375 0.70503419375 0.34955211875000003 0.69604914375 0.347576059375 0.6951058437500001 0.3699160796875 0.6836592390625 0.37063321718750003 0.6826060890625001 0.36737952812499997 0.670203534375 0.36672953750000004 0.6408840328125 0.36538111562500003 0.6414545828125 0.35299333437499997 0.6335707953124999 0.35220386718749996
3 0.4067858859375 0.21299295156250003 0.406560528125 0.24591099375 0.414438171875 0.24824675468750002 0.42242757031249994 0.2457810953125 0.5445236015625 0.3055406625 0.5466202828125 0.2929112578125 0.5487976859375 0.292304278125 0.5491552984375 0.27693973125000004 0.5407151453125 0.275535946875 0.5403059953125 0.2853694234375 0.4212038171875 0.228651125 0.4179405078125 0.22944155781250003 0.41823231562499996 0.22464957187499998 0.41963672343749997 0.21078206875 0.4067858859375 0.21299295156250003
3 0.62462868125 0.54691545625 0.623014759375 0.5665131453125001 0.6284536875 0.5691137484375 0.6262296968750001 0.614922496875 0.6571267125 0.618085446875 0.6534622953125 0.750652259375 0.6804665328125 0.7594001015625 0.6805871671875 0.7790886953125 0.6907143765625 0.7792335140625 0.6902867078125 0.76030068125 0.6867727390625 0.76204615625 0.688279003125 0.747073946875 0.6600197062500001 0.742505525 0.66548148125 0.607331421875 0.633419121875 0.604493325 0.6350469859375 0.5594251890625 0.6327163015624999 0.5600748984374999 0.6341418203125 0.5485718 0.62462868125 0.54691545625
3 0.6265775890625 0.7684502875 0.6262260171875 0.7422375109375 0.6161113390625 0.7459205015625 0.6142504265625 0.7727500359375 0.531822678125 0.7962731265625 0.5194775328125 0.7954429671875001 0.5193067421875 0.8263909765624999 0.5272609859374999 0.82699101875 0.5271857453125001 0.8125160703125 0.62018240625 0.7835020218750001 0.6209825078125 0.7727364953125 0.6265775890625 0.7684502875
3 0.167886140625 0.907218453125 0.1662228703125 0.9556756765625 0.182315571875 0.9543773953124999 0.1848363265625 0.9380900750000001 0.3825181671875 0.8642113421875001 0.384258928125 0.8814358859375 0.392313575 0.8804302359375 0.3912237515625 0.8582425875 0.3910540921875 0.8425281578125 0.190831196875 0.9105626156250001 0.17924894687499998 0.9021028453125 0.167886140625 0.907218453125
3 0.68592204375 0.602337446875 0.6850901859375 0.6279826546875 0.6996544359375 0.6281193796875 0.7038785375 0.6283407546875 0.7084959078125 0.6116657234375 0.7121179515625 0.607469653125 0.7222088609374999 0.6079984953124999 0.7223763640625 0.600801878125 0.71304045 0.59811965625 0.70481938125 0.5967674453125 0.7031967046875 0.6074678765625 0.700001278125 0.6136088953125001 0.6949234953125 0.615377775 0.6950643624999999 0.602768190625 0.68592204375 0.602337446875
3 0.6895965125 0.5491647671875 0.6874807828125 0.574491321875 0.696903596875 0.5762061468749999 0.6976967953125001 0.561799253125 0.70345635 0.5635255953125 0.7046958375 0.569288540625 0.7052546093750001 0.5780683015625 0.7058512265625 0.5852220515625 0.7116155109375 0.5867451421875 0.713044228125 0.5843780234375 0.7249249828125001 0.5854076671875 0.7242137718749999 0.576619915625 0.7132665734375 0.5748252 0.7089310046875 0.5709349921875 0.7086960328125 0.561358203125 0.706641259375 0.5512790421875 0.6895965125 0.5491647671875
6 0.6824929241088536 0.5872210340327395 0.013535823138263936 0.01163354081860284
4 0.7401115265625 0.6474524125000001 0.7368888109375 0.6543365156250001 0.7362948031250001 0.661915196875 0.73579236875 0.6715403359375001 0.73422273125 0.6911322249999999 0.72764354375 0.7106471812499999 0.7229485046875 0.720980621875 0.7215356578125001 0.76972074375 0.7201731296875 0.7804144375 0.715998746875 0.7863206390624999 0.7125756296875 0.7898533453125001 0.7075972453125 0.794418175 0.7075023218750001 0.798496515625 0.7111085828125 0.7990567203125 0.7139453609374999 0.7967925234375001 0.7162130578125 0.795055315625 0.717924615625 0.7932889640624999 0.72114733125 0.7864048593749999 0.7240660890624999 0.7806184593750001 0.726679928125 0.76999034375 0.72730795625 0.731046165625 0.7293872312499999 0.719462009375 0.7349596234375 0.7073184968749999 0.7386114218750001 0.6939607 0.740795678125 0.659923815625 0.7426314015625 0.646842053125 0.7401115265625 0.6474524125000001
5 0.7597658985576385 0.49349536747896766 0.010447190729444422 0.013032266508343326
5 0.7603477800165275 0.4684953674789677 0.010447190729444422 0.013032266508343326
5 0.7618563818401386 0.43728631105653254 0.008048889342673605 0.010565685775648781
5 0.6543880675355899 0.4840617345077094 0.008811955547083273 0.009825379353213749
5 0.655442727679826 0.4387492345077094 0.008848323138263937 0.011387879353213748
5 0.6572604540284719 0.3942589280852743 0.009575021751493117 0.009085072930778537
5 0.7026404635277773 0.6625862042045562 0.010410823138263936 0.011469766508343327
5 0.7026398103173953 0.6962208977821209 0.0104471907294446 0.013032266508343326
5 0.7010766571070134 0.7297737042045561 0.011264808320624908 0.014635710085908115
5 0.7534756117041661 0.6965384803238379 0.009629573138263936 0.011428822930778538
5 0.754966029732187 0.6661106739014028 0.008866506933854268 0.01216912935321357
5 0.6455897233114231 0.7276479601974499 0.0071767203647223 0.006618492198083814
5 0.6466807510468398 0.6807729601974499 0.008030705547083272 0.009784435775648604
5 0.6485166611910759 0.6355014037750149 0.007267639342673604 0.010524742198083813
5 0.6434083210509716 0.787763266619885 0.008030705547083272 0.00978443577564878
5 0.23941047656249997 0.492256540625 0.216534425 0.8919099984375001 0.36689770625 0.84683479375 0.3853429421875 0.5079483953125 0.23941047656249997 0.492256540625
5 0.255400446875 0.1076595953125 0.23620375781249997 0.45723175781250003 0.38008095937499997 0.47482686718749995 0.3958978390625 0.18406588125 0.255400446875 0.1076595953125
5 0.43882642812499995 0.26206201875 0.4236553984375 0.56827425 0.5145251171874999 0.5737068515625 0.5249467203125 0.2987508296875 0.43882642812499995 0.26206201875
5 0.4239584265625 0.598454603125 0.41444758437500007 0.8774802859375 0.50327066875 0.8412456875000001 0.5149060578125 0.60053968125 0.4239584265625 0.598454603125
5 0.5536997890625 0.5321890015624999 0.5432279624999999 0.7877030640625 0.6074813812500001 0.770290471875 0.61495949375 0.5353994875 0.5536997890625 0.5321890015624999
5 0.5625717328125 0.28061302499999996 0.5523613390625 0.5032950265625 0.61594469375 0.5146711484375001 0.624087715625 0.31601237968749996 0.5625717328125 0.28061302499999996
0 0.173920853125 0.6275809531250001 0.167100696875 0.8558032046875 0.1775242125 0.8831623421874999 0.18797541874999998 0.8877319968749999 0.2050322125 0.8892962265625 0.2194864265625 0.613881225 0.1903162125 0.6143634437500001 0.18394784375 0.6287767671875 0.173920853125 0.6275809531250001
0 0.19920889375 0.29709703125 0.191728984375 0.4240661390625 0.19794499999999998 0.4377983375 0.227523846875 0.441359465625 0.236220903125 0.17569756718750001 0.22129728593750003 0.1688825578125 0.20377300625 0.1874034765625 0.19920889375 0.29709703125
0 0.6662925390625001 0.3819047953125 0.6630478203125 0.49971135625 0.6994348328125 0.49156349375 0.7033565687500001 0.38786916875 0.6662925390625001 0.3819047953125
0 0.6683271828125 0.6400852578125 0.665110153125 0.7351023343749999 0.686717271875 0.73556439375 0.6933868703125 0.6434095453124999 0.6683271828125 0.6400852578125
0 0.617664634375 0.6038400640625 0.614083021875 0.74312870625 0.6375839609375 0.7402847312499999 0.6436606109375 0.625127646875 0.6223950109375 0.6194847125 0.6217563312500001 0.603148809375 0.617664634375 0.6038400640625
0 0.627228153125 0.3534649796875 0.6216638546875 0.4903854890625 0.6435552578125 0.498325446875 0.6500237640625001 0.380924675 0.6307829593750001 0.3758406984375 0.6323269828125 0.353279353125 0.627228153125 0.3534649796875
0 0.532644190625 0.316808875 0.5249884515625001 0.49980999375 0.5476740953125 0.502810278125 0.5558714203124999 0.32572453281249997 0.532644190625 0.316808875
0 0.5209553031249999 0.6001302796875 0.51423300625 0.7868030796875 0.538496603125 0.780376309375 0.545060990625 0.6004879140625 0.5209553031249999 0.6001302796875
0 0.38265056249999996 0.603297475 0.371959415625 0.8291598171875 0.40746991250000003 0.821058246875 0.41664627187500003 0.6019091984375 0.38265056249999996 0.603297475
0 0.3961684703125 0.2486833078125 0.386845109375 0.4787480984375 0.42069673593749995 0.48581357656249996 0.43202148281249997 0.2671923671875 0.3961684703125 0.2486833078125