1 0.5390655062499999 0.3266509515625 0.534257790625 0.3363848359375 0.577089790625 0.337928196875 0.577804659375 0.3257897515625 0.561371278125 0.3260307609375 0.564682390625 0.14233466875 0.5840574765625 0.1414375390625 0.5841788921875 0.131003159375 0.5401675234375001 0.13108375 0.5470991421875 0.14054931406249999 0.5390655062499999 0.3266509515625
1 0.9053656999999999 0.1638404140625 0.8927829703124999 0.3374608234375 0.8792873812499999 0.3373823078125 0.88271398125 0.345481021875 0.9204665593750001 0.3465647640625 0.9221329671875 0.33662173281249996 0.9074677609374999 0.3361997984375 0.9164907859375001 0.16592483593750001 0.9276471000000001 0.165316509375 0.9283357000000001 0.156568534375 0.8872660578125 0.1559929578125 0.888357384375 0.1630682515625 0.9053656999999999 0.1638404140625
1 0.633078721875 0.5176752625 0.6107816765625 0.5175455421875 0.6142043171875 0.5259808406250001 0.6424004046875 0.5234519546875 0.644223371875 0.5180767109375 0.65185129375 0.5181210890625 0.65628983125 0.3383942125 0.6499215640625 0.3309516234375 0.6118092765625 0.328373578125 0.609387753125 0.3347552015625 0.6369383265625 0.337271778125 0.633078721875 0.5176752625
1 0.533897315625 0.51865755 0.5385169515625 0.5250801140625 0.540075328125 0.69373355625 0.5048538312499999 0.6948751093750001 0.501133484375 0.7120208546875 0.4963296890625 0.7214181453124999 0.539293434375 0.7219811468749999 0.538670715625 0.7135857015625 0.5198981828125 0.713139875 0.520610325 0.702372315625 0.5564029625 0.7025805515625 0.55845135 0.52654255625 0.576641071875 0.5266483796875 0.5755967859375 0.5155339859375 0.533897315625 0.51865755
1 0.87722923125 0.5142593078125001 0.877725915625 0.522004353125 0.8865195828125 0.522728721875 0.8817879828124999 0.6772077296875 0.8495041531249999 0.6780297515625 0.844586815625 0.6971882328125 0.840968340625 0.7055825703124999 0.8816007953125 0.7056181359375 0.8786270265624999 0.696713040625 0.865718203125 0.6966379390624999 0.8658122015625 0.6885597156250001 0.90045480625 0.6867415671875 0.9006058124999999 0.5224740796875 0.9158734734375 0.5215530562499999 0.9148057093749999 0.5124581984375001 0.87722923125 0.5142593078125001
1 0.677403390625 0.7145136734374999 0.670743109375 0.71144249375 0.6608784 0.711182953125 0.606928884375 0.7136993390625 0.6031301671875 0.7070058703125001 0.575981625 0.7080609171875001 0.565036178125 0.7098166921875 0.5694996515625 0.7199507875 0.5938291203125 0.7188793687499999 0.6579816046875 0.717837440625 0.6697019484375 0.740345684375 0.6848174031250001 0.74366821875 0.8603998718750001 0.7370075578125 0.891020684375 0.7404203 0.8941146078125 0.7471096687500001 0.9394575859375 0.7468097796875 0.938972375 0.73847549375 0.9016113562499999 0.738864615625 0.888274428125 0.7341372796875001 0.8717494640625001 0.7308065453125 0.8618659140625 0.732164178125 0.6894596453124999 0.738439 0.681077440625 0.7319210359375 0.677403390625 0.7145136734374999
1 0.6986879234375001 0.7631104421875 0.7082073421875 0.7627615 0.7142286171875 0.760168415625 0.7194298625 0.767476528125 0.7151423218749999 0.772505646875 0.697111353125 0.777454809375 0.693533234375 0.7820837375 0.7368850453125 0.7789354875 0.7373926671875 0.768389684375 0.7385204 0.7623313656249999 0.7273284296875 0.754988403125 0.724565709375 0.750120428125 0.6917811453125 0.750940509375 0.6846697500000001 0.75635751875 0.686379959375 0.7608150499999999 0.6986879234375001 0.7631104421875
1 0.6212360718750001 0.7561906359375 0.6152265828125 0.757772978125 0.6158514015625001 0.7646501390625 0.6221521531249999 0.7683257234374999 0.624496640625 0.778851809375 0.629329 0.7875729171875 0.643415415625 0.7884635203125 0.674137371875 0.7831838734375001 0.6607769203125 0.7804780250000001 0.644266046875 0.7759343859375 0.6418816203125 0.7688448265625001 0.6391024328125 0.765391890625 0.6577793875 0.76550055 0.6578969984375 0.7553931140625 0.6318126796875 0.75584785 0.6212360718750001 0.7561906359375
1 0.303952821875 0.7313071265625 0.3012099890625 0.7251561468750001 0.29336380625 0.722204440625 0.2769885671875 0.7266297125000001 0.2600993546875 0.7268543515625 0.261112428125 0.7365471203125 0.28082336875 0.7356931046875 0.2864406078125 0.7366944765625 0.28949837343749996 0.7641583984375 0.318672546875 0.7724005203125001 0.29725047187500003 0.77518195 0.29708140781250003 0.7897112734375 0.325265290625 0.786323390625 0.3450062859375 0.7828863890625 0.34397834375 0.7744851140625 0.327179221875 0.7669607796875 0.3148265546875 0.764305753125 0.3076372671875 0.753285465625 0.307299875 0.733909771875 0.303952821875 0.7313071265625
1 0.24511448281249998 0.5184666640625 0.220342953125 0.5202808890624999 0.2245018375 0.5296071859375 0.2611983375 0.5298206796875 0.268242090625 0.511257471875 0.2694735171875 0.33207694375 0.26452394375 0.3173606265625 0.218468340625 0.31464475625 0.21661341093750003 0.3273631453125 0.24476452656249997 0.32850609531249997 0.24511448281249998 0.5184666640625
0 0.881251425 0.6658394734375 0.879864175 0.5408247734375 0.6001546265625 0.5429431375 0.5996629875 0.6787202703124999 0.881251425 0.6658394734375
0 0.2101104203125 0.69558548125 0.53613813125 0.6804515906249999 0.5370090328125 0.5433805234375 0.20530477343750003 0.5485122109375 0.2101104203125 0.69558548125
0 0.5888512828125 0.49358142968749996 0.5884449546875 0.3546442171875 0.267751534375 0.346963140625 0.269675409375 0.4927734734375 0.5888512828125 0.49358142968749996
0 0.6541769265624999 0.4930648640625 0.9279584484375001 0.49121718437500006 0.9294154953125 0.36215921406249996 0.6572393109375 0.3543450203125 0.6541769265624999 0.4930648640625
0 0.6057063265625 0.30250116875 0.8897490937500001 0.31269130624999997 0.8989487437499999 0.18010261562500002 0.6102495234374999 0.1609769703125 0.6057063265625 0.30250116875
0 0.225681859375 0.2908311609375 0.54074475625 0.30005902500000003 0.5429597703125 0.15643165625 0.2238449796875 0.1375444421875 0.225681859375 0.2908311609375
