3 0.9371887328125 0.3882003796875 0.970451259375 0.38888774531250003 0.9685744859375 0.34940049375000004 0.9198398953125 0.34674673125 0.62635075625 0.40492579375000004 0.6233223875 0.43552944531250004 0.638817790625 0.4388327515625 0.6361143609375 0.4200191734375 0.9379570515625 0.36418443125 0.9371887328125 0.3882003796875
3 0.6432960671875 0.17676735937500002 0.6280801515625 0.17820489687500002 0.631998165625 0.1931102203125 0.46069489375000006 0.2632877546875 0.4597083546875 0.2766215421875 0.6194321953124999 0.20665802656249999 0.64443925 0.20733406250000003 0.6432960671875 0.17676735937500002
3 0.6404335453125001 0.50174145 0.63927838125 0.47048841562500004 0.6234104609375 0.4694989234375 0.625558153125 0.4877613390625 0.45026407968750004 0.5039373984375 0.4524587875 0.48996699374999997 0.4403052203125 0.4922151546875 0.4437808828125 0.516704290625 0.6404335453125001 0.50174145
3 0.445364609375 0.467730875 0.45508386874999995 0.4657264453125 0.45346239062500004 0.442684553125 0.43761842968750003 0.4430677296875 0.3428182203125 0.46046612500000006 0.34256065 0.445709953125 0.331017159375 0.44798297343750004 0.3362811125 0.4701445171875 0.4390422359375 0.45478511718750003 0.445364609375 0.467730875
3 0.2413796359375 0.3399993140625 0.23921623281249998 0.3251321546875 0.22586449687500001 0.323731359375 0.22529694375 0.3348460359375 0.23141994375000002 0.3365948484375 0.2315920453125 0.34645453125 0.25565061093749997 0.35043348281250003 0.273107853125 0.34707522812499997 0.30364427968749996 0.35131813125 0.3295557203125 0.3523739421875 0.3462882734375 0.35112804531249997 0.34672487812499997 0.3325114359375 0.336451478125 0.33294958124999996 0.3366048734375 0.341737559375 0.3073275796875 0.34418580625 0.29242919375 0.3414368578125 0.273746490625 0.34003303125 0.260051115625 0.34076011875 0.2413796359375 0.3399993140625
3 0.33189031406249997 0.48612270156250004 0.3262306734375 0.489104915625 0.3263616203125 0.49660685000000004 0.3214753078125 0.5002631421875 0.316724246875 0.5334829578125 0.258438471875 0.53196475 0.2496771359375 0.6408438953125 0.20357375625000002 0.6391795140625 0.2022403609375 0.650048796875 0.19424578125 0.6501514187499999 0.1940779875 0.6623533265625 0.20477359218750002 0.664288459375 0.21212522812499998 0.64916644375 0.26621570625 0.6502995171875 0.276516209375 0.54233984375 0.33135008125 0.5424322687500001 0.33687764375 0.48825361718750004 0.33189031406249997 0.48612270156250004
3 0.4323834296875 0.7210440734375 0.44072735312500005 0.7223094421875 0.4433155734375 0.6960697171875 0.42425181875 0.6946503625 0.3261469875 0.674522640625 0.325953409375 0.650331171875 0.3142978328125 0.65075669375 0.318482959375 0.6808994296875001 0.42498127343750003 0.7031193171875 0.4323834296875 0.7210440734375
3 0.9533276640624999 0.82040714375 0.95378279375 0.8464815124999999 0.9861985703125 0.849587 0.987243165625 0.8003733499999999 0.938342528125 0.7980238734375 0.624349928125 0.7313333625 0.619239759375 0.7657472609375 0.6306820890625 0.7669273578125 0.6316216375 0.7480484015625 0.93552294375 0.8182539406249999 0.9533276640624999 0.82040714375
4 0.15258955000000002 0.6371431703125 0.1529253265625 0.6270922859375 0.152754546875 0.6173083187499999 0.149494196875 0.6062482265625 0.1456720375 0.59228965 0.14542089062500002 0.577901465625 0.147025190625 0.5526616390625 0.138819821875 0.5511770609375 0.1385392953125 0.564393346875 0.1385249859375 0.592861109375 0.14258322343750002 0.620344578125 0.14064816875 0.655923053125 0.1491800296875 0.6761122734375 0.180010446875 0.6851326109375 0.2015319625 0.6880224578125 0.222567015625 0.6923302796875 0.2435417921875 0.6931849359375 0.25839268125000003 0.694652740625 0.2566520015625 0.6827918937499999 0.2188101546875 0.6821126328125 0.2029511765625 0.681466428125 0.1814196125 0.678001053125 0.157811590625 0.672725715625 0.155594490625 0.6628583671875 0.15278042187500002 0.6480781906249999 0.15258955000000002 0.6371431703125
0 0.2853687421875 0.443690034375 0.29589809843750003 0.35669705 0.2223422265625 0.3530221859375 0.22001559999999998 0.4267956046875 0.2853687421875 0.443690034375
0 0.240481334375 0.6329696203124999 0.24634201875 0.5545963734375 0.20532658750000002 0.5515697421875 0.2006952171875 0.6313484593750001 0.240481334375 0.6329696203124999
1 0.894815925 0.7789051687499999 0.879629046875 0.39200299375 0.6633122796875 0.42317247656249996 0.6675874234375 0.737117190625 0.894815925 0.7789051687499999
1 0.5872001890625 0.7562054359375 0.5841206375 0.5107561390625001 0.468663309375 0.522316175 0.465063596875 0.7302203578124999 0.5872001890625 0.7562054359375
1 0.4052059640625 0.6830537999999999 0.4165840421875 0.5066403046875 0.3432294109375 0.5144943750000001 0.331508040625 0.67124086875 0.4052059640625 0.6830537999999999
1 0.42872151562500005 0.44275431093749995 0.4328657546875 0.266046059375 0.35756150781249996 0.3002506015625 0.3541967546875 0.452593771875 0.42872151562500005 0.44275431093749995
1 0.5945570828125 0.48746223750000006 0.602103378125 0.22956979687499998 0.47284127343750004 0.278517978125 0.475459159375 0.49751855 0.5945570828125 0.48746223750000006
1 0.8788714437499999 0.34859995781249997 0.8598344734375001 0.0862358828125 0.6646883234375001 0.1568963375 0.6687249265624999 0.38815313906250004 0.8788714437499999 0.34859995781249997
0 0.6571311468750001 0.39791553281250003 0.6591483359375 0.2122737421875 0.60577214375 0.2266602046875 0.6088406390625 0.40245410000000004 0.6571311468750001 0.39791553281250003
0 0.6553650390625 0.718424459375 0.65794890625 0.505006309375 0.606491275 0.5088243484375 0.6036904437499999 0.7098126265625 0.6553650390625 0.718424459375
0 0.45371970937499995 0.6808734203125 0.46039716249999996 0.5187708984375 0.4319154171875 0.5210134171874999 0.42338930937499997 0.676234490625 0.45371970937499995 0.6808734203125
0 0.3312445 0.6457415421875 0.33303963593749997 0.5505289921875 0.2975878625 0.5495705937500001 0.29580121875 0.6452696437500001 0.3312445 0.6457415421875
0 0.3457725640625 0.4382606671875 0.3503746484375 0.355316278125 0.31668661249999996 0.356374353125 0.3129833796875 0.441299975 0.3457725640625 0.4382606671875
0 0.46492282031250004 0.43144803125 0.471075065625 0.28877017031249996 0.43836230625 0.29618795468750003 0.43475376718750003 0.43605255468750004 0.46492282031250004 0.43144803125
0 0.9833784765625 0.771975028125 0.9839906796875001 0.5099643046875 0.9113828390625001 0.5094365203125 0.9193940062499999 0.7703401640624999 0.9833784765625 0.771975028125
6 0.230543 0.532717 0.032222164772652384 0.012242673421985017
6 0.958815890625 0.3318098328125 0.9363307296875 0.10383549218749999 0.8935395796875 0.10404367656249999 0.9067765906249999 0.332291778125 0.958815890625 0.3318098328125