2 0.19869046271996743 0.9554090360832859 0.016216033386094876 0.020949169961944136
2 0.19985449445670964 0.834506287071869 0.014676265439406233 0.021666752965749582
2 0.20020618395272613 0.7393211210642578 0.015593907759274273 0.02638608646384668
2 0.1981913913954312 0.6432592045623551 0.017133675705962893 0.025668503460041237
2 0.19540239436493206 0.3060457060452298 0.013068301332783517 0.020040585969555113
2 0.1941688518076372 0.21001562304142415 0.012173391066226813 0.016102502471457926
2 0.17861805964605373 0.2655652860832859 0.01290917695960414 0.014571835969555113
2 0.1791636289255259 0.2843152860832859 0.014539873119538171 0.01697925296574949
5 0.12591660847155478 0.30477502471457935 0.013690426959604096 0.014603669467652302
2 0.13227190855069706 0.33546660920125976 0.012863712852981468 0.013009335969555202
2 0.12842549452321667 0.36418185821267657 0.01290917695960414 0.014571835969555113
2 0.1583750704666064 0.48167044714798113 0.011346676959604096 0.014508168973360824
2 0.1731733563599837 0.480712783611828 0.011346676959604141 0.014508168973360824
5 0.2021394423325033 0.510765039543327 0.014562605172849529 0.017760502965749582
5 0.20443171654739817 0.455455457033813 0.015343855172849507 0.017792336463846682
5 0.10192884217421876 0.44581651878308026 0.015230194906292783 0.01388608646384668
5 0.1041398630239013 0.5754403517868859 0.008957462852981457 0.012850168479069168
5 0.10174463723879612 0.5199397682887887 0.009761444906292781 0.01366325197716627
5 0.1227762027573446 0.5722981057412186 0.012863712852981468 0.013009335969555025
2 0.19312552586424744 0.09370487353571574 0.015457515439406188 0.021698586463846724
2 0.19739445486891563 0.4013263725471326 0.014517141066226813 0.01619800296574958
3 0.1649011671875 0.555076228125 0.16576390624999998 0.5692351296875 0.17487730625 0.572611525 0.18241118125 0.575923559375 0.19129697343750002 0.57147754375 0.205287053125 0.5720475953124999 0.21494608125 0.57093864375 0.220067878125 0.5765564359375001 0.232947234375 0.5776822390625 0.233625078125 0.54675781875 0.219799365625 0.5440909281249999 0.21667729375000003 0.5529788703125 0.20331162812499998 0.5506312296875 0.19025915 0.551301403125 0.1828040625 0.5506971265625 0.1750552578125 0.555489975 0.1649011671875 0.555076228125
3 0.216250146875 0.47633262812500005 0.21620350937500002 0.49796710468749994 0.23140936562499997 0.5015917484375 0.23097165625 0.48654865 0.22885329531249998 0.4834572828125 0.22886884218749998 0.4762457890625 0.23503133125 0.47890093437500003 0.42413574687500005 0.5025331265624999 0.4238877625 0.5172477796875 0.434961946875 0.518300028125 0.43534803593750004 0.50058595 0.4312163671875 0.4980135546875 0.42937225312500005 0.4811101203125 0.23325528750000002 0.4565911765625 0.2273534625 0.45514867499999995 0.2131202265625 0.45396770468750003 0.2127428921875 0.47198264375 0.216250146875 0.47633262812500005
3 0.4222655234375 0.554444328125 0.42372354999999995 0.5890618421875 0.5630767671875 0.5914344921875 0.5637585359374999 0.5761365046875 0.5659624765625 0.5744232765625 0.564613428125 0.5590425406249999 0.55874661875 0.5588034859375 0.5588886484375 0.57143049375 0.559236853125 0.5756517546875 0.43593954999999995 0.5751353546875 0.4329361140625 0.57260893125 0.434323046875 0.566054328125 0.434025403125 0.5558250234375001 0.4222655234375 0.554444328125
3 0.5552168703125 0.499460125 0.554937796875 0.5285977640625 0.5635298703125 0.5295488734375 0.5637515921875 0.5139316359375 0.56740570625 0.5155830546875 0.6540296484375 0.52602433125 0.6544177 0.5161234703125 0.660275753125 0.5160616625000001 0.6577352296875 0.49071570312499996 0.6482755874999999 0.4909312625 0.64756951875 0.51313988125 0.56674235 0.5005307640625001 0.5552168703125 0.499460125
3 0.6502571921875 0.3447293859375 0.6503769187499999 0.368196103125 0.716775175 0.371464709375 0.71679336875 0.3575760421875 0.721585265625 0.35777129687500003 0.7213859734375 0.34124604375 0.7123221890625 0.33937516562500003 0.7125500484375 0.3617201171875 0.7011723359375 0.362570375 0.699951878125 0.359329834375 0.6875493234375 0.35882446875 0.6582396625 0.3578178875 0.6581606625 0.34542681875 0.6502571921875 0.3447293859375
3 0.416812071875 0.2081975015625 0.41830922499999995 0.24110924531250003 0.42628745312499994 0.243352625 0.434125975 0.2407945828125 0.559013228125 0.2991159359375 0.5604435375000001 0.2864655359375 0.5625832203125001 0.2858333609375 0.5621361578124999 0.2704688140625 0.5536457109375 0.269163709375 0.5537520578125 0.27899928749999997 0.432009534375 0.22368350937499998 0.4287965171875 0.2245117359375 0.4288368625 0.21971765 0.4295120328125 0.20583754999999998 0.416812071875 0.2081975015625
3 0.6515246593749999 0.5394923390625 0.6509402859375 0.5591035125 0.6565003390624999 0.561640065625 0.6566786296875 0.607462296875 0.68765639375 0.6102645421874999 0.6909363921875 0.7428380953125 0.7183241875 0.75126905625 0.7194743703125 0.770950909375 0.7295813921875001 0.770977740625 0.72816455 0.7520550203125 0.7247515171875001 0.7538409484375 0.7254704765625 0.7388552546875 0.6970496828125 0.7346171984375001 0.6954257328125 0.5994161265625 0.6633028125 0.5969522203125 0.6625687671875 0.5518773421875001 0.6602784578125 0.55255401875 0.661098359375 0.5410374359375 0.6515246593749999 0.5394923390625
3 0.6650563734375 0.7609444187500001 0.663334615625 0.7347428421875 0.6534403171875 0.7385426359375 0.65298791875 0.7653865703125 0.5720165921875 0.789863296875 0.5596618656250001 0.7891771421875 0.5611103859375 0.8201187515624999 0.5690742125 0.8206259906250001 0.568242015625 0.8061558421875 0.65946605625 0.7760665546875 0.6597008359375 0.765294628125 0.6650563734375 0.7609444187500001
3 0.21488112187500003 0.9050172062499999 0.215757134375 0.953480665625 0.2317378078125 0.9519953093750001 0.2333996875 0.9356830453124999 0.42667512500000004 0.8595219999999999 0.429312103125 0.8767216 0.437292065625 0.8756224125 0.4350446265625 0.8534534718750001 0.4340534359375 0.837745278125 0.2379382046875 0.908093228125 0.22594518749999998 0.899770646875 0.21488112187500003 0.9050172062499999
3 0.7155490328125 0.594185440625 0.71606091875 0.619833384375 0.7305923937500001 0.619800446875 0.7348164953125 0.619972565625 0.7385489625 0.6032482765625 0.7419415875 0.599011159375 0.752032496875 0.5994223328125 0.751823096875 0.5922257156249999 0.742372471875 0.5896529546875 0.7341032078125 0.5883968578125 0.733044703125 0.5991132859375 0.7301792640625 0.60528985625 0.725207928125 0.607117396875 0.7246888203124999 0.5945095890625 0.7155490328125 0.594185440625
3 0.716432046875 0.5409843796875 0.7156469109375 0.566328709375 0.7251335937500001 0.5679333265625 0.7251710140625 0.5535211 0.7310050828125 0.55517989375 0.732542621875 0.5609268390625 0.73355911875 0.5696977140625 0.7345283031250001 0.5768425749999999 0.74035645625 0.57829811875 0.7416574359375 0.5759150015625 0.7535594796875 0.5768059937500001 0.75239054375 0.568028909375 0.741379478125 0.566362178125 0.7368523031249999 0.5625235203125001 0.736117028125 0.5529520640625 0.7335406625 0.542899565625 0.716432046875 0.5409843796875
6 0.711338597584495 0.5791130633065042 0.013599498746358662 0.011478669467652303
4 0.7719498578125 0.6386570484375 0.7690960734375001 0.6455768187500001 0.7689001234374999 0.6531603640625 0.76890254375 0.6627887453125 0.76836203125 0.6823936046875 0.7628216765625 0.701979896875 0.7586800359375 0.7123652171875 0.7598205828125 0.7611085828124999 0.7590211609375 0.7718152468749999 0.7551671671875 0.777768465625 0.7519382234374999 0.78134008125 0.7472122671875 0.7859616546875 0.747330934375 0.7900399953125 0.7509566125 0.790558046875 0.753667178125 0.788261425 0.7558377875 0.7864982781250001 0.7574522578125 0.7847124703125 0.7603060421875 0.7777926984375 0.7629141203125 0.7719738734375 0.7649648531250001 0.7613181953125 0.7635540484375001 0.7223772609375 0.7650216734375 0.7107720265624999 0.76994358125 0.6985669062500001 0.7728866437499999 0.6851702000000001 0.7732844937500001 0.6511171015625 0.7744308984375 0.6380175046875001 0.7719498578125 0.6386570484375
5 0.7834970909205776 0.484512829123835 0.010519962852981379 0.012913835475263546
5 0.7827696652146147 0.45951282912383495 0.010519962852981379 0.012913835475263546
5 0.7826416330821611 0.4282946626219323 0.008108016693047481 0.010474584980972068
5 0.6779146806540208 0.47630905688071357 0.008866534639735945 0.009725168479069169
5 0.6765962215619631 0.4309965568807136 0.00891199874635884 0.011287668479069169
5 0.6760817445232167 0.3864971403788108 0.009625052586424588 0.008975751977166269
5 0.7353731426490725 0.6542231512532257 0.010474498746358663 0.011351335475263546
5 0.73713187094146 0.6878487347513229 0.010519962852981379 0.012913835475263546
5 0.7373280992338478 0.7214106512532258 0.011346676959604096 0.014508168973360824
5 0.7878449247815261 0.6875741621276406 0.009693248746358662 0.011319501977166269
5 0.7877396247023839 0.6571372456257378 0.008934730799670021 0.012068918479069168
5 0.6818820812871591 0.7199317228883249 0.0072131064264906895 0.006536501482874791
5 0.6805181580884787 0.6730567228883247 0.008085284639736123 0.009693334980972069
5 0.6799809489964209 0.627776056386422 0.007326766693047304 0.01044275148287479
5 0.6828511993921322 0.7800561393902277 0.008085284639736123 0.009693334980972069
5 0.2645033546875 0.48933475781249997 0.2625952796875 0.8891463093749999 0.4101885453125 0.8423320875 0.41085658281250004 0.5033227296875 0.2645033546875 0.48933475781249997
5 0.2603318078125 0.104655840625 0.25947333437500003 0.4543568171875 0.4038764875 0.47027146406250003 0.40444074218750004 0.1794050828125 0.2603318078125 0.104655840625
5 0.45133150781250003 0.2568801015625 0.4522195640625 0.5631860171875 0.543124346875 0.5675588140625 0.539134846875 0.29255595 0.45133150781250003 0.2568801015625
5 0.45410045 0.5933546609375 0.45921109062500004 0.872415475 0.5458953015625 0.8351562015624999 0.5449078265625 0.594379934375 0.45410045 0.5933546609375
5 0.580019890625 0.5255959640625 0.5829423234375 0.7811627234375 0.6461087734375 0.7630065109374999 0.6412795953125 0.5280921046875 0.580019890625 0.5255959640625
5 0.57570795625 0.2739848546875 0.577173709375 0.49672540937500004 0.641177825 0.5073579109375 0.6389069875 0.3086581546875 0.57570795625 0.2739848546875
0 0.206271878125 0.6253852265625001 0.21140837656250003 0.8536250421875 0.2232344328125 0.8808553640625 0.2338960203125 0.8853020578124999 0.250987878125 0.8866672093749999 0.250995928125 0.6111585234375 0.221930903125 0.611980346875 0.21633393124999997 0.626463934375 0.206271878125 0.6253852265625001
0 0.21420348281249998 0.29469636875 0.213385640625 0.4217181734375 0.220302925 0.4353742546875 0.24998696250000002 0.4385899203125 0.24476380625 0.172898746875 0.22952461875000002 0.1662593953125 0.2130171796875 0.18497939375 0.21420348281249998 0.29469636875
0 0.6844428437500001 0.3740411625 0.6873693015625 0.4918535796875 0.7232303609375 0.4832841375 0.721717253125 0.3795722453125 0.6844428437500001 0.3740411625
0 0.6999769375 0.632127940625 0.701738925 0.7271567265625001 0.72331098125 0.727367009375 0.725141815625 0.6351594640625 0.6999769375 0.632127940625
0 0.6475573421874999 0.5964826234375 0.6512715250000001 0.735775221875 0.674559275 0.732658309375 0.674595575 0.6174616687500001 0.6530931 0.6120679375 0.6516016640625 0.5957439015625 0.6475573421874999 0.5964826234375
0 0.643997903125 0.346064028125 0.6456109640625 0.4830122265625 0.66785768125 0.49069507031250004 0.6681673984375001 0.3732507859375 0.6487134046875 0.36839227812500003 0.649073046875 0.3458190671875 0.643997903125 0.346064028125
0 0.5477558046875 0.31051945000000003 0.5496935656249999 0.493560125 0.5724739578125 0.49629538437500004 0.5713857250000001 0.3191621703125 0.5477558046875 0.31051945000000003
0 0.5509190734375 0.5939001875 0.5539797765625 0.780600678125 0.5778406828125 0.773893059375 0.5749773859375 0.593976975 0.5509190734375 0.5939001875
0 0.4131591484375 0.59867731875 0.4143118265625 0.8246029500000001 0.4493011953125 0.816089996875 0.4469890453125 0.59689348125 0.4131591484375 0.59867731875
0 0.40809067031249996 0.24400184062500002 0.410827209375 0.474112853125 0.44495561875 0.48078215625 0.44481357812500005 0.2620883140625 0.40809067031249996 0.24400184062500002