2 0.913181 0.62344 0.009375 0.0140625
2 0.901463 0.616408 0.01328125 0.01484375
2 0.832713 0.678127 0.01015625 0.01328125
2 0.810056 0.733596 0.01015625 0.01328125
2 0.747556 0.883596 0.0125 0.0140625
2 0.886619 0.725783 0.009375 0.0125
2 0.88115 0.73594 0.0109375 0.0109375
2 0.851463 0.722658 0.01015625 0.0125
2 0.845994 0.733596 0.01171875 0.01015625
5 0.921775 0.695315 0.0109375 0.015625
2 0.883494 0.557033 0.009375 0.0171875
2 0.8999 0.517971 0.009375 0.015625
2 0.914744 0.481252 0.01171875 0.0171875
2 0.931932 0.438283 0.01171875 0.01015625
5 0.73115 0.83594 0.0140625 0.02109375
5 0.501463 0.667971 0.01328125 0.021875
2 0.342869 0.592971 0.0109375 0.01484375
5 0.2999 0.33594 0.00859375 0.01640625
5 0.26865 0.357033 0.01015625 0.0109375
5 0.2374 0.382815 0.0125 0.0125
5 0.270994 0.263283 0.01171875 0.01484375
5 0.250682 0.277346 0.00859375 0.01484375
5 0.226463 0.292971 0.01328125 0.01875
5 0.438963 0.232815 0.0078125 0.01171875
5 0.415525 0.251565 0.0078125 0.0125
5 0.392088 0.268752 0.0078125 0.015625
5 0.385057 0.191408 0.01015625 0.01484375
5 0.402244 0.181252 0.009375 0.01640625
5 0.419431 0.169533 0.01015625 0.01328125
5 0.1374 0.241408 0.009375 0.015625
6 0.352244 0.246877 0.00859375 0.02265625
3 0.6811644859375 0.2295740984375 0.6799277546875 0.22755868281249997 0.66577404375 0.2270090234375 0.660002628125 0.22884121875000002 0.658353653125 0.24075049062499998 0.65381896875 0.2433155640625 0.658765896875 0.25046112656249997 0.66412506875 0.2543087375 0.6692094109375 0.256507371875 0.6723699484375001 0.253575859375 0.6737440953125 0.2462470765625 0.6704461421875 0.2433155640625 0.6656366296875 0.2405672703125 0.666323703125 0.234887465625 0.6737440953125 0.23305526875 0.6808896578125 0.23598678125 0.6900964390625 0.2370860984375 0.6949059531249999 0.23543712343749998 0.69751683125 0.23085663437499998 0.6938066359375 0.22939087812499998 0.6927073187499999 0.2218788765625 0.6949059531249999 0.2176648265625 0.69037126875 0.215099753125 0.6883100484375 0.2240775109375 0.689409365625 0.22737546250000001 0.6856991703124999 0.22792512187499997 0.6811644859375 0.2295740984375
3 0.695318196875 0.24111692968749998 0.6972420015624999 0.24716317499999998 0.7004025390625 0.24991146875 0.700127709375 0.25247654218750004 0.6962801 0.2539422984375 0.6973794171875001 0.2598053234375 0.696142684375 0.2598053234375 0.6946311234375 0.2598053234375 0.6920202453125001 0.25449195625 0.6888597078124999 0.2554080546875 0.6851495125 0.256324153125 0.68405019375 0.2598053234375 0.6844624390625 0.2653019109375 0.68638624375 0.270615278125 0.692982146875 0.2746461078125 0.6982039046875 0.27702796093750004 0.701639271875 0.275745425 0.7024637593749999 0.2702488375 0.7053494671875 0.26163751875 0.7102963953125 0.2583395671875 0.7131821031250001 0.2546751765625 0.7087848343750001 0.2484457109375 0.7067236140625 0.2442316609375 0.70864741875 0.2391015140625 0.7094719078125 0.23140629375000002 0.71015898125 0.22719224374999997 0.7032882468749999 0.2233446328125 0.7010896125 0.23232239062499999 0.701639271875 0.23562034375000002 0.6995780515625001 0.238735075 0.695318196875 0.24111692968749998
4 0.6231754984375 0.1689284265625 0.6344435015625 0.16874520625 0.6459863328125001 0.1674626703125 0.6490094546875 0.163798278125 0.6594529703124999 0.1670962296875 0.6683849234375 0.16966130468750001 0.68006516875 0.16966130468750001 0.692982146875 0.1676458890625 0.7078229312500001 0.1681955484375 0.728297715625 0.17167671874999998 0.736817425 0.173692134375 0.7402280578125 0.1669130109375 0.72909746875 0.16636335156249998 0.7115083921875 0.1612332046875 0.6851247765624999 0.16159964375 0.6634132609375001 0.162149303125 0.6547561359375 0.15775203437500002 0.6460990125 0.1583016921875 0.6340065218750001 0.160866765625 0.61792900625 0.160866765625 0.61078344375 0.15445408124999999 0.6026759796875 0.15408764218749998 0.599265346875 0.156286278125 0.5994027609375 0.1643479375 0.60380003125 0.1630654 0.6106707640625 0.16471437656250001 0.6231754984375 0.1689284265625
0 0.6522381015625001 0.23281542812499997 0.6039005078125 0.20044840625 0.59453110625 0.23054405937500003 0.6460628140625 0.26404676562499996 0.6522381015625001 0.23281542812499997
0 0.8149249796875001 0.342692953125 0.7444415281250001 0.2949941828125 0.7284709578124999 0.34184119062499996 0.8000191140625 0.394934465625 0.8149249796875001 0.342692953125
2 0.357713 0.282033 0.0078125 0.00859375
3 0.278440534375 0.3726623203125 0.281711609375 0.383371015625 0.2882537265625 0.37980145 0.279927375 0.3595739109375 0.2724931734375 0.36036714999999997 0.2739800140625 0.366316428125 0.101803475 0.4309652234375 0.100316634375 0.42818889687499995 0.0904520359375 0.43253132031249997 0.0982350546875 0.452779234375 0.10804822968750001 0.45119275625000005 0.10715611249999998 0.4396908328125 0.278440534375 0.3726623203125
3 0.3857906921875 0.51693808125 0.386682778125 0.530423103125 0.39411701250000003 0.5236805921875 0.384303853125 0.49909025468749996 0.3735985765625 0.5042462984375 0.37568013906250003 0.50979895 0.1817956859375 0.61054001875 0.17703778750000002 0.604194128125 0.16620267187499999 0.60919358125 0.179416728125 0.6390965421875 0.1889325421875 0.63275065 0.18536410625 0.6232318015625 0.3857906921875 0.51693808125
3 0.2314562703125 0.782485734375 0.26595105625 0.8701384109375001 0.26997665625 0.8673208859375 0.265683575 0.8604938109375 0.2683254765625 0.8567499406250001 0.26997665625 0.861815184375 0.28302099375 0.8532262796875001 0.2721231953125 0.8219538906249999 0.25907884062500003 0.8323046140624999 0.2562718234375 0.833185528125 0.23662275 0.7856162578125 0.2404204703125 0.7803307796875 0.22110162500000002 0.730779453125 0.19912609375 0.7423148390625001 0.206774659375 0.755515690625 0.2234273125 0.7459968421875 0.23502470625 0.777726321875 0.2314562703125 0.782485734375
3 0.504254971875 0.6655251125 0.6669130703125 0.5534186640625001 0.6743066109375 0.5617228562500001 0.6805327765625 0.567431984375 0.6879263171875001 0.5596468046874999 0.6766414453125 0.5497855890625 0.6723609453125 0.5539376781249999 0.661076071875 0.539405359375 0.5011418875 0.6447646812500001 0.49608313906249996 0.6468407046875 0.487522203125 0.6676011640625 0.5050332421875 0.687842625 0.5139833234375 0.6816144703125 0.5050332421875 0.6701962140625 0.504254971875 0.6655251125
3 0.6692478625 0.36584188281249996 0.6809219015625 0.3767411265625 0.6937633171875001 0.3751840875 0.6933741921875 0.364284859375 0.6875371921875 0.35805671875 0.68247844375 0.3632468328125 0.6852023593750001 0.3689559609375 0.6743066109375 0.3564996796875 0.54822713125 0.41930007187499996 0.5408335906249999 0.41774301875 0.5344863875 0.42309624531249995 0.5493945484375 0.443693578125 0.5528967546875 0.4390224765625 0.5532858796875 0.42968027343750004 0.6692478625 0.36584188281249996
3 0.5439466734375 0.2653368859375 0.5513402140625 0.274679090625 0.5653490453125001 0.2679319375 0.5614577125 0.260665784375 0.5517293390625 0.2679319375 0.5447249234375 0.258070734375 0.43031946093749995 0.3032247015625 0.4237041921875 0.30062964999999997 0.4185467703125 0.30400419218749997 0.42837379531249997 0.32346616250000004 0.43382166875 0.3182760328125 0.434210815625 0.3110098796875 0.5439466734375 0.2653368859375
3 0.3657231796875 0.4686061421875 0.510481115625 0.3990586109375 0.515539865625 0.40269168750000006 0.52020946875 0.40840081406250006 0.5264356125 0.40424873906250003 0.5194311984375 0.396463559375 0.5147615937500001 0.3990586109375 0.5062006375 0.3902354328125 0.3653340546875 0.45874491093750003 0.3563839734375 0.4603019640625 0.3567730984375 0.47223921874999997 0.350546953125 0.47691032031249997 0.3540491609375 0.48469550000000006 0.35521655625 0.47794834531249997 0.36027530625000004 0.488328575 0.3703928046875 0.4836574734375 0.3629992421875 0.47327724375 0.3657231796875 0.4686061421875
0 0.2759257453125 0.7869680296875 0.20368649218749998 0.6267547890625 0.1907957546875 0.6391820125 0.259034915625 0.7968805109375 0.2759257453125 0.7869680296875
0 0.16917544843750001 0.546365228125 0.1197606734375 0.442685603125 0.1076926953125 0.45264723125 0.1549871296875 0.5544754359375 0.16917544843750001 0.546365228125
0 0.2681512515625 0.38592417968750004 0.3299765484375 0.47697785625 0.361055734375 0.4454381609375 0.3063293125 0.3688417671875 0.2681512515625 0.38592417968750004
0 0.422623409375 0.32510836875 0.49145326718750004 0.3985791875 0.5198299796875 0.3805564984375 0.448888271875 0.31116916250000004 0.422623409375 0.32510836875
0 0.536348975 0.442685603125 0.6333366078125 0.547266340625 0.6664427234375 0.5229357171875 0.56915130625 0.4283166078125 0.536348975 0.442685603125
0 0.5528595625 0.2784990421875 0.6190426312499999 0.33085360625 0.6409514625 0.30467632031249997 0.583897115625 0.2638884640625 0.5528595625 0.2784990421875
0 0.6832118625 0.3823280953125 0.7760561421875 0.4542914734375 0.794313534375 0.42385277343750005 0.7176325234375 0.3678455625 0.6832118625 0.3823280953125
3 0.8140688578124999 0.3549346015625 0.8070243734375 0.3769556609375 0.8105466031249999 0.3845896265625 0.8028417140625 0.4113085109375 0.790073575 0.4327423421875 0.7828089312500001 0.44742304375 0.788972853125 0.45035919375000005 0.7942562359374999 0.45769954375 0.8010805859374999 0.45975484062499994 0.8065840796874999 0.453295328125 0.8065840796874999 0.44712943593750004 0.7953569328125 0.44272521875 0.798218759375 0.43773378125000006 0.812968159375 0.41629995 0.8193522171875 0.3790109578125 0.8208932093750001 0.35933880937499996 0.83498218125 0.3713769890625 0.8424669359375001 0.3722578328125 0.8453119484375 0.3598311375 0.8325606484374999 0.3502367734375 0.8281578296875001 0.3543473703125 0.8208932093750001 0.3478878609375 0.8140688578124999 0.3549346015625
1 0.21466145625 0.6177566875 0.3125151828125 0.8256460515624999 0.483759090625 0.7099022609375 0.36481624375 0.53684838125 0.21466145625 0.6177566875
1 0.1308939265625 0.4417084171875 0.197790184375 0.584044928125 0.3437271234375 0.5087552343749999 0.2593704734375 0.3862690703125 0.1308939265625 0.4417084171875
1 0.29322988437499997 0.3501818578125 0.3673469640625 0.4559401125 0.48797693750000004 0.3975063359375 0.3985589046875 0.3121031390625 0.29322988437499997 0.3501818578125
1 0.45000003906249997 0.3106028046875 0.548713690625 0.40312498906250005 0.641505978125 0.3525573109375 0.5377473921875 0.271649003125 0.45000003906249997 0.3106028046875
1 0.5715201000000001 0.42191889062500004 0.71152201875 0.5525805765625 0.80094005 0.49077563281250003 0.6634386906249999 0.379526734375 0.5715201000000001 0.42191889062500004
0 0.3702235109375 0.5307612859375 0.46013925 0.661581990625 0.49894329375 0.6334888078125 0.40783813281250003 0.5098789578125 0.3702235109375 0.5307612859375
1 0.6357798796874999 0.5539405703125 0.4957712890625 0.4168912171875 0.4044809609375 0.4975992546875 0.506252503125 0.640213115625 0.6357798796874999 0.5539405703125
5 0.945213 0.626565 0.00703125 0.0078125
5 0.849119 0.633596 0.01015625 0.015625
5 0.805369 0.75469 0.01171875 0.0171875
6 0.845994 0.782815 0.00703125 0.009375
5 0.873338 0.764846 0.0140625 0.01484375
6 0.860057 0.675783 0.00625 0.01015625
6 0.932713 0.634377 0.00859375 0.01171875
4 0.43772801250000004 0.7984973546874999 0.46587565 0.785848140625 0.48881304062500003 0.7772647609375001 0.5206911109375 0.7582909390625 0.5586734734375 0.7307337375 0.569525565625 0.7090493875 0.611677834375 0.6765567781249999 0.6293124953125 0.6530653953125001 0.6625470531250001 0.64719254375 0.6896773203125 0.63092928125 0.719859721875 0.5988545046875 0.804565028125 0.5294756859375 0.8669646390624999 0.506436059375 0.8845993218749999 0.47255425000000006 0.8686602640625001 0.4716507375 0.8639124828125 0.4937868515625 0.811008478125 0.517278234375 0.7974433453125 0.517278234375 0.7313133453125 0.57013385 0.6811223578125001 0.6198271671875 0.6695637343749999 0.6317783125 0.64141611875 0.6367476453124999 0.61428585 0.6493968515625 0.56918180625 0.6963796234374999 0.512547390625 0.750590515625 0.438583509375 0.7863763046875001 0.3782186828125 0.8270344703125 0.34387601874999996 0.8553033937500001 0.3461633921875 0.8653574468749999 0.3631197984375 0.8536117593749999 0.40652821718750004 0.8224404859375 0.43772801250000004 0.7984973546874999
2 0.513181 0.721096 0.01171875 0.0171875
5 0.532713 0.689846 0.015625 0.01796875
2 0.102244 0.351565 0.009375 0.0203125
2 0.164744 0.392971 0.0125 0.0125
5 0.171775 0.343752 0.0125 0.01640625
2 0.39365 0.152346 0.0109375 0.0109375
5 0.189744 0.41719 0.01796875 0.02734375
5 0.211619 0.434377 0.01640625 0.0234375
5 0.465525 0.215627 0.0140625 0.01640625