2 0.181448 0.599163 0.022765334308955422 0.019541173683797552
2 0.203727 0.53511 0.011791472872636977 0.012909227767481468
2 0.173598 0.458292 0.011805108411256348 0.015252977767481468
2 0.155398 0.417821 0.011005677693097127 0.012100695916316084
2 0.187883 0.497064 0.011800563231716587 0.014471727767481467
2 0.255998 0.658786 0.010238063231716587 0.0144171640651507
2 0.278968 0.713483 0.011001132513557365 0.011319445916316085
2 0.239887 0.708994 0.01810056020665445 0.023283732576804893
2 0.203182 0.710055 0.01729658430895542 0.01935020072563951
5 0.359251 0.818609 0.015752265027114642 0.022420637023308387
5 0.165478 0.67359 0.012563632513557322 0.011374009618646852
5 0.143207 0.604857 0.0055142017953981 0.008003472958158042
5 0.239346 0.616025 0.007903403590796198 0.015897818511654192
6 0.227869 0.657022 0.0062954517953980995 0.008030754809323425
6 0.224839 0.673319 0.009479539129415616 0.01829613221398514
6 0.243339 0.765353 0.00864829215447771 0.009675100362819933
5 0.217454 0.746484 0.013358518052176738 0.013745041469812235
5 0.283006 0.736276 0.011805108411256348 0.015252977767481468
2 0.341578 0.868763 0.012572722872636888 0.012936509618646851
0 0.12376623281250002 0.4467134796875 0.1098619734375 0.458316528125 0.15646305625 0.5753134046875 0.1566051203125 0.5588370109375 0.1715608375 0.5530202875 0.12376623281250002 0.4467134796875
3 0.1620945921875 0.613088578125 0.15746243437500002 0.600947496875 0.16279994375 0.5999185921875 0.1693298609375 0.6022299828125 0.17426215625000002 0.5987563406249999 0.17120437500000002 0.588406371875 0.164997840625 0.574474178125 0.1542096375 0.5794794609375 0.1568692859375 0.5886002312499999 0.1533759453125 0.5929921921875 0.156302365625 0.6031639609375 0.14773121718749999 0.6084202796875 0.147754453125 0.6124141984375 0.151601446875 0.6240070203125 0.1505909328125 0.6295273546875 0.1562344265625 0.6410452453125 0.157038971875 0.6401693265625 0.15912062656249998 0.6395475671875 0.1571188203125 0.6314914484374999 0.153910471875 0.617663953125 0.1620945921875 0.613088578125
3 0.3956939453125 0.5415031671875 0.3963868046875 0.5349033125 0.39238723750000004 0.5261792125 0.39089946875 0.5218411078125 0.38499035937500004 0.5116986828125001 0.377121721875 0.5166841796874999 0.3781831109375 0.523150465625 0.18555860468750002 0.6165639265625 0.1806938796875 0.6099648203125 0.16908369375 0.6145033796875 0.182953971875 0.6478519296874999 0.1919905953125 0.64251756875 0.1911843578125 0.6296309625000001 0.387596271875 0.5322584406249999 0.38883228124999997 0.5436014515625 0.3956939453125 0.5415031671875
3 0.29123325 0.38977615781249997 0.2865000625 0.38064892031249997 0.28499642187499996 0.3735827125 0.28190296875 0.3697730125 0.272997884375 0.3725792390625 0.10312328125 0.4350306671875 0.10208229375 0.43207193593750004 0.092454859375 0.4357747140625 0.1027026625 0.45956392187499995 0.1096981328125 0.45532724062499996 0.1086197484375 0.445937978125 0.2824075546875 0.38109048125 0.2830561671875 0.39202333437500003 0.29123325 0.38977615781249997
3 0.5140395265625 0.41837070625 0.5167122890625 0.4252829203125 0.521734628125 0.43383577500000003 0.5279945578125 0.4319113 0.527941275 0.422752665625 0.521910828125 0.41689215781250005 0.50899264375 0.40864804218749995 0.46202239843750004 0.429802334375 0.3587342515625 0.4743172015625 0.35923884687499996 0.48563467656250003 0.3529822859375 0.4891198 0.36420629843749996 0.5078252984375 0.3725251140625 0.5048037765625 0.371297040625 0.4948248125 0.365268853125 0.48935403125 0.36626448749999996 0.484518178125 0.5140395265625 0.41837070625
3 0.6695969046875 0.5802720124999999 0.6705018125 0.5849794125 0.6753654046875 0.5913836531250001 0.6821386109375001 0.599218353125 0.6889877859375 0.59497655625 0.6896591234375 0.584674275 0.6793558828124999 0.5734042765625 0.6749900921875 0.577148321875 0.662416834375 0.5642404546875001 0.499803140625 0.6666897390625001 0.49813844375 0.6822176 0.49055104375 0.685264675 0.507958590625 0.7110049828125 0.5178090515625 0.7097903734375001 0.51627706875 0.697852540625 0.5080263109375001 0.687433521875 0.5085819671875 0.682387478125 0.6695969046875 0.5802720124999999
5 0.58877 0.663376 0.008684653590796287 0.015925100362819754
2 0.575775 0.712131 0.008666472872636888 0.012800100362819578
2 0.557633 0.681816 0.00789431323171641 0.014335318511654194
2 0.759154 0.547476 0.009452268052176648 0.01360863221398514
5 0.899011 0.420356 0.00869828912941557 0.018268850362819757
5 0.850374 0.384289 0.006331813231716587 0.014280754809323426
5 0.81742 0.358925 0.006327268052176827 0.013499504809323427
5 0.786039 0.335177 0.01101931323171641 0.014444445916315996
5 0.860798 0.29639 0.007126698770336048 0.01665178666048881
5 0.836488 0.279919 0.007907948770336048 0.016679068511654283
5 0.81375 0.265065 0.0063363584112565265 0.015062004809323426
5 0.700041 0.187672 0.007113063231716588 0.01430803666048881
5 0.682795 0.176916 0.006336358411256349 0.015062004809323426
5 0.667887 0.16546 0.007122153590796288 0.01587053666048881
3 0.6626048828125 0.2511525109375 0.659574153125 0.2640672 0.65556673125 0.2661176265625 0.656692175 0.2711460984375 0.6604488609375 0.27310258906249996 0.6662326296875001 0.278050359375 0.671360534375 0.2801764265625 0.6749033296875 0.276771215625 0.674496790625 0.2696991703125 0.66871231875 0.2646296859375 0.6677646515625 0.2587556125 0.6741497578125 0.2571532703125 0.6848609890625 0.2611779328125 0.692625809375 0.26120571406250004 0.69735850625 0.25820711875 0.6995307875 0.2547540484375 0.693205896875 0.25100425 0.6956275015625 0.2433008375 0.6915128859374999 0.23953508750000002 0.68907949375 0.24830472343749999 0.6899223359375 0.251863084375 0.68463364375 0.2535037078125 0.677762671875 0.2500999015625 0.6707231296875 0.24912394999999998 0.6626048828125 0.2511525109375
3 0.697244771875 0.2857630125 0.6906252453125 0.27847399687499996 0.6848924671875001 0.2822894796875 0.6840219828125 0.2896819984375 0.6954960203125 0.299209215625 0.7014434078125 0.3008771453125 0.7052624296875 0.29784664375 0.706467934375 0.28523328124999997 0.7132893328125001 0.2801172578125 0.7127043015625001 0.2737690953125 0.7092932578125 0.2684174328125 0.7119117593750001 0.26315463906250003 0.7072449359374999 0.2617748015625 0.7102161609375 0.25433395625 0.7044240796875 0.2486918421875 0.70330410625 0.2595685015625 0.6990268281249999 0.2623396265625 0.6979686546874999 0.2688737796875 0.7026616812500001 0.2747569578125 0.6967617390624999 0.28124371875 0.697244771875 0.2857630125
3 0.6846163921875 0.39185229375 0.6727740515625 0.38182546875 0.64734696875 0.3920110625 0.6081852453125001 0.4108630984375 0.55139715625 0.43857167343750003 0.5487578015625 0.4444043671875 0.5422268078125 0.43663169999999996 0.5357616671875001 0.4401782328125 0.5365464265625 0.44945386093749995 0.548669946875 0.46070737343749996 0.5556039562499999 0.45924589843749997 0.5561762609375 0.4477056046875 0.633754340625 0.4087976953125 0.671435646875 0.390010625 0.68666284375 0.400885778125 0.695407209375 0.3965670234375 0.6976054125 0.39785530156250004 0.6972038109375001 0.407332871875 0.7041037796875 0.40083272656249996 0.6974088890625 0.392479284375 0.6978437703125 0.38872216875 0.690860559375 0.3817269421875 0.683755846875 0.3852511375 0.688994240625 0.39066661406250003 0.6846163921875 0.39185229375
3 0.6558085703125001 0.3015471625 0.5916760015625 0.25347137656249996 0.591978475 0.2269541453125 0.59778701875 0.2204591890625 0.5914479640625 0.21427515625 0.590498884375 0.2081576578125 0.584809321875 0.203699925 0.5783385156249999 0.20627276249999998 0.5787478890625 0.21383165937499998 0.5868307125000001 0.22141514375 0.5848658984374999 0.2605297859375 0.6016540953125 0.272793475 0.600051259375 0.27991704375 0.604736490625 0.28446139375 0.6078061609375001 0.27824085625 0.6250575953124999 0.2916204359375 0.622809521875 0.2977479765625 0.6297860234375 0.3035892078125 0.6312032875 0.29597240937499997 0.6501042906250001 0.31026140625 0.6480793171875 0.32333290312499996 0.633997378125 0.3365917984375 0.6339838999999999 0.3499769109375 0.65204843125 0.361802953125 0.6557526703125001 0.3704458734375 0.6566925484375 0.3749811171875 0.6670418578125 0.3796015703125 0.674170640625 0.3802155734375 0.6748485484375 0.371126021875 0.665388840625 0.362399265625 0.66426481875 0.35761421718749997 0.65858870625 0.35546900937500003 0.6423423125000001 0.34212452187500003 0.656031171875 0.3241061078125 0.6558085703125001 0.3015471625
3 0.5532388515625 0.2935275953125 0.5655508625000001 0.28904217499999996 0.56595675 0.29934790312500004 0.572508496875 0.2974262171875 0.5726059484375 0.29435751875 0.5688929625 0.29038772343749997 0.5686319 0.2851560265625 0.5623744390625001 0.2798685359375 0.5549090828125001 0.28498402500000003 0.5450664640625 0.2778816796875 0.43126320781249994 0.318760325 0.42967536562499997 0.3233130421875 0.42606608125 0.3173499984375 0.420192365625 0.32020020625 0.419402578125 0.3281768828125 0.4292478796875 0.335740140625 0.43582095781249997 0.3358160671875 0.4369912546875 0.3252581765625 0.542927734375 0.2851800515625 0.5532388515625 0.2935275953125
4 0.5280816046875 0.76829753125 0.5600598140625 0.75312416875 0.5716125812499999 0.7303595125 0.5996323296875 0.70929878125 0.6288229296875001 0.682082040625 0.6496823890625001 0.670864421875 0.66760465625 0.6685942781249999 0.6909209109375001 0.659272440625 0.733309865625 0.6118825203125 0.7727780828124999 0.5839386578125 0.804994384375 0.5629815953125 0.8089956203125 0.5500892671875001 0.8494544953125001 0.5446240984374999 0.8827150500000001 0.5218934890625 0.8877066015624999 0.4923836796875 0.8757787875 0.49739717499999997 0.865077215625 0.526345578125 0.8130002359375 0.5433510874999999 0.798337509375 0.5453730625000001 0.735563171875 0.5920511281249999 0.67941958125 0.6574228046874999 0.6565669062499999 0.6530047578125 0.6354208875 0.6616783671875 0.591645503125 0.7043138578125 0.5622099140625 0.7268160499999999 0.5308659296875 0.75757761875 0.4807567328125 0.785848903125 0.44448080624999997 0.8015961953125 0.391676878125 0.83378036875 0.35841340312500003 0.8615789062499999 0.34713740937500004 0.8687692312499999 0.3477168265625 0.8749434953125 0.37915771249999997 0.8608373734375 0.4224379390625 0.8265106093749999 0.475817090625 0.7997765421875 0.5004944625000001 0.7908642546875 0.5280816046875 0.76829753125
3 0.8116653359375 0.416600075 0.8044677171875 0.4406028234375 0.7904307703125 0.45676470625 0.7864463875000001 0.47255363125 0.7987597484375 0.48710168437499995 0.80528729375 0.4880536328125 0.8090377984374999 0.4787725703125 0.8092864234375 0.4747992359375 0.7986586375 0.46972207812500005 0.8002705203125 0.4665203625 0.8169918218750001 0.44466019062499995 0.8236163234375 0.4155694109375 0.8191831640625 0.4009345421875 0.8242674375 0.3873560390625 0.8398361281250001 0.40093175781249996 0.8467902625000001 0.3886166671875 0.8345433468750001 0.37866484375 0.82885439375 0.3817241953125 0.820670765625 0.3763703953125 0.8133826015625001 0.384803925 0.8086186078125 0.40671964843749997 0.8116653359375 0.416600075
0 0.1954278421875 0.6447996109374999 0.26076614062500003 0.8052758875 0.2816487703125 0.7980410953125 0.208709596875 0.6324936921875 0.1954278421875 0.6447996109374999
0 0.270343865625 0.39631641875 0.3306591296875 0.4874750203125 0.37049858125 0.46895616562500003 0.3058740890625 0.3832744875 0.270343865625 0.39631641875
0 0.37274024843750003 0.5478210953125 0.46262319218750003 0.6765743703125 0.503231721875 0.6501183421875 0.41069776874999997 0.5259912890625 0.37274024843750003 0.5478210953125
0 0.4229018390625 0.3412168078125 0.49046313281250004 0.41670038906249995 0.5224349875 0.4004407953125 0.45162679062500005 0.32737785 0.4229018390625 0.3412168078125
0 0.5385451125 0.4637069484375 0.6378000890625 0.5685334140625 0.6691988624999999 0.5471857890625 0.5715936687500001 0.445674953125 0.5385451125 0.4637069484375
0 0.6879504546875 0.40720980312500005 0.7769780296875 0.4823569859375 0.795812675 0.45007259218750006 0.7196589390625 0.392389025 0.6879504546875 0.40720980312500005
0 0.5549790515625 0.2990339328125 0.6221484796875 0.35386974531250004 0.63965990625 0.32769315625 0.5858986484375001 0.2838800375 0.5549790515625 0.2990339328125
5 0.694237 0.264016 0.009452268052176648 0.01360863221398514
5 0.671485 0.246819 0.005546018052176649 0.013472222958158041
5 0.647961 0.231157 0.009452268052176648 0.01360863221398514
4 0.73946169375 0.19953945625 0.7399463374999999 0.189420334375 0.7135686109375 0.1863271953125 0.6872035578125 0.1854065078125 0.6649155375 0.18462819218749998 0.649094009375 0.1743016546875 0.6309336140624999 0.1823555171875 0.61376989375 0.174878115625 0.6032432765625 0.18328144375 0.6184832734375 0.1909707796875 0.6556868203125 0.186477928125 0.6774754515625 0.194840834375 0.6962089265625 0.19187500625 0.7245018953125 0.197207034375 0.73946169375 0.19953945625
1 0.4925734515625 0.7341634125 0.3670737671875 0.5504013671875 0.21917240625 0.6178966015625 0.32277958125 0.8474419640624999 0.4925734515625 0.7341634125
1 0.3430138828125 0.5166371140625 0.261378253125 0.4013903109375 0.13012218125 0.44081020156250006 0.1985619578125 0.5910646640625 0.3430138828125 0.5166371140625
1 0.375968315625 0.46783411875 0.484749978125 0.4148671734375 0.3998499484375 0.3244832875 0.2983505890625 0.360462540625 0.375968315625 0.46783411875
1 0.6331268203125 0.575586559375 0.5156293437499999 0.44886960625 0.40421767500000005 0.489256225 0.5193692234375 0.6522212875 0.6331268203125 0.575586559375
1 0.7989491656250001 0.5121230703124999 0.667046146875 0.3996621484375 0.579515934375 0.4431533671875 0.71324268125 0.5761136078125 0.7989491656250001 0.5121230703124999
1 0.6443159453125 0.37644330937500003 0.5388227328124999 0.292459021875 0.45813446718749995 0.32403489375 0.559030653125 0.42354488906250004 0.6443159453125 0.37644330937500003