1 0.502634671875 0.296866296875 0.5280187468750001 0.2963303734375 0.52830351875 0.288175565625 0.5133154375 0.28748627187500003 0.5134510421875 0.2836030296875 0.52289965 0.2798597296875 0.5382618796875 0.277246759375 0.5364959296875 0.268521515625 0.53809545625 0.2597766890625 0.5272359390625 0.259451621875 0.5287904671875 0.266819240625 0.5230894968750001 0.274423190625 0.502986015625 0.27939321562499997 0.502634671875 0.296866296875
1 0.5554997734375 0.28762909531249997 0.554118446875 0.2975373875 0.5784669921875001 0.2970074875 0.5823681109375001 0.2816491015625 0.5784090546875 0.27643082343750003 0.5683465265625001 0.2755187515625 0.56096775 0.27187335 0.558778959375 0.260432846875 0.5505014890625 0.26028688125 0.5479773812500001 0.28068444375 0.5591364609375 0.27984303125 0.5653293078125 0.280389371875 0.568872303125 0.28269822968749997 0.5684439140624999 0.2875537890625 0.5554997734375 0.28762909531249997
1 0.5015128390625 0.35122716875000004 0.50040395625 0.3607456296875 0.5196223062499999 0.3588867171875 0.5683465156249999 0.3570502671875 0.572783278125 0.326353075 0.702368296875 0.32889925625 0.7129979046875 0.298748403125 0.732952221875 0.29804994375 0.7340339828125 0.2893081328125 0.7161914109375 0.28882956875 0.7142571875 0.29233502968749997 0.7010541640625 0.2924118421875 0.6957717171875 0.3176785203125 0.5617111078125 0.31729372499999997 0.5598224921875 0.3491408296875 0.5150357671875 0.3494013921875 0.51520650625 0.35192399218750003 0.5015128390625 0.35122716875000004
1 0.4512421125 0.35287849375 0.4521703921875 0.36335571718750004 0.47501309999999997 0.3614757171875 0.4616011078125 0.456479725 0.488749903125 0.457292390625 0.49190950625 0.44834436718750004 0.47795695625 0.44764905 0.4883042671875 0.358874796875 0.47925692968750006 0.3585391890625 0.479194675 0.35290999218749997 0.4512421125 0.35287849375
1 0.52044085625 0.4466253953125 0.5205992671875 0.45691297343750004 0.536929225 0.45623560156250004 0.5367590859375 0.5796986000000001 0.5183919671874999 0.5794172125 0.5179783687499999 0.5912611 0.552702565625 0.590088465625 0.552134275 0.45071170625 0.5394422359375 0.45097966874999995 0.5390397359375 0.44768192500000004 0.52044085625 0.4466253953125
1 0.869563375 0.8035270499999999 0.91588305625 0.8038399374999999 0.9161055749999999 0.790055934375 0.89170956875 0.7919449703125 0.8244074640625 0.5920019421875 0.83687451875 0.590764675 0.8363894234375 0.582420221875 0.8170138953125001 0.5813682109375 0.8155974359375 0.5848706578125 0.8021084093749999 0.5857256265624999 0.8691041687500001 0.7870292953125 0.8651950375 0.7952051906250001 0.869563375 0.8035270499999999
1 0.5187482046875 0.8360452890625 0.521407296875 0.8488419140625 0.5339150359375 0.8464396750000001 0.537074640625 0.8374916515624999 0.5374543359375 0.8266185734375 0.5347761328125 0.8217810890624999 0.5320332125 0.7965611015625 0.5406712671875 0.793793128125 0.5427127453125 0.7798044203125001 0.5108566 0.780378 0.51072900625 0.791443734375 0.5143274765625 0.79957595 0.5138312843749999 0.8063731296875 0.514290490625 0.8228708828125001 0.5187482046875 0.8360452890625
1 0.41962013750000005 0.7766381 0.41894888906250005 0.7958601468750001 0.464219478125 0.7965673843750001 0.4623980546875 0.78201878125 0.437749946875 0.7837151609374999 0.4606216515625 0.58829470625 0.47864852343750003 0.590907546875 0.48141240781250005 0.5784676156249999 0.46619256406250004 0.57700318125 0.4621465953125 0.5816856640625 0.44505355 0.58197923125 0.41962013750000005 0.7766381
1 0.1703633671875 0.5739202296875 0.165774128125 0.5841723890625 0.1966985734375 0.5871658937500001 0.2034788640625 0.581484815625 0.20185656875000002 0.5740896109375 0.2613196078125 0.446454328125 0.246395353125 0.44301513437500006 0.2336498375 0.4444996921875 0.23198051562500002 0.4519140484375 0.24471371562500002 0.4507821640625 0.185361515625 0.5752433828125 0.1703633671875 0.5739202296875
1 0.306648025 0.34929321406249997 0.30645055 0.3549481484375 0.329048346875 0.35544487812500003 0.32928970468749996 0.348533290625 0.3282185625 0.3152450046875 0.33420727499999997 0.311650371875 0.3346899921875 0.2978271984375 0.3327937109375 0.296163034375 0.3329765578125 0.29092698281249996 0.319035696875 0.290379890625 0.319475859375 0.2857705421875 0.30327169375 0.2860742140625 0.303515709375 0.29507697187500004 0.321608840625 0.29664690625 0.323800334375 0.3058477328125 0.31947984375 0.309642059375 0.318656034375 0.3492233546875 0.306648025 0.34929321406249997
0 0.07072785937500001 0.747050121875 0.4188030359375 0.7510426140625001 0.4377713734375 0.6061102890625001 0.139325140625 0.6054395859375 0.07072785937500001 0.747050121875
0 0.4579841828125 0.7472041453125 0.847761378125 0.7517563578125 0.805543484375 0.61279636875 0.468661284375 0.609942265625 0.4579841828125 0.7472041453125
0 0.5576178703125 0.5592786203125 0.8335660562499999 0.5608825515625 0.8036467984375 0.46798543593749997 0.5591095140625 0.4706116171875 0.5576178703125 0.5592786203125
0 0.2170747390625 0.554038803125 0.5186188781250001 0.557900834375 0.5223065734375 0.4676163796875 0.251750428125 0.464777571875 0.2170747390625 0.554038803125
0 0.2374404421875 0.4303603 0.46143752656250003 0.43387115 0.4684384 0.3712480734375 0.26267336874999997 0.3664276453125 0.2374404421875 0.4303603
0 0.5165425828125 0.43355055781249996 0.7390047265625 0.43506449375 0.72153569375 0.3685720890625 0.51677809375 0.37008636093749997 0.5165425828125 0.43355055781249996
1 0.751356871875 0.4589591265625 0.7821242671874999 0.4579021140625 0.7824539390624999 0.44846154687500006 0.7666618140625 0.448114415625 0.7352936359375 0.35742247968749996 0.7224364828125001 0.3568387703125 0.72288255 0.35244610625 0.710618525 0.3516394421875 0.709632996875 0.35471822343750004 0.6990716906250001 0.3554381796875 0.7017229921875 0.363324878125 0.7254188515625 0.3636260265625 0.7507686265625 0.4422802859375 0.7529188015625 0.4477553625 0.751356871875 0.4589591265625
