1 0.0815798765625 0.7954037890625 0.05597768125 0.7941019828125 0.0507704546875 0.8067945968749999 0.0759387140625 0.805492790625 0.0998051671875 0.8093982093750001 0.10761600625000001 0.7989837578125 0.1011069734375 0.789545659375 0.17574388125 0.5972037453125 0.18095110781249998 0.5978546484375 0.18268685 0.5903692609375 0.164027621875 0.5887420031249999 0.1418969109375 0.5854874859375 0.138425428125 0.5955764875 0.1557828484375 0.59427468125 0.07767445625 0.7898711109375001 0.0815798765625 0.7954037890625
1 0.53156558125 0.78473523125 0.5074934437499999 0.7832513328124999 0.508152953125 0.79710105625 0.532554846875 0.7958644734375 0.532554846875 0.8003161703125 0.5533294328125 0.7983376390625 0.534863134375 0.583666921875 0.5187051234375 0.58341960625 0.51837536875 0.5794625421874999 0.497271028125 0.5797098593750001 0.4976007828125 0.5861400875 0.5144183046874999 0.5863874046875 0.5312358265625 0.779541584375 0.53156558125 0.78473523125
1 0.44253164375000004 0.578225959375 0.445829196875 0.459761359375 0.4524243046875 0.45432039687500003 0.45209454843749997 0.460750625 0.4629764734375 0.460750625 0.4633062296875 0.4501160171875 0.4478077296875 0.45209454843749997 0.4323092296875 0.4545677140625 0.4253843671875 0.59034446875 0.4629764734375 0.58960251875 0.461327696875 0.581688390625 0.44286139999999996 0.5829249734374999 0.44253164375000004 0.578225959375
1 0.23346676875 0.45803014375 0.23148823749999997 0.45184723125000004 0.2611662171875 0.367017675 0.28919541875 0.3655337765625 0.290514440625 0.3593508640625 0.2697398546875 0.35836159843750004 0.252262821875 0.361824028125 0.216649246875 0.45184723125000004 0.20345903437500001 0.4528364984375 0.20016148125000002 0.458524778125 0.2182980234375 0.4582774609375 0.2173087578125 0.4634711078125 0.23181799218750002 0.4617398921875 0.23346676875 0.45803014375
1 0.53618215625 0.3576196484375 0.5098017296874999 0.35737233125 0.5002388265625 0.3615767125 0.5074934437499999 0.44566432031250003 0.5071636875000001 0.450857965625 0.4923246984375 0.4513526 0.49397347500000005 0.45580429687499996 0.52068365625 0.45530966250000005 0.5130992828125 0.365286459375 0.5365119109375 0.36429719375 0.53618215625 0.3576196484375
1 0.2829300671875 0.3314041 0.41714048437500006 0.328930934375 0.41944877187499996 0.33610311406250004 0.41944877187499996 0.36009281249999997 0.48638910312499994 0.362565978125 0.48309154843749996 0.35341526874999996 0.42868192031249996 0.3524260015625 0.42703314375 0.3220060734375 0.2918334609375 0.32225339062499997 0.2895251734375 0.298263690625 0.27435642968749996 0.298263690625 0.27468618437500003 0.2933173609375 0.259517440625 0.2935646765625 0.26050670625 0.3019734375 0.2796325140625 0.303704653125 0.2829300671875 0.3314041
1 0.657362609375 0.29225867656250004 0.655168475 0.3024614 0.655168475 0.31233500468750003 0.6591179171875 0.3169426859375 0.6582402625 0.359728303125 0.6810592578125 0.359728303125 0.68062043125 0.3501838203125 0.669210934375 0.350842059375 0.667894453125 0.297195478125 0.6867640078125 0.29785371875 0.68632518125 0.28995483593750004 0.6696497609375001 0.2876509953125 0.669210934375 0.29192955625 0.657362609375 0.29225867656250004
1 0.7364140140625001 0.4477782390625 0.723996846875 0.44815835625 0.773918925 0.5715064359375 0.773918925 0.578728665625 0.7744257484375 0.587091246875 0.813704540625 0.5882316000000001 0.8126908953124999 0.5751175500000001 0.79267138125 0.5762579031249999 0.793685028125 0.56922573125 0.739201540625 0.449678825 0.7523789421875 0.44910865 0.7513652953125 0.4447373 0.7364140140625001 0.4447373 0.7364140140625001 0.4477782390625
1 0.44948044375 0.8604410031249999 0.45209750625 0.842530484375 0.454060303125 0.8366420937499999 0.45733163125000004 0.82143041875 0.46060295937499995 0.80646409375 0.4543874359375 0.805237346875 0.4556959671875 0.797876859375 0.4615843578125 0.7956687125 0.4615843578125 0.782174484375 0.430179609375 0.7831558828125 0.430179609375 0.7986129078124999 0.436068 0.8000850046875 0.43639513281250003 0.8116164359375 0.436068 0.8243746140624999 0.4308338765625 0.8327165000000001 0.43148814062499996 0.8395862875000001 0.434105203125 0.8435118812500001 0.43574086718749994 0.8570061093750001 0.44948044375 0.8604410031249999
1 0.78413728125 0.8035198984375 0.7864272109375 0.8069547937499999 0.9048492781249999 0.8057280453125 0.9038678796875 0.797876859375 0.9048492781249999 0.793705915625 0.9107376687500001 0.788553575 0.907466340625 0.7753046968749999 0.8737716640625001 0.7760407453125 0.8776972578125 0.7907617203124999 0.8832585156249999 0.7907617203124999 0.8835856468750001 0.7961594109375 0.78937140625 0.7961594109375 0.78413728125 0.790025671875 0.7429185515625 0.790025671875 0.718710725 0.790271021875 0.724926246875 0.8091629390625 0.74684414375 0.8091629390625 0.747498409375 0.80278385 0.78413728125 0.8035198984375
1 0.41059935625 0.280624590625 0.40882605781250003 0.2841308859375 0.4102769390625 0.29186891875 0.4085036390625 0.29876060312499997 0.410921775 0.301541459375 0.43558675312500006 0.2998487640625 0.43639279843749995 0.291022571875 0.4223676140625 0.29211073125000003 0.42188398749999995 0.2855817671875 0.42752630312499995 0.283889071875 0.43832730625 0.28328453750000004 0.44235753281249995 0.2813500296875 0.4409066515625 0.2643021765625 0.4305892734375 0.2633349234375 0.42929960312500004 0.27421653125 0.4280099296875 0.27772282812500004 0.4186598078125 0.2789318953125 0.41059935625 0.280624590625
1 0.4605741515625 0.28328453750000004 0.47185878125 0.2841308859375 0.47508296093749997 0.28739536875 0.4742769171875 0.2917480125 0.46202503124999994 0.291143478125 0.461863821875 0.30081601875 0.48685122031250005 0.3004532984375 0.4881408921875 0.28679083437499997 0.4866900109375 0.280745496875 0.48185374062499997 0.27941552187499996 0.47282603593749994 0.27844826875 0.4660552578125 0.27711829374999997 0.461057778125 0.27276565 0.462186240625 0.26393945625000004 0.45348095468749994 0.26393945625000004 0.45348095468749994 0.27288655624999997 0.45170765468749996 0.2760301328125 0.4533197453125 0.2811082171875 0.4605741515625 0.28328453750000004
0 0.7230473765625 0.3669043703125 0.5136370343750001 0.37083081406249996 0.5229441593749999 0.4406342625 0.76027588125 0.43190883125 0.7230473765625 0.3669043703125
0 0.469428184375 0.3712670859375 0.2646714046875 0.37344844374999997 0.24605715312499998 0.43976171875 0.4723366609375 0.439325446875 0.469428184375 0.3712670859375
0 0.42870950625 0.468555640625 0.19021439375 0.4746634421875 0.154730975 0.56758928125 0.42289255312499996 0.568025553125 0.42870950625 0.468555640625
0 0.732936196875 0.464192925 0.4548857984375 0.47204581250000005 0.45430410312499997 0.5632265656250001 0.7643477484375001 0.55886385 0.732936196875 0.464192925
0 0.8393864546875 0.6042360921875 0.5462119765625 0.6116527078125 0.5537042125 0.75387723125 0.9021397546875001 0.747333159375 0.8393864546875 0.6042360921875
0 0.511310253125 0.6116527078125 0.173345228125 0.617760509375 0.12448281406249999 0.7564948609375 0.52352585625 0.751695875 0.511310253125 0.6116527078125
