1 0.18478200312499998 0.6490278171874999 0.187225871875 0.6423454609375 0.1923708515625 0.624011828125 0.1900556109375 0.6139914906249999 0.1944288375 0.5971999343750001 0.196678175 0.587485159375 0.21031236875 0.5701795796875 0.21442835625 0.5581856109375 0.21841570625 0.5520172859375 0.200022409375 0.5396806328125 0.194620190625 0.54225076875 0.1928194453125 0.5520172859375 0.2029807671875 0.5590423234374999 0.2018231546875 0.562297828125 0.18600234843750002 0.5814881765625 0.1782848796875 0.6111304140625 0.18072875 0.6226103484375 0.17802763125 0.638373859375 0.1613064515625 0.6284359953124999 0.1546838875 0.639775328125 0.168575328125 0.651426609375 0.1715336859375 0.6476570765624999 0.1782221625 0.6529686921875 0.18478200312499998 0.6490278171874999
1 0.319796384375 0.6387660296875 0.314788465625 0.634520775 0.3175200484375 0.6314884484375 0.3295845828125 0.6427080625 0.45227858281250005 0.579332440625 0.4547825421875 0.5708419218749999 0.45910758906250004 0.5817583046875 0.4661641875 0.577816271875 0.4668470921875 0.5714483859375 0.4529614875 0.557196459375 0.446815415625 0.56174495 0.44636013593749996 0.5705386906250001 0.32981222187500003 0.6311852171875 0.3166095203125 0.621481771875 0.30613841875 0.62724319375 0.30613841875 0.6181462125 0.297904753125 0.6218316671874999 0.30477262656250004 0.6314884484375 0.30454498750000003 0.6357337125 0.3118292421875 0.64301129375 0.319796384375 0.6387660296875
1 0.4563089640625 0.7351940109374999 0.447203653125 0.7251873328125 0.43741545468750004 0.7285228921875 0.4358220234375 0.72094206875 0.42876541718750005 0.72397440625 0.43309043125 0.730948746875 0.43331806406249995 0.7342843046875001 0.438781246875 0.741258665625 0.44538259687500004 0.7373166421875 0.446520765625 0.733071378125 0.45426026875 0.7418651281249999 0.5694424046875 0.696380228125 0.57285689375 0.6909220375 0.57604375625 0.7003222515624999 0.580368771875 0.6948640796875 0.5810144265625 0.6882493796875 0.569897684375 0.67848950625 0.566710821875 0.681825065625 0.564889765625 0.6909220375 0.4563089640625 0.7351940109374999
1 0.6452440953125 0.5376922515625 0.644561190625 0.5267758796875001 0.64911383125 0.5216209296875001 0.6372769359375 0.5058528296875 0.6299927125 0.5091883890625 0.631130865625 0.517375665625 0.6375045921875 0.524350025 0.6338624484375 0.529504975 0.4890880765625 0.5998549468750001 0.4872670046875 0.592577365625 0.48089329375 0.5834803828124999 0.47451958281250006 0.5937902921875 0.4813485578125 0.6028872640625 0.48476304531250003 0.6001581671875 0.4934130921875 0.6098616234375001 0.6452440953125 0.5376922515625
1 0.8207505968750001 0.38956876406249996 0.8253032671874999 0.3968463453125 0.834180953125 0.389871996875 0.82325455625 0.3589422703125 0.812328190625 0.36470369062499997 0.8164255812500001 0.3744071328125 0.6167917390625 0.4787191578125 0.61542593125 0.4717448078125 0.6065482609374999 0.47568683125 0.6190680578125 0.5017648296874999 0.6268075765625001 0.49630665937499996 0.6245312421875 0.49024199375000005 0.8207505968750001 0.38956876406249996
1 0.504920446875 0.349093621875 0.5070691734375 0.33541806875 0.51279905 0.330011453125 0.4965643703125 0.3055226640625 0.48582079843750003 0.311883390625 0.48868576875 0.322696621875 0.4968031078125 0.330011453125 0.4920281796875 0.3392345015625 0.3327849234375 0.44514056562500004 0.3308749640625 0.43814376875 0.3222801203125 0.42574035156249995 0.31533615 0.4386578140625 0.32371260468749996 0.45054717499999997 0.3294424953125 0.4470487765625 0.3416185203125 0.459452184375 0.504920446875 0.349093621875
1 0.7393156078125 0.1564715796875 0.75387908125 0.1968621734375 0.7605639671875 0.21244594375 0.7608027046875 0.22039685625 0.7789473734375 0.2700104953125 0.7985244953125 0.2601513703125 0.792078378125 0.243931540625 0.779186109375 0.2512463609375 0.76581636875 0.2261215015625 0.7684425703125 0.2149902359375 0.73406320625 0.1281663515625 0.7311982687499999 0.1323008265625 0.7352569375 0.13929762343750002 0.7314370046875001 0.144386203125 0.7280945625 0.13675333125 0.7159185531250001 0.144386203125 0.719977221875 0.1577437203125 0.729765784375 0.1784160765625 0.7402705875 0.16919302187500002 0.7378831390625 0.1577437203125 0.7393156078125 0.1564715796875
1 0.728681003125 0.6333926640625 0.8991131687499999 0.56762853125 0.91077360625 0.5689504203125 0.9048196296875 0.5570533921874999 0.899113759375 0.5441649375 0.8926636374999999 0.5514353437499999 0.8956406093749999 0.5596971796875 0.7207430031250001 0.6274441671875 0.7182621765625 0.6181909046875 0.7130518609375 0.6228175359375 0.7165250109375 0.634053609375 0.7212385578125 0.6416545 0.7276886796875 0.6396716671875 0.728681003125 0.6333926640625
1 0.8447838531249999 0.41275502499999994 0.8482570031250001 0.4044931890625 0.854955196875 0.3978837359375 0.854955196875 0.389952384375 0.8514820468750001 0.379707715625 0.8514820468750001 0.3721068359375 0.8490012531250001 0.365497371875 0.8467684999999999 0.373428725 0.8480089296875001 0.3843343359375 0.8435434562499999 0.3912742734375 0.8430472765625 0.40052751249999996 0.8425511312499999 0.4061455609375 0.8346125078125001 0.404823671875 0.8313874296874999 0.4091198203125 0.8333721109375001 0.4173816453125 0.838829909375 0.42960914531250005 0.8472646781250001 0.42597394062499994 0.8447838531249999 0.41275502499999994
1 0.356876340625 0.6811420515625 0.342198471875 0.697950415625 0.34322851249999997 0.7212763125 0.41018018125 0.7682711453125 0.40606009062500004 0.8022309109375 0.4109527078125 0.8101205406249999 0.417647871875 0.8176671546875 0.4227979859375 0.8162950468749999 0.424085540625 0.8066902718750001 0.41481530156249996 0.7970854734375 0.417390375 0.7617536 0.3514687125 0.713386671875 0.3519837234375 0.700351615625 0.367434115625 0.6869735203125 0.3669191046875 0.6732523984375 0.354558796875 0.6619324828125001 0.33586815312499996 0.6434070640625 0.329323153125 0.651298615625 0.3347307984375 0.6629615703125 0.356876340625 0.6811420515625
1 0.3169619359375 0.770044603125 0.321324434375 0.7739188328125 0.327405484375 0.774447134375 0.33692366875 0.774447134375 0.33996419375000003 0.7714534093750001 0.3403607875 0.7593024171875 0.3460452609375 0.7556042875 0.3459130515625 0.7526105671875001 0.33903881406249997 0.7485602375 0.33084260312499997 0.7436293953125 0.3271411 0.7443337999999999 0.3267445046875 0.7526105671875001 0.32846305625 0.756837 0.33361874375 0.758950215625 0.33361874375 0.760359028125 0.3293884359375 0.7656420640625 0.3222498140625 0.764409359375 0.312335034375 0.7614156328125 0.30784034375 0.764409359375 0.302552465625 0.7679313875 0.30471366718750004 0.771655440625 0.312335034375 0.7747993359375 0.312335034375 0.770044603125 0.3169619359375 0.770044603125
1 0.29911534687499997 0.76264834375 0.304403225 0.760359028125 0.304667609375 0.7557803890625 0.300833896875 0.7517300578125 0.3007017046875 0.7496168421875 0.3037422296875 0.74310109375 0.31167405625 0.745038209375 0.3156399609375 0.742396684375 0.3176229140625 0.735528734375 0.31207065156249997 0.7302456953124999 0.3022880625 0.72443435 0.2972645859375 0.72707586875 0.295413834375 0.740459575 0.2882751953125 0.7443337999999999 0.2906547421875 0.7526105671875001 0.2939596671875 0.7621200421875 0.29422406093750003 0.7622961421875 0.297793371875 0.7651137609374999 0.29911534687499997 0.76264834375
0 0.28956514375000003 0.44616454843750003 0.205133075 0.510232890625 0.33373225624999997 0.624387503125 0.42456444062500004 0.5777959453125 0.28956514375000003 0.44616454843750003
0 0.450831940625 0.6001354078125 0.36561500156250004 0.6484091265624999 0.45536173125 0.71742545 0.462408128125 0.7272310578125001 0.5442277234375 0.691025765625 0.450831940625 0.6001354078125
0 0.48793264531249997 0.36688422656249997 0.3724011578125 0.446144190625 0.49223548125 0.5699528890625001 0.5025486328125 0.5860811 0.6081835703125 0.5305295140624999 0.48793264531249997 0.36688422656249997
0 0.518899465625 0.600021553125 0.6032353015624999 0.6897255359375001 0.7033999609375 0.6473095984375 0.62982125625 0.5478614140625 0.518899465625 0.600021553125
0 0.8082500093749999 0.42268747187500005 0.66139785 0.49346193437499997 0.7383800546875 0.6127447203124999 0.87269603125 0.5634411781249999 0.8082500093749999 0.42268747187500005
0 0.522280503125 0.2846042359375 0.6368967984375 0.46750451093749995 0.7879276859375001 0.3800304546875 0.685250553125 0.16532145 0.522280503125 0.2846042359375