3 0.79386665 0.1326477546875 0.7976704812500001 0.208655053125 0.79006281875 0.2132615859375 0.79006281875 0.26347245625000004 0.7897169890625 0.281437840625 0.8101194140624999 0.2749887484375 0.8139232937499999 0.2510349265625 0.8028575312499999 0.2510349265625 0.8018201406250001 0.22109263281249997 0.805623971875 0.21141897968749998 0.8052781921875001 0.0985596109375 0.7924834296875 0.09625637031249999 0.7904086 0.0898072625 0.775216934375 0.09305571562500001 0.776576396875 0.1243560578125 0.78833379375 0.122513434375 0.7935208203124999 0.1156036921875 0.79386665 0.1326477546875
3 0.8122135593750001 0.5632662140625 0.8253526921875001 0.563966315625 0.8358639921875 0.5709674515625001 0.8419079921874999 0.5660666609375 0.849003125 0.56291615625 0.852419328125 0.54996406875 0.8382290250000001 0.5510142296875 0.835601228125 0.546813565625 0.8253526921875001 0.5440131046875 0.8135274578124999 0.543663059375 0.81037405625 0.539812440625 0.8043300562500001 0.5457633796875 0.7990744249999999 0.545413334375 0.7988116609375 0.5384121984375 0.782781890625 0.53876225625 0.781993540625 0.5720176234375 0.7980232921875 0.5688671203125 0.7990744249999999 0.5636162703125 0.8122135593750001 0.5632662140625
3 0.584310490625 0.46478967187500003 0.5829965921875 0.48299260781250003 0.5787920578125 0.4843928375 0.579843190625 0.5036459578125 0.5900917078125001 0.5032958765625 0.5896366093750001 0.48350227500000004 0.7854097062500001 0.4691499453125 0.7817307578125 0.47440078281250003 0.781993540625 0.49295377656249995 0.794081521875 0.4922536609375 0.8003883234375 0.49295377656249995 0.7992654296875 0.447588984375 0.78875545 0.44693679375000006 0.780083615625 0.44693679375000006 0.584310490625 0.46478967187500003
3 0.798529928125 0.894342328125 0.7892749359375 0.8970820328125001 0.5966350671875 0.8276763671875 0.5966350671875 0.8194572859375 0.5901223375 0.8194572859375 0.5887512312500001 0.8345256109375001 0.5849807124999999 0.8381785515625 0.5863518187500001 0.8573564328125001 0.596292290625 0.86100935625 0.594921209375 0.8482241171875 0.599034528125 0.8432013265625 0.79133164375 0.922652509375 0.7951021625 0.9194562203125001 0.794759409375 0.936807615625 0.794759409375 0.9459399796874999 0.8089527546875 0.9451200484375001 0.8050426578125001 0.9235657765624999 0.81018428125 0.922652509375 0.8091559765625 0.8970820328125001 0.798529928125 0.894342328125
3 0.45695562343749996 0.5506103546875 0.4590008109375 0.545615590625 0.457637353125 0.5356260671874999 0.44979749375000005 0.5356260671874999 0.44843405937499997 0.5515184875 0.452865275 0.5519725578125 0.45184268124999993 0.567864978125 0.569781503125 0.5737678765625 0.58034823125 0.5737678765625 0.5868246312500001 0.5742219375000001 0.59330108125 0.5742219375000001 0.5918830374999999 0.538438803125 0.5817117374999999 0.539258621875 0.5769395859374999 0.5551510421875 0.45695562343749996 0.5506103546875
3 0.36662680000000003 0.487454696875 0.36594504687499996 0.4642971921875 0.35674175468749997 0.46384310624999997 0.3557191609375 0.47746518125000004 0.3529922453125 0.47746518125000004 0.3546965796875 0.489270978125 0.360832128125 0.489270978125 0.3601504 0.49971457812500003 0.44877492500000005 0.494265734375 0.4504792234375 0.507433740625 0.457553190625 0.506304996875 0.457637353125 0.47837332187500003 0.44979749375000005 0.47837332187500003 0.44468455 0.47837332187500003 0.36662680000000003 0.487454696875
3 0.3517974625 0.527905075 0.3527937109375 0.5697390953125 0.320664259375 0.571066234375 0.32190957187499997 0.704111528125 0.30223338437499997 0.7100836296875 0.29600674374999997 0.7104154140625 0.295508628125 0.72368675625 0.2920217 0.7263410578125 0.29476142968749997 0.7429302453125 0.30223338437499997 0.7425984609375 0.30403250000000004 0.7234860953125 0.3296862625 0.7150109703124999 0.328440940625 0.5832927921875 0.3356638375 0.58163386875 0.3618157421875 0.5806385265625 0.3585778796875 0.5351841375 0.363310121875 0.5345205796875 0.362313875 0.5132864109375 0.3537899765625 0.5136383671875 0.3547862421875 0.527905075 0.3517974625 0.527905075
3 0.2984973890625 0.3412327890625 0.3007390046875 0.3475366765625 0.31518480000000004 0.34620954843749996 0.31593199843750003 0.34255992812499997 0.35129933125 0.343223496875 0.3610128828125 0.34289171406249996 0.3590203515625 0.3163489953125 0.34930680000000003 0.3170125765625 0.350303046875 0.32862500625 0.32838527968750003 0.331942840625 0.3131922859375 0.3279614484375 0.3097053578125 0.331942840625 0.303478715625 0.3312792828125 0.2967539421875 0.3302839171875 0.297252075 0.3123676015625 0.286791325 0.31336294374999996 0.28753852343749997 0.330615703125 0.291772634375 0.3299521328125 0.291772634375 0.341896359375 0.2984973890625 0.3412327890625
4 0.249727675 0.6684516734375 0.256487665625 0.6832046265625 0.2574944625 0.6996819640624999 0.2563438359375 0.7330198234374999 0.25979571562500003 0.7483475609375 0.266124209375 0.75792741875 0.272308871875 0.7596517953124999 0.2770552375 0.7577358203125 0.2727403609375 0.7529458984375 0.26598037812499997 0.7454736140625 0.26137784218750004 0.7274635125 0.26137784218750004 0.7083038265625 0.2610901921875 0.6794600453124999 0.2511659703125 0.65282808125 0.2507344875 0.61721783125 0.24324656875 0.60618323125 0.2449813171875 0.6229826390625 0.24440599999999998 0.6390767734375 0.2459881203125 0.6484650265624999 0.249727675 0.6684516734375
3 0.2874036671875 0.5770640078125 0.2853776984375 0.572476021875 0.28294653593749997 0.55709278125 0.2776790328125 0.55574338125 0.272614125 0.560061475 0.2639024890625 0.5603313671875 0.26471287656250003 0.5689675546874999 0.27443749687499996 0.5676181546875 0.2750452875 0.5708567296875 0.2780842265625 0.5735555406249999 0.2797049875 0.5897484265624999 0.28436471406249997 0.5905580640625 0.293278946875 0.5905580640625 0.30057242031250003 0.5897484265624999 0.2998963625 0.563619421875 0.29206338125000003 0.564379578125 0.291050396875 0.57139649375 0.2874036671875 0.5770640078125
3 0.283559 0.5264747359374999 0.2909811140625 0.5255022312500001 0.2912244625 0.538306853125 0.30047169375 0.5384689375 0.30022834375 0.513508040625 0.2858708046875 0.513183871875 0.27905705468750003 0.5139942921875 0.2783270078125 0.5233951484375 0.2773536125 0.5332822546875 0.274798459375 0.5353893484375 0.27090489375 0.5378206015625 0.262996075 0.5378206015625 0.2630288203125 0.5451465125 0.27516348125 0.547545621875 0.2784486828125 0.54803188125 0.2811255109375 0.5467352078125 0.283559 0.5264747359374999
5 0.840625 0.515927 0.01484375 0.0125
5 0.836718 0.458114 0.01484375 0.01328125
2 0.842187 0.404208 0.01171875 0.0171875
2 0.839843 0.310458 0.01171875 0.01328125
2 0.838281 0.215145 0.01171875 0.0171875
2 0.836718 0.098739 0.01171875 0.0125
2 0.85625 0.279989 0.0125 0.03125
2 0.907031 0.345614 0.01328125 0.01640625
5 0.910156 0.31202 0.0125 0.01796875
5 0.910937 0.372177 0.009375 0.01640625
0 0.79819141875 0.41239530156250004 0.807007840625 0.41071596406250005 0.8044888734375 0.2893853296875 0.7881155328125 0.28098873593749996 0.787485771875 0.1609175703125 0.7774098875 0.15797877031250002 0.759688034375 0.1624030921875 0.7635555125 0.42666949687500005 0.78055859375 0.42960829218749996 0.792208853125 0.4287686359375 0.79819141875 0.41239530156250004
2 0.847656 0.651083 0.01171875 0.021875
2 0.849218 0.745614 0.0140625 0.01953125
2 0.853125 0.841708 0.01484375 0.01875
2 0.85625 0.958895 0.01171875 0.01875
2 0.877343 0.487802 0.02890625 0.01171875
5 0.938281 0.526864 0.0109375 0.01171875
5 0.891406 0.571395 0.0140625 0.0109375
5 0.91875 0.581552 0.01484375 0.0125
0 0.8114160515625001 0.8433365140625 0.8151945203125001 0.8403977203125 0.82149195625 0.845183915625 0.82338118125 0.9702930125 0.8366057937500001 0.969873184375 0.8281042624999999 0.5736940984375 0.815509390625 0.5732742703125 0.8161391328125 0.6173563468750001 0.8041740031250001 0.6186158296875 0.7950427109375 0.60014334375 0.767653309375 0.60093569375 0.7736314171875 0.873564215625 0.7915791125 0.8756633812500001 0.7997657921875 0.8731443875 0.8114160515625001 0.8433365140625
1 0.6000921875 0.159084184375 0.610782096875 0.4612874640625 0.7563203609375 0.4471611484375 0.747398471875 0.092516178125 0.6000921875 0.159084184375
1 0.470787309375 0.57207613125 0.47026239218750004 0.8112241015625001 0.5700759984375 0.8528595593749999 0.5672879015625 0.5755376015625 0.470787309375 0.57207613125
1 0.5644998218749999 0.5507047796875 0.5560109796875 0.231965115625 0.46581891718749996 0.2733827984375 0.47139507500000005 0.54624380625 0.5644998218749999 0.5507047796875
1 0.4407260984375 0.47635571875 0.43317134375000005 0.24842210156250003 0.3660053109375 0.2763567734375 0.368793390625 0.48230362031249996 0.4407260984375 0.47635571875
1 0.36851890468750004 0.5313255031249999 0.3715814875 0.7353880640625 0.4407260984375 0.7591797203125 0.43905325156249997 0.52721070625 0.36851890468750004 0.5313255031249999
1 0.6101017546875 0.4881832140625 0.6155784625 0.8240592265625001 0.767710015625 0.8815311453125 0.753583521875 0.4818676953125 0.6101017546875 0.4881832140625
0 0.598761634375 0.23629093281250002 0.562585971875 0.2469803578125 0.5636138359375 0.4598978921875 0.6052891234375 0.45855893437499995 0.598761634375 0.23629093281250002
0 0.4621873515625 0.2885105203125 0.43657966718749996 0.295874815625 0.440094434375 0.4746264828125 0.46570208593749995 0.4732875234375 0.4621873515625 0.2885105203125
0 0.6052891234375 0.5807619671875 0.5689368953125 0.5807566703125 0.5711455437499999 0.7970046328125 0.609306 0.808385825 0.6052891234375 0.5807619671875
0 0.4682126984375 0.57272819375 0.4408599390625 0.5694661390625 0.44310712499999994 0.7534882984375 0.4687148078125 0.758844134375 0.4682126984375 0.57272819375
0 0.36489577500000003 0.319102871875 0.359436021875 0.32025229374999997 0.3600107328125 0.3440071078125 0.3416199109375 0.347455384375 0.3425619875 0.3525571640625 0.34334404375 0.45971599375 0.352826809375 0.46124855625 0.3669073 0.457800265625 0.36489577500000003 0.319102871875
0 0.365757878125 0.5700867546875 0.364033709375 0.5896269984375 0.34528794375 0.5932491109375 0.34535553124999996 0.706102178125 0.3674820109375 0.709167303125 0.3689187875 0.5700867546875 0.365757878125 0.5700867546875
0 0.29682647812499996 0.3505379359375 0.29851644843749997 0.45603795312499995 0.33012565625 0.45757051562499995 0.32667735468750003 0.34914133125 0.29682647812499996 0.3505379359375
6 0.332031 0.56202 0.0171875 0.0109375
6 0.332031 0.663583 0.0234375 0.103125
6 0.360937 0.311239 0.009375 0.0109375
5 0.366406 0.614364 0.009375 0.009375
5 0.364843 0.658114 0.0109375 0.009375
5 0.366406 0.704989 0.00859375 0.01015625
5 0.366406 0.764364 0.009375 0.01015625
3 0.4544811078125 0.2733645265625 0.573933234375 0.2248912078125 0.58131354375 0.2259845875 0.5881471984375 0.2248912078125 0.5881471984375 0.1862583390625 0.5840470265625 0.185893878125 0.574479925 0.185893878125 0.5763933375 0.20630369218750003 0.572293165625 0.206668153125 0.45393441718750005 0.258786090625 0.45393441718750005 0.2474877921875 0.44485168281250004 0.2477800828125 0.44518735 0.2649819296875 0.448194159375 0.26571084843750004 0.4484675046875 0.27737360624999996 0.4544811078125 0.2733645265625
3 0.3614813125 0.737052621875 0.36221010625 0.7501708953125 0.45148724375000004 0.783209509375 0.45476681250000006 0.7827236484375 0.45367362343749995 0.7977853703125 0.46169034531250003 0.79875709375 0.46351232812500004 0.769605375 0.45221603750000006 0.7686336515625001 0.36731165625 0.7394819328125 0.36731165625 0.7113019375 0.359294934375 0.7098443515625 0.359294934375 0.720533315625 0.3538289859375 0.7215050390625 0.3563797625 0.7360808984375 0.3614813125 0.737052621875