1 0.20553776093749998 0.6943078468749999 0.1947513375 0.6975342125 0.1990934921875 0.70213240625 0.20735203906250002 0.70032310625 0.2149349359375 0.7046429453124999 0.21660439375 0.698542725 0.2151794015625 0.6876942890625 0.2147265859375 0.6776194453125 0.2190748625 0.67346044375 0.22730562031249998 0.6811530218749999 0.23835673906250002 0.6773753796875 0.2293434328125 0.662393275 0.225136 0.661711865625 0.22179775156249998 0.6653412765625 0.211346478125 0.6655961546875 0.20760810937500002 0.6744310875 0.2065431421875 0.6853933999999999 0.2103287890625 0.692025 0.20553776093749998 0.6943078468749999
1 0.21432858437500002 0.70765671875 0.2063262703125 0.7104497390625 0.2065989671875 0.7170912984375 0.21491165625000003 0.714307309375 0.21821785781249997 0.712774196875 0.2221849703125 0.7152172171875 0.23289215625 0.720882215625 0.23612437968750002 0.716553846875 0.2399705890625 0.712476103125 0.2541396125 0.71125906875 0.25640691718749997 0.7080664156250001 0.2542145078125 0.7033474515625 0.2500791421875 0.6960116000000001 0.24745503593749998 0.690116278125 0.2409237953125 0.6903917546875 0.23621416874999998 0.6921167875 0.23468895937499998 0.696494828125 0.2364462671875 0.700153721875 0.24164128593749998 0.7030979859375 0.239593465625 0.7040858156249999 0.2344791859375 0.7037042437500001 0.230923053125 0.7084887046875 0.22659529374999998 0.702427434375 0.2198953421875 0.7031635171875 0.21432858437500002 0.70765671875
1 0.166466421875 0.5884542421875001 0.1717939609375 0.5959299484375 0.1783723421875 0.5967149265625 0.1805799890625 0.602517 0.18808794375 0.5985804734375 0.214539625 0.5969758640625 0.25881495625 0.6634223859375 0.27252821875 0.66401925625 0.28683810625 0.6622592093749999 0.3003745828125 0.6507816984375 0.318679853125 0.6750570953125 0.3261754859375 0.6806173156249999 0.3292839109375 0.6826863249999999 0.3386205265625 0.6766265890625001 0.33156124062500003 0.6651433703125 0.32346315937500003 0.6621377546875 0.31081251718749997 0.6431711546875001 0.29366379375 0.642672178125 0.2784983453125 0.655685146875 0.2697460484375 0.657013328125 0.2230829078125 0.59095653125 0.1837497328125 0.5906034890625 0.17763647656249998 0.5829070656249999 0.1691652515625 0.5836498640625 0.166466421875 0.5884542421875001
1 0.339277225 0.699430928125 0.3564599140625 0.71327724375 0.36339879375 0.7053088078124999 0.35367747656250004 0.70364095 0.35868520625 0.6948831234374999 0.3475043390625 0.679852928125 0.413120928125 0.566411915625 0.42477531874999996 0.5651681640625 0.42624978125 0.5598689546875 0.41503255625 0.5460883187500001 0.40684240625 0.5462457359374999 0.40272395000000005 0.5516658765625 0.410724278125 0.5580322093750001 0.404868321875 0.559642528125 0.33822345 0.681197478125 0.3486549765625 0.6947573859375 0.3433899296875 0.6942084734375 0.339277225 0.699430928125
1 0.3242989703125 0.8421331390625 0.33404814374999997 0.8548311984374999 0.34523829687499996 0.8484802421875 0.337772171875 0.8328302031250001 0.3492489921875 0.8286134484375 0.361556815625 0.832137275 0.39288968125 0.826123990625 0.4112038 0.8137962156249999 0.4195377171875 0.8086965890625001 0.4266142609375 0.8195867343750001 0.4304286359375 0.8155427375000001 0.43603799531250004 0.8133316781250001 0.4294316 0.8044337687500001 0.42332411406250003 0.796539665625 0.41113055000000004 0.7981634265625 0.402956909375 0.8068291406249999 0.387883515625 0.8166790765625 0.3618444234375 0.8222528203125 0.3550712171875 0.8190878984375001 0.34316451406250004 0.8199285828124999 0.332553921875 0.8215984109375001 0.3236290625 0.8288572703125 0.3283829140625 0.8378991296875 0.3242989703125 0.8421331390625
1 0.53049591875 0.6928007046875 0.5406323515625 0.703328215625 0.5528902234374999 0.6961609359375001 0.5495147171875 0.6879368546875 0.53802564375 0.6824862734375 0.654705665625 0.5236650203125001 0.6657147296875 0.5318102515625001 0.6761661484375 0.53151244375 0.6788189828125 0.52316281875 0.6547681015625 0.5077160671875001 0.64858229375 0.5132542703125 0.6356617796874999 0.515586946875 0.520586971875 0.6744549109375 0.5330787296875 0.6868567031249999 0.53049591875 0.6928007046875
1 0.38178929687499996 0.5305304046875 0.39118437031250003 0.538929634375 0.400223065625 0.53196964375 0.38528846250000004 0.520700609375 0.46297078281250004 0.37699635625 0.4704643203125 0.38172878125 0.4808019953125 0.3853401140625 0.486290190625 0.37617010781250004 0.465676090625 0.3668425171875 0.46277945468750004 0.369767803125 0.45313064531249997 0.37008896406249997 0.3736856171875 0.51915916875 0.3843196125 0.5263906171875 0.38178929687499996 0.5305304046875
1 0.488508571875 0.39655491718749997 0.51105045625 0.40864721406250004 0.520874259375 0.4023119859375 0.506593546875 0.39617825624999997 0.6206999140625 0.2015759359375 0.6322240125 0.2058237046875 0.6341179625 0.1959472015625 0.6039337703125 0.184234440625 0.6000245671875 0.194353271875 0.6055465984375 0.1978244828125 0.4978873359375 0.39171152343750004 0.4927316234375 0.38945479843749997 0.488508571875 0.39655491718749997
1 0.4321213640625 0.112073315625 0.3506332015625 0.2918560296875 0.3716583765625 0.2989551109375 0.3766927578125 0.29157764375 0.36427855625 0.2903135453125 0.43763464531249996 0.1158452390625 0.4483298890625 0.12097175 0.45458569375 0.1130279265625 0.43158999375 0.10272815625000001 0.4273669671875 0.109828265625 0.4321213640625 0.112073315625
1 0.24215624062500002 0.5680956562499999 0.258360059375 0.5790180640625 0.2625615421875 0.5707960984375 0.256550696875 0.5703202421875 0.25888096250000003 0.5592525984375001 0.2510561046875 0.5521028968749999 0.2984002453125 0.443389390625 0.3105006515625 0.44163476875 0.3106756421875 0.43562070156250005 0.29645615 0.4273820546875 0.2898952734375 0.43200647343750004 0.2921631015625 0.43688779218749996 0.240185896875 0.5529904343750001 0.249214653125 0.560175165625 0.24215624062500002 0.5680956562499999
1 0.736931403125 0.22160777187499997 0.7238357875 0.241657284375 0.739730490625 0.24753701874999998 0.76902455625 0.26223345 0.77595175 0.258823515625 0.831495690625 0.2824095984375 0.8150847640625001 0.294271365625 0.84360249375 0.3080423375 0.8535050171874999 0.299000775 0.8661029875 0.29395009375000003 0.857030484375 0.288268875 0.78010480625 0.25412902656249997 0.7715723953125 0.257492253125 0.7410219109375 0.24456501406250003 0.75150951875 0.2292203609375 0.736931403125 0.22160777187499997
0 0.29598669375000003 0.46258617500000004 0.256441196875 0.54714846875 0.3470749140625 0.657678540625 0.3996243203125 0.5700651437500001 0.29598669375000003 0.46258617500000004
0 0.355341259375 0.6768287671875 0.46157626875 0.8163394234375 0.53836085625 0.7246887828124999 0.40804109843749997 0.5840447609375 0.355341259375 0.6768287671875
0 0.3440677171875 0.306160971875 0.299569834375 0.409894725 0.3853404625 0.49491119687499996 0.4536476796875 0.401471178125 0.3440677171875 0.306160971875
0 0.46553756562500004 0.41738567499999996 0.3998638953125 0.508871528125 0.5359160640625 0.6469789171875 0.624032684375 0.5297666375000001 0.46553756562500004 0.41738567499999996
0 0.432021809375 0.1439932359375 0.38024801875 0.27155041562500004 0.5113059296875 0.3606577484375 0.5902448265625 0.225291725 0.432021809375 0.1439932359375
0 0.61196438125 0.22838331875 0.52725158125 0.3769803390625 0.70522203125 0.50054294375 0.8280986625000001 0.34104014843749997 0.61196438125 0.22838331875
