1 0.1649011671875 0.555076228125 0.16576390624999998 0.5692351296875 0.17487730625 0.572611525 0.18241118125 0.575923559375 0.19129697343750002 0.57147754375 0.205287053125 0.5720475953124999 0.21494608125 0.57093864375 0.220067878125 0.5765564359375001 0.232947234375 0.5776822390625 0.233625078125 0.54675781875 0.219799365625 0.5440909281249999 0.21667729375000003 0.5529788703125 0.20331162812499998 0.5506312296875 0.19025915 0.551301403125 0.1828040625 0.5506971265625 0.1750552578125 0.555489975 0.1649011671875 0.555076228125
1 0.216250146875 0.47633262812500005 0.21620350937500002 0.49796710468749994 0.23140936562499997 0.5015917484375 0.23097165625 0.48654865 0.22885329531249998 0.4834572828125 0.22886884218749998 0.4762457890625 0.23503133125 0.47890093437500003 0.42413574687500005 0.5025331265624999 0.4238877625 0.5172477796875 0.434961946875 0.518300028125 0.43534803593750004 0.50058595 0.4312163671875 0.4980135546875 0.42937225312500005 0.4811101203125 0.23325528750000002 0.4565911765625 0.2273534625 0.45514867499999995 0.2131202265625 0.45396770468750003 0.2127428921875 0.47198264375 0.216250146875 0.47633262812500005
1 0.4222655234375 0.554444328125 0.42372354999999995 0.5890618421875 0.5630767671875 0.5914344921875 0.5637585359374999 0.5761365046875 0.5659624765625 0.5744232765625 0.564613428125 0.5590425406249999 0.55874661875 0.5588034859375 0.5588886484375 0.57143049375 0.559236853125 0.5756517546875 0.43593954999999995 0.5751353546875 0.4329361140625 0.57260893125 0.434323046875 0.566054328125 0.434025403125 0.5558250234375001 0.4222655234375 0.554444328125
1 0.5552168703125 0.499460125 0.554937796875 0.5285977640625 0.5635298703125 0.5295488734375 0.5637515921875 0.5139316359375 0.56740570625 0.5155830546875 0.6540296484375 0.52602433125 0.6544177 0.5161234703125 0.660275753125 0.5160616625000001 0.6577352296875 0.49071570312499996 0.6482755874999999 0.4909312625 0.64756951875 0.51313988125 0.56674235 0.5005307640625001 0.5552168703125 0.499460125
1 0.6502571921875 0.3447293859375 0.6503769187499999 0.368196103125 0.716775175 0.371464709375 0.71679336875 0.3575760421875 0.721585265625 0.35777129687500003 0.7213859734375 0.34124604375 0.7123221890625 0.33937516562500003 0.7125500484375 0.3617201171875 0.7011723359375 0.362570375 0.699951878125 0.359329834375 0.6875493234375 0.35882446875 0.6582396625 0.3578178875 0.6581606625 0.34542681875 0.6502571921875 0.3447293859375
1 0.416812071875 0.2081975015625 0.41830922499999995 0.24110924531250003 0.42628745312499994 0.243352625 0.434125975 0.2407945828125 0.559013228125 0.2991159359375 0.5604435375000001 0.2864655359375 0.5625832203125001 0.2858333609375 0.5621361578124999 0.2704688140625 0.5536457109375 0.269163709375 0.5537520578125 0.27899928749999997 0.432009534375 0.22368350937499998 0.4287965171875 0.2245117359375 0.4288368625 0.21971765 0.4295120328125 0.20583754999999998 0.416812071875 0.2081975015625
1 0.6515246593749999 0.5394923390625 0.6509402859375 0.5591035125 0.6565003390624999 0.561640065625 0.6566786296875 0.607462296875 0.68765639375 0.6102645421874999 0.6909363921875 0.7428380953125 0.7183241875 0.75126905625 0.7194743703125 0.770950909375 0.7295813921875001 0.770977740625 0.72816455 0.7520550203125 0.7247515171875001 0.7538409484375 0.7254704765625 0.7388552546875 0.6970496828125 0.7346171984375001 0.6954257328125 0.5994161265625 0.6633028125 0.5969522203125 0.6625687671875 0.5518773421875001 0.6602784578125 0.55255401875 0.661098359375 0.5410374359375 0.6515246593749999 0.5394923390625
1 0.6650563734375 0.7609444187500001 0.663334615625 0.7347428421875 0.6534403171875 0.7385426359375 0.65298791875 0.7653865703125 0.5720165921875 0.789863296875 0.5596618656250001 0.7891771421875 0.5611103859375 0.8201187515624999 0.5690742125 0.8206259906250001 0.568242015625 0.8061558421875 0.65946605625 0.7760665546875 0.6597008359375 0.765294628125 0.6650563734375 0.7609444187500001
1 0.21488112187500003 0.9050172062499999 0.215757134375 0.953480665625 0.2317378078125 0.9519953093750001 0.2333996875 0.9356830453124999 0.42667512500000004 0.8595219999999999 0.429312103125 0.8767216 0.437292065625 0.8756224125 0.4350446265625 0.8534534718750001 0.4340534359375 0.837745278125 0.2379382046875 0.908093228125 0.22594518749999998 0.899770646875 0.21488112187500003 0.9050172062499999
1 0.7155490328125 0.594185440625 0.71606091875 0.619833384375 0.7305923937500001 0.619800446875 0.7348164953125 0.619972565625 0.7385489625 0.6032482765625 0.7419415875 0.599011159375 0.752032496875 0.5994223328125 0.751823096875 0.5922257156249999 0.742372471875 0.5896529546875 0.7341032078125 0.5883968578125 0.733044703125 0.5991132859375 0.7301792640625 0.60528985625 0.725207928125 0.607117396875 0.7246888203124999 0.5945095890625 0.7155490328125 0.594185440625
1 0.716432046875 0.5409843796875 0.7156469109375 0.566328709375 0.7251335937500001 0.5679333265625 0.7251710140625 0.5535211 0.7310050828125 0.55517989375 0.732542621875 0.5609268390625 0.73355911875 0.5696977140625 0.7345283031250001 0.5768425749999999 0.74035645625 0.57829811875 0.7416574359375 0.5759150015625 0.7535594796875 0.5768059937500001 0.75239054375 0.568028909375 0.741379478125 0.566362178125 0.7368523031249999 0.5625235203125001 0.736117028125 0.5529520640625 0.7335406625 0.542899565625 0.716432046875 0.5409843796875