1 0.72444921875 0.779926959375 0.7269285859375 0.788916709375 0.7313438 0.78637801875 0.7289488921875 0.7821511765625 0.7296983328125 0.7746455703125 0.733340259375 0.7732014 0.7305160421875 0.768605721875 0.725629725 0.766928765625 0.7164741453125 0.76797451875 0.7094651203125 0.770864459375 0.7019593921875 0.7689890921875 0.7010077781249999 0.763305290625 0.7056892859375 0.760584978125 0.7088507015625 0.7576726515625001 0.7071352109375 0.750335875 0.7038381359375 0.747385975 0.698856196875 0.7495550296875 0.69367623125 0.7533714609375 0.6890621125 0.76048824375 0.6937162671875 0.7630796984375 0.695919925 0.7749985640625 0.7017766765625 0.7768643359375 0.7159047875 0.776397021875 0.7170476484375 0.7743888 0.7216591359375 0.776064159375 0.72539493125 0.776635403125 0.72444921875 0.779926959375
1 0.736844771875 0.7717564296874999 0.7394615515625 0.780746978125 0.74615308125 0.776939340625 0.745269734375 0.77272129375 0.7440868359375 0.7650212765625 0.741924090625 0.7598799374999999 0.7437890375 0.755677878125 0.7478961640625 0.7494739953125 0.744839784375 0.745792815625 0.739739253125 0.742466084375 0.736452465625 0.7338379765624999 0.7353719703125 0.7283365921875 0.73187686875 0.7270340703125 0.726766046875 0.7293855437500001 0.7203578828125 0.733378 0.7186815531249999 0.738680175 0.718525315625 0.7441743640625 0.7197867718750001 0.7476619296875 0.723539634375 0.7485996140625 0.7267428406249999 0.7495341 0.7291062453125 0.744235921875 0.73061780625 0.744244715625 0.7318545390625 0.7442519109375 0.7310282953125 0.750108540625 0.7349441734375 0.75159668125 0.7353384734375 0.7541633546875001 0.732305940625 0.7568932609375 0.73066374375 0.7629283124999999 0.7350345359375 0.7653349515625 0.7372408265625 0.7684616734375 0.736844771875 0.7717564296874999
1 0.123722271875 0.5477922796875 0.1168823140625 0.5679949140625 0.1269491640625 0.572394728125 0.1283066953125 0.5696270515624999 0.3034943 0.635277540625 0.3022845515625 0.64121816875 0.3097557 0.6420546593750001 0.3171399375 0.6218755609375 0.31043156562499996 0.618267934375 0.30765925625 0.6289576 0.13325293124999998 0.5609325828125 0.13360933749999998 0.54943585 0.123722271875 0.5477922796875
1 0.1962260765625 0.3619472734375 0.1844047734375 0.3917733578125 0.1954727421875 0.396835846875 0.1999350765625 0.3905176375 0.3985116203125 0.49238669375 0.3966886765625 0.49792723437499997 0.4076341 0.5031455593749999 0.4163019453125 0.47861231406250004 0.40855367343750004 0.47182655156250003 0.4082896625 0.48530638281250005 0.2029123671875 0.377846615625 0.20603745624999997 0.36834852812499996 0.1962260765625 0.3619472734375
1 0.21816169843750002 0.2456872890625 0.2111279734375 0.2588436421875 0.23364077343749998 0.270506878125 0.250651728125 0.2210679453125 0.2466078328125 0.21576037343749999 0.26404133281250003 0.1683054171875 0.266889378125 0.1692026625 0.28041582656249997 0.1796292765625 0.28985708906249996 0.1484202890625 0.2764127171875 0.13975549375000001 0.2749974546875 0.14481113125 0.2721811796875 0.141051890625 0.2761562859375 0.1342497921875 0.27199945625 0.131408846875 0.241587159375 0.21886083906249998 0.24537726875 0.22364101249999999 0.23525770000000001 0.2553030203125 0.21816169843750002 0.2456872890625
1 0.51957220625 0.31509557187500004 0.5030039281249999 0.3352351578125 0.5125317968750001 0.356045421875 0.5176872390625 0.3581508765625 0.6825286125 0.46444066875 0.69313663125 0.449974003125 0.69761051875 0.45415099531249997 0.7084360968750001 0.4443554328125 0.70067995625 0.4365272390625 0.694719696875 0.44220014531249996 0.6877129296875 0.4504613234375 0.519833390625 0.3374085578125 0.5203941000000001 0.3327419828125 0.5288123671875 0.321375796875 0.51957220625 0.31509557187500004
1 0.5753049359375 0.55950270625 0.5613561109375 0.5800133062499999 0.5679526453125 0.5854034593749999 0.5752736656249999 0.5838894203125 0.7042781203125 0.6474233218750001 0.7145937078125 0.6350304296875 0.7121356984375 0.6407237109375 0.71743618125 0.64594325625 0.7229831 0.6397490734375 0.7228645859375 0.628852109375 0.70995065 0.6272203609375 0.6987842515625 0.6380516875 0.5798489484375 0.5735386499999999 0.579024703125 0.5641941828125 0.5753049359375 0.55950270625
1 0.459883865625 0.67902604375 0.4509632953125 0.6984308421875001 0.4562778890625 0.7018353890625 0.4627722921875 0.6992788234375 0.579280834375 0.7450983828125 0.5858259578125 0.7352779296875 0.59589275625 0.74260068125 0.5994456640625 0.7353571671875 0.585122578125 0.7285285125 0.5781641578125 0.737827703125 0.46630104687499996 0.691516284375 0.4655734734375 0.6842478671875 0.459883865625 0.67902604375
1 0.3841067859375 0.5137674453125001 0.379531503125 0.52411824375 0.378049853125 0.5173642984375 0.37491024687499996 0.5251291015625 0.3813539515625 0.5298364265625 0.3815208140625 0.5417714171875 0.390543415625 0.5433805406250001 0.534600878125 0.61270955625 0.5427508890625 0.603936184375 0.547541359375 0.606558403125 0.5541831734375 0.5988139734375 0.54776364375 0.5946256765625 0.543359946875 0.6003076359375 0.5384704109375 0.60391128125 0.39047324687499996 0.5335215734375 0.3875317484375 0.5288346234375 0.39444184375 0.518497409375 0.3841067859375 0.5137674453125001
1 0.8628238578125 0.6546069234375 0.8751282921874999 0.6450867437500001 0.8717044968750001 0.632643496875 0.86426076875 0.6334807953125 0.850732484375 0.6454370078125 0.848275246875 0.62575589375 0.8401544265625001 0.5884297609375 0.8244067296875001 0.5669101203125 0.8213124234375 0.5619020328125 0.832334440625 0.5575631328124999 0.8320472593750001 0.551397240625 0.8262429093750001 0.5449057093749999 0.8195142859375 0.546921303125 0.814572784375 0.554230915625 0.8085456171875001 0.5571312046875 0.8164940250000001 0.571854171875 0.8302604609375 0.5933622859375001 0.8392098015625 0.6201259953125 0.8360431296874999 0.62773946875 0.8441132609374999 0.6498015125000001 0.8512658203125 0.6568879562500001 0.858229584375 0.6504707109375001 0.8628238578125 0.6546069234375
0 0.3206358484375 0.17617210781249998 0.23246472499999998 0.3834921765625 0.3863878765625 0.4652740578125 0.497270609375 0.2929121671875 0.3206358484375 0.17617210781249998
0 0.217163603125 0.41710578125 0.15689677500000002 0.5590531015625 0.2879554515625 0.615239903125 0.366607215625 0.4932445109375 0.217163603125 0.41710578125
0 0.3926869609375 0.54619705 0.32349565 0.6515241031250001 0.430598215625 0.690215609375 0.51603853125 0.60533263125 0.3926869609375 0.54619705
0 0.5765135906250001 0.600067334375 0.48210922968750003 0.69201521875 0.571670884375 0.7314795203125 0.67166110625 0.6511748609375 0.5765135906250001 0.600067334375
0 0.7323609140625 0.45155893750000003 0.5984446609375 0.581406115625 0.692337696875 0.6243330390625 0.82465755625 0.5138841000000001 0.7323609140625 0.45155893750000003
0 0.5229300171875 0.5859930953125 0.6565554312499999 0.4497582890625 0.523009846875 0.362732175 0.4278806515625 0.504753946875 0.5229300171875 0.5859930953125
