3 0.776328228125 0.9139644078125 0.7466593203125 0.9174984640625 0.7035998140624999 0.6018188999999999 0.7161629453125 0.6005630890625 0.7177567890625001 0.5836017796874999 0.6829817171875 0.5899551875 0.7259167421875 0.909199415625 0.7265870546875 0.9617052359375 0.7732372562500001 0.9594575937500001 0.7780255046875 0.9370617765624999 0.776328228125 0.9139644078125
3 0.3227316578125 0.9253822015625 0.295880353125 0.919931678125 0.371219753125 0.61238043125 0.389988328125 0.6198466578125 0.3909564109375 0.60646459375 0.3599703828125 0.6046954171875 0.2750755359375 0.9134149578124999 0.279123615625 0.9408952218750001 0.27621265 0.9525532999999999 0.31387428125 0.96392109375 0.3211066921875 0.9432346781250001 0.3227316578125 0.9253822015625
3 0.42246018281250003 0.6210527265625 0.4540442359375 0.6212458328125 0.45488005156250005 0.5973112078125 0.48297807812500004 0.419668590625 0.4597310546875 0.4225692234375 0.45881329375 0.4309367328125 0.4695363859375 0.42840050781250005 0.44086837812499996 0.5954946890625 0.4398339921875 0.6072019156249999 0.42212345156250003 0.6038248625 0.42246018281250003 0.6210527265625
3 0.430828825 0.426190459375 0.42016404375 0.427056828125 0.41986828593750003 0.41761252187500003 0.4447354828125 0.31457509687499996 0.42048875468749997 0.310276121875 0.41720436875000005 0.3237169734375 0.43567716718750005 0.3231794703125 0.4103975875 0.4201123046875 0.40877797656250003 0.43962130781250003 0.43049838593749995 0.43565298593749996 0.430828825 0.426190459375
3 0.6304637421875 0.2357718796875 0.63133214375 0.184033625 0.6507615765625 0.174015375 0.6480970953125 0.1607476171875 0.6370609046875 0.1632929515625 0.6341868046875 0.17394159843749998 0.624187096875 0.17367650625 0.622789690625 0.222649884375 0.51381414375 0.2352736609375 0.5102271453125 0.2932076078125 0.46424266718749996 0.30233036874999997 0.46252377187500004 0.3157256703125 0.51660993125 0.30747928125 0.5183677 0.292970740625 0.51859675625 0.2684977171875 0.5193353843749999 0.24734618749999998 0.6304637421875 0.2357718796875
3 0.3196741328125 0.28617265625 0.32047390781249996 0.3060839296875 0.3169696703125 0.32080455625000004 0.309113296875 0.32457707187499996 0.3073069796875 0.333489428125 0.32330180468749997 0.33213804687500004 0.3266047328125 0.32318214375 0.3315541140625 0.288484925 0.326997325 0.26912596093749996 0.3268064890625 0.253183878125 0.3314030515625 0.242861365625 0.32932345937499996 0.216785475 0.320670653125 0.21482229687499999 0.31761381875 0.20959536406249998 0.30712205312499996 0.2103436328125 0.307577809375 0.22583501718750001 0.3211402234375 0.22278245000000002 0.3206601796875 0.236529103125 0.3203195046875 0.24628479374999998 0.31947995625000003 0.2560549984375 0.3196741328125 0.28617265625
3 0.1285912546875 0.6350816640625 0.157020884375 0.63858755 0.160131528125 0.6193075796875 0.242763103125 0.4466741734375 0.224527975 0.4403955984375 0.22065298281249998 0.45165061562500003 0.228561440625 0.4545155765625 0.146122278125 0.6116680156250001 0.1457977 0.62096268125 0.1308316890625 0.6207791328125001 0.1285912546875 0.6350816640625
3 0.6878026640625 0.400720803125 0.67257883125 0.402242575 0.656587084375 0.2867363875 0.625645109375 0.28655790312499996 0.6269394890625 0.3016235046875 0.649375203125 0.2934190609375 0.6627634015625 0.39659475 0.6624637484375 0.41386434375 0.688127275 0.40880239218750003 0.6878026640625 0.400720803125
4 0.6669263703125 0.193346971875 0.665804403125 0.225475909375 0.673325378125 0.231676328125 0.6760995046875 0.2260933890625 0.6746396828125001 0.194039575 0.6730836921875001 0.164739671875 0.6699786265625 0.135484840625 0.6584194984375 0.11197821875 0.6324058078125 0.10356477187499999 0.597165246875 0.1082583140625 0.5594711203125 0.1093551 0.54133448125 0.11171689843749999 0.5336887390625 0.1238608453125 0.5661231203125 0.1256682109375 0.6141444046875 0.124270934375 0.6456742906249999 0.122436471875 0.6592953921875 0.13121050625 0.6676281484375 0.158479153125 0.6669263703125 0.193346971875
3 0.480693715625 0.2010339515625 0.48191585937500003 0.1870699234375 0.469462153125 0.1861264953125 0.4766592765625 0.176341259375 0.489985178125 0.173341928125 0.49203551093750003 0.163706446875 0.4914170515625 0.1393496265625 0.4835895359375 0.13914211875 0.4839020484375 0.1652489015625 0.4694892984375 0.171326709375 0.46331652031250004 0.17281211093749999 0.4625997625 0.1863261703125 0.46335515781250003 0.206761625 0.480693715625 0.2010339515625
3 0.508219353125 0.1980567125 0.521790340625 0.19505025 0.5253535453125 0.1701364890625 0.5177999046874999 0.1620862515625 0.5119330703125 0.16182169375 0.509017553125 0.140143296875 0.5029664953124999 0.1381430421875 0.5023915984375 0.168628290625 0.51196514375 0.1679144640625 0.5174347390625 0.1725432265625 0.51622616875 0.1791073609375 0.5055657765625 0.1828996625 0.508219353125 0.1980567125
0 0.33724729375 0.2841192265625 0.4196383375 0.27558409687499996 0.41354781406249996 0.19733395 0.3388870671875 0.2151918296875 0.33724729375 0.2841192265625
0 0.6197145078124999 0.21452233125000003 0.6167752375 0.1668694609375 0.537000690625 0.1773743890625 0.535596740625 0.2285635203125 0.6197145078124999 0.21452233125000003
0 0.6251730375 0.15707743125 0.6230545937499999 0.1298599875 0.5432536375 0.130136028125 0.5480388281249999 0.1688694875 0.6251730375 0.15707743125
1 0.2283990125 0.4265967703125 0.41196054843749996 0.40693360937499995 0.43031443593749996 0.33120871875 0.27228078437500003 0.346548578125 0.2283990125 0.4265967703125
1 0.4579774453125 0.40416244843750004 0.65484516875 0.384112115625 0.6459304390625 0.304884040625 0.47484362343750003 0.32490032812499997 0.4579774453125 0.40416244843750004
1 0.7109133828124999 0.5575343390625 0.69313034375 0.42802148124999995 0.4829602484375 0.44520321406249996 0.4606631359375 0.5786488875 0.7109133828124999 0.5575343390625
1 0.712737640625 0.861807471875 0.6843837625 0.633926725 0.370489515625 0.6504377203125 0.3193278234375 0.867721325 0.712737640625 0.861807471875
1 0.1089086578125 0.65436014375 0.0121448359375 0.855448821875 0.2803184390625 0.8707007828125001 0.33728876093750004 0.6504815625 0.1089086578125 0.65436014375
1 0.43794440156250003 0.5756211312499999 0.45949659218749994 0.4486525375 0.23832520937499999 0.468920978125 0.18013082656249998 0.5905003453125001 0.43794440156250003 0.5756211312499999
0 0.41341532187499996 0.32734067968749997 0.41827517500000005 0.29215565 0.3405822515625 0.3036382890625 0.33036508124999997 0.3288349953125 0.41341532187499996 0.32734067968749997
0 0.62079219375 0.301018215625 0.6183500921875 0.26696785 0.5317974171875 0.27963048125 0.5291435734375 0.3110625234375 0.62079219375 0.301018215625
0 0.398807003125 0.448574025 0.40509570625 0.41703621875 0.2639879203125 0.4322084453125 0.2538029859375 0.4564820125 0.398807003125 0.448574025
0 0.64876364375 0.4210126140625 0.6460958875 0.39342421875 0.49100016718750006 0.40808125000000006 0.4847114640625 0.4396190546875 0.64876364375 0.4210126140625
0 0.6678282624999999 0.6178088296875 0.6638248875 0.56904868125 0.4662783453125 0.581252103125 0.45707442656249997 0.6368519484374999 0.6678282624999999 0.6178088296875
0 0.3402396921875 0.6402514921875 0.3538268703125 0.5928239125 0.18344331875 0.5996259687500001 0.16258642343750002 0.647265075 0.3402396921875 0.6402514921875
0 0.027704476562500004 0.9149391250000001 0.029365939062500002 0.9416345984375001 0.2559303515625 0.9451864546875001 0.26279931562500003 0.8970321546875001 0.0401276546875 0.885989428125 0.027704476562500004 0.9149391250000001
0 0.4295802453125 0.8894127234375 0.42841972500000003 0.922645715625 0.428945946875 0.9521408250000001 0.44878169999999995 0.9783074812500001 0.6924139234375 0.96845190625 0.6994048765625 0.8870948343749999 0.4295802453125 0.8894127234375
6 0.535631 0.256065 0.013273815516429366 0.04487223079967011