5 0.180904 0.225997 0.01328125 0.0109375
5 0.168404 0.158809 0.0140625 0.009375
6 0.148092 0.185372 0.0125 0.009375
6 0.218404 0.142403 0.00859375 0.00859375
2 0.205123 0.183809 0.028125 0.015625
2 0.254342 0.198653 0.01640625 0.01015625
2 0.376217 0.147872 0.0109375 0.00859375
2 0.311373 0.125997 0.021875 0.0234375
6 0.298873 0.099434 0.009375 0.00859375
5 0.235592 0.108028 0.01171875 0.0109375
5 0.305123 0.086153 0.009375 0.00859375
5 0.298092 0.181465 0.01875 0.009375
2 0.415279 0.132247 0.01171875 0.01171875
2 0.450435 0.115059 0.01640625 0.01484375
2 0.491842 0.099434 0.01015625 0.01328125
6 0.255904 0.170528 0.00625 0.0078125
5 0.262935 0.532247 0.021875 0.01484375
2 0.212154 0.517403 0.01953125 0.0125
5 0.244185 0.498653 0.02421875 0.0171875
5 0.384029 0.700997 0.01484375 0.02109375
5 0.467623 0.817403 0.01484375 0.01171875
5 0.496529 0.821309 0.0109375 0.01640625
2 0.58481 0.930684 0.01796875 0.01328125
4 0.5063222890625 0.8634929281250001 0.48935579531249995 0.805886165625 0.48034232968749996 0.79476210625 0.43951675 0.73993635 0.4114160578125 0.7117289062500001 0.370590478125 0.6704894890624999 0.3689998578125 0.6402956109375 0.318100446875 0.5814969859375 0.2449325328125 0.5109220125 0.2194827921875 0.44099931718749996 0.16699276093749998 0.374460959375 0.14260345624999998 0.3426779328125 0.135710828125 0.33989691093749996 0.13836185 0.353404690625 0.1860800578125 0.4200067953125 0.21418078437500002 0.469270509375 0.249704321875 0.527671846875 0.2915903390625 0.5747430828125 0.3308252640625 0.6128827265625 0.35627504062500004 0.6466522265625 0.35733540625 0.6752569578125 0.376422703125 0.6984909046875 0.4092952546875 0.7255064890625 0.4246711296875 0.7350414 0.440047003125 0.7640434328125 0.46284565312500003 0.79363399375 0.4792819640625 0.8071417859375 0.48140276562500006 0.8333627968749999 0.48988597812499995 0.8508434578124999 0.49200678125 0.8639539640624999 0.5132148812499999 0.8774617687499999 0.551389475 0.8893804 0.593275421875 0.9056692 0.6139533375 0.9179851328125 0.61236271875 0.9000434234375 0.577899546875 0.88296005 0.5063222890625 0.8634929281250001
5 0.096529 0.300997 0.02578125 0.01875
3 0.21760822656249998 0.2361076390625 0.221071075 0.2395673328125 0.2695510625 0.221187728125 0.2582968015625 0.199780896875 0.24617677968749999 0.204509671875 0.24357965468749998 0.20948297500000002 0.2533910734375 0.2246191171875 0.221648215625 0.23607934218749999 0.2178967890625 0.231754728125 0.205488225 0.23607934218749999 0.16826251718750002 0.2497018734375 0.1408482265625 0.26505424375 0.1440225125 0.26829770000000003 0.15498821406250002 0.28105531250000004 0.178362515625 0.273299309375 0.16681965468749999 0.25556839375 0.21760822656249998 0.2361076390625
2 0.199654 0.22209 0.01328125 0.01171875
3 0.48085080468749997 0.3840423109375 0.46973075625 0.3855378734375 0.47571846874999996 0.3936566375 0.4871236546875 0.38895630312499996 0.501094990625 0.38340135000000003 0.4973883265625 0.3742143390625 0.4902600796875 0.37506894218750003 0.3878985578125 0.18019237500000002 0.397307834375 0.176133 0.38989446875 0.1667323265625 0.36060961406250003 0.1780445203125 0.3653733234375 0.187242878125 0.3750677375 0.1855336703125 0.379344678125 0.193652428125 0.48085080468749997 0.3840423109375
3 0.38750510625 0.15064924531249999 0.3925133046875 0.15950566093750002 0.40252972812500004 0.1560531609375 0.40513399375 0.155002396875 0.4075379265625 0.15815468125 0.40252972812500004 0.159805878125 0.40573497031250005 0.16971305781249998 0.418155325 0.167911753125 0.43017502343749997 0.16280805468749998 0.42496649218749993 0.15200022500000002 0.4159517140625 0.1547021796875 0.41214548124999995 0.1507993546875 0.403130703125 0.15245055000000002 0.397521515625 0.1455455484375 0.3766873734375 0.1485477234375 0.375084753125 0.1464462 0.36372607343749996 0.150865940625 0.367672609375 0.15575294374999998 0.3756857421875 0.1532010921875 0.381695584375 0.15154989531250002 0.38750510625 0.15064924531249999
3 0.6281032468750001 0.27796790625 0.616986803125 0.280907796875 0.622218059375 0.28776755781249996 0.641508375 0.279682834375 0.5692514046875 0.100397396875 0.5718670546875 0.0991724421875 0.566962740625 0.090313434375 0.5457106796875 0.09962311406249999 0.5515958671875001 0.10746284843750001 0.5600966828125 0.1042779578125 0.6281032468750001 0.27796790625
3 0.7258975375000001 0.5530803234375 0.7292305296875 0.5638193421875 0.7235644484375 0.5663167984374999 0.727230725 0.57206091875 0.7405626453124999 0.5613219015625 0.7325635203124999 0.5538295640625 0.742895734375 0.5433402828125 0.696900609375 0.42970640937500004 0.6992337 0.423712534375 0.6919011453125 0.41896738281249996 0.6799024593749999 0.42870742812499996 0.690234671875 0.4344515609375 0.7352298953124999 0.5425910421875 0.7258975375000001 0.5530803234375
3 0.6812356453125 0.639232965625 0.6925677609374999 0.6527191828125 0.7175650828125 0.6559658640625 0.7218979765625 0.6514704546875 0.76622658125 0.590282990625 0.79455689375 0.591781459375 0.8032226343750001 0.5965266125 0.8172211703125001 0.5832901374999999 0.8138881796874999 0.5787947296875 0.8082220984375 0.5770465171875 0.7955567953125 0.58478860625 0.760227215625 0.5825409015624999 0.7135655203125 0.6479740296875 0.701900075 0.6474745421875 0.6859017796875 0.6342380671875001 0.6732364765625001 0.632489859375 0.656904875 0.6544673921874999 0.6519054109375 0.6527191828125 0.6452394499999999 0.6637079531250001 0.6525720046875 0.6712002906250001 0.6599045578125 0.6659556578125 0.6812356453125 0.639232965625
3 0.6415731734375 0.665496234375 0.5769134031250001 0.5481255093749999 0.5769134031250001 0.5441295875 0.5809129656249999 0.5383854578125 0.578579875 0.5343895375 0.57158063125 0.5336403062499999 0.555915621875 0.547126515625 0.56258158125 0.5528706531250001 0.5719139156249999 0.5546188703125 0.633907334375 0.6677038750000001 0.621908603125 0.684436765625 0.6285745625 0.6946762953125 0.6195755140625 0.6951758 0.6205754156250001 0.7011696734374999 0.627241375 0.7001706796875 0.633907334375 0.6959250234375001 0.6421702812500001 0.6905458999999999 0.636573709375 0.6862250546875 0.635907115625 0.679481940625 0.6415731734375 0.665496234375
3 0.584431025 0.8159982187500001 0.604245465625 0.819878753125 0.6263115421875 0.8193725921875 0.6398214078125 0.8224095296874999 0.629689 0.8391126734375 0.63216580625 0.844005515625 0.6422982125 0.845692696875 0.65107959375 0.8332075218749999 0.6465763250000001 0.825783903125 0.65130475 0.8202161890624999 0.64454983125 0.81447975 0.6227089265625 0.8077310093750001 0.6150533406250001 0.8111053828125 0.589384634375 0.8041879171874999 0.5675437156250001 0.7900155515625 0.5596629734375 0.7854601515625 0.5517822296875 0.78292936875 0.5378206718749999 0.8000298796875001 0.547278946875 0.8023320125 0.5511067328125 0.8070561312500001 0.55876231875 0.7979453249999999 0.584431025 0.8159982187500001
3 0.736548265625 0.695961784375 0.746032565625 0.687409628125 0.7410492765625001 0.6835551343749999 0.7334940015625 0.6833142296875 0.723366678125 0.6981299390625 0.7273854546875 0.7023457890625 0.739602528125 0.7042730296874999 0.7458718203125 0.712463825 0.75326635 0.7098138703125 0.757606615625 0.7068025453125 0.7646796546875 0.70704345 0.7662871703125 0.7024662375 0.757285125 0.695961784375 0.749890575 0.699093559375 0.743460559375 0.6977685765625 0.736548265625 0.695961784375
3 0.7741639765625 0.6744007187500001 0.773842465625 0.668378071875 0.7711096921875 0.65982591875 0.7600178984375 0.6581395750000001 0.7564813796875 0.653803271875 0.752944859375 0.6546464421875 0.7495690859375 0.661030446875 0.7442643046875 0.6664508265625 0.7447465625 0.6718712078125 0.7531056046875 0.6731961890625 0.7571243812499999 0.6717507546875 0.761464646875 0.666330375 0.765322678125 0.6678962625 0.766930171875 0.67138939375 0.7625899046875 0.6870482734375 0.7637151640625001 0.6934322703125 0.7716237375 0.6965824609375 0.7757714703125 0.6893368765625 0.7706274578125 0.6837960437499999 0.7741639765625 0.6744007187500001
6 0.684029 0.67834 0.02421875 0.01015625
5 0.668404 0.757247 0.0171875 0.01171875
5 0.655904 0.779903 0.0109375 0.009375
5 0.639498 0.804122 0.0140625 0.01015625
5 0.574654 0.761934 0.015625 0.00859375
5 0.550435 0.793965 0.01875 0.0078125
5 0.596529 0.730684 0.01328125 0.01171875
5 0.662935 0.639278 0.0140625 0.00625
5 0.681685 0.615059 0.0125 0.0078125
5 0.695748 0.593184 0.01015625 0.00703125
5 0.742623 0.646309 0.01796875 0.009375
5 0.75356 0.62834 0.01328125 0.01015625
5 0.762154 0.611934 0.0125 0.01328125
3 0.34984007500000003 0.495122925 0.3376368796875 0.4947064109375 0.3315224390625 0.487625703125 0.30623090468749997 0.50303665625 0.31929355937500004 0.5132412109375 0.3301328078125 0.5032449156250001 0.336525165625 0.5040779375 0.4438057984375 0.66463566875 0.441026496875 0.6692173046875001 0.43518999531249997 0.6700503265625 0.4282417609375 0.6767145234374999 0.424628684375 0.68025488125 0.4318548375 0.6848365171874999 0.43961117187500004 0.68501135625 0.45017246406250006 0.6775141296875 0.446837325 0.6716829609375 0.4579544734375 0.65939585 0.34984007500000003 0.495122925
0 0.2011701984375 0.255299096875 0.2167802140625 0.27669574531249996 0.3752104984375 0.204579765625 0.3604039265625 0.1884923453125 0.2011701984375 0.255299096875
0 0.4448013515625 0.15132487187500002 0.4559062671875 0.16741229375 0.5551102640625001 0.1213689953125 0.5417843453125 0.11360266249999999 0.4448013515625 0.15132487187500002
0 0.3354979734375 0.4555695984375 0.374470146875 0.49570774687499997 0.49440332500000006 0.40972329375000005 0.4640498796875 0.3714463375 0.3354979734375 0.4555695984375
0 0.627662471875 0.30507642343749997 0.6090381703125 0.26934245625000003 0.5225358171875001 0.32726595 0.5469666515625 0.36387868437500004 0.627662471875 0.30507642343749997
0 0.6032316359375 0.491646565625 0.6180381578125 0.5171645296875 0.6883693625 0.4505959 0.6735628390625 0.42341372499999996 0.6032316359375 0.491646565625
0 0.45664661874999996 0.633748609375 0.47663544843750005 0.6670328875 0.57435879375 0.56551575 0.5536296125 0.5416620140624999 0.45664661874999996 0.633748609375
0 0.5454927359374999 0.7728180109375 0.5845409515625 0.7923992671875 0.638607675 0.7199260890625 0.6082702156249999 0.6958433921875 0.5454927359374999 0.7728180109375
0 0.71970774375 0.5648598796875001 0.7254147796875 0.5581077249999999 0.7214207234375001 0.5524659859375001 0.666842496875 0.6202275937499999 0.698681796875 0.6382333421874999 0.738631090625 0.58241549375 0.71970774375 0.5648598796875001
5 0.51606 0.843965 0.01875 0.01328125
0 0.71118779375 0.746569309375 0.662624653125 0.73085494375 0.6098562078125 0.7995431609375 0.665627828125 0.81366951875 0.71118779375 0.746569309375
0 0.76887193125 0.5961023 0.7347532640625001 0.6451415093749999 0.7685304953125 0.6527932843750001 0.8015221328125 0.60452820625 0.76887193125 0.5961023
1 0.3804854015625 0.2197012484375 0.17457821406250001 0.312992175 0.2838668984375 0.483393303125 0.46532122343750004 0.36214205 0.3804854015625 0.2197012484375
1 0.4138505390625 0.1996185546875 0.48417355625 0.3462499015625 0.61692580625 0.2567829421875 0.5556555609375 0.131411496875 0.4138505390625 0.1996185546875
1 0.690764378125 0.3993181984375 0.6479400703125 0.30003518906250004 0.54937145 0.37695146875 0.6043575828125001 0.48231057499999996 0.690764378125 0.3993181984375
1 0.5124521640624999 0.41638755937500005 0.371059234375 0.5146834874999999 0.4488253515625 0.628282965625 0.5729369203125 0.5129176765625 0.5124521640624999 0.41638755937500005
1 0.5721514328125 0.5774526843750001 0.45668054375 0.701646940625 0.52187833125 0.7922911125 0.624780996875 0.661622253125 0.5721514328125 0.5774526843750001
1 0.6868367296875 0.45718973281249997 0.59524833125 0.55723134375 0.6475609812500001 0.6337692453125 0.724541609375 0.5384163 0.6868367296875 0.45718973281249997
4 0.8349269921875001 0.7407500312499999 0.8349269921875001 0.73315074375 0.8371454843749999 0.7196145125 0.83904701875 0.688628090625 0.8377793140625001 0.668679965625 0.8431670859375 0.6518190500000001 0.838096271875 0.627596321875 0.84094859375 0.6164348625 0.846970196875 0.6055108875 0.840314721875 0.597911603125 0.8289053890625 0.5929245703125 0.8317577109375 0.6000489 0.8365116109375 0.607173234375 0.8311238812499999 0.6202345109375 0.8320746265625001 0.6430323671875 0.8387301031250001 0.6520565265625 0.827847378125 0.6644979515625 0.8307011875000001 0.678183840625 0.832413503125 0.6888759359375001 0.831272009375 0.7051279218750001 0.827847378125 0.7153923343749999 0.8247963687500001 0.7358200234375001 0.827320728125 0.739562646875 0.831440796875 0.7433622859375 0.8349269921875001 0.7407500312499999