5 0.786915 0.806208 0.013535823138263936 0.011401291469812235
5 0.797851 0.872959 0.014280705547083272 0.009866073320977619
6 0.818782 0.845687 0.012718205547083273 0.009811509618646852
6 0.747469 0.891111 0.00879377175149294 0.008893850362819932
2 0.761714 0.849241 0.028488675911805574 0.016607146641955416
2 0.712841 0.836116 0.016642639342673606 0.010729168874474126
2 0.589784 0.891153 0.01113752175149294 0.008975695916316084
2 0.654119 0.910764 0.02242051386770836 0.024201391832632167
6 0.666 0.93689 0.00957502175149294 0.008921132213985317
5 0.729482 0.926086 0.011973323138263936 0.011346727767481468
5 0.659441 0.950389 0.009575021751493117 0.008921132213985317
5 0.668691 0.854831 0.018968205547083273 0.010029764427970277
2 0.550358 0.908142 0.011991506933854267 0.012127977767481469
2 0.514802 0.926558 0.01675174211621524 0.015416668874474126
2 0.473032 0.943629 0.010465374525034755 0.0136359140651507
6 0.710624 0.864296 0.006431837955902786 0.008030754809323425
5 0.712012 0.502823 0.02222049211621524 0.015607641832631991
2 0.762448 0.515893 0.0198221907294446 0.013182046279135662
5 0.72998 0.535761 0.02461879350298606 0.01803323738612832
5 0.594846 0.338301 0.01533471248093754 0.02161210517214318
5 0.513961 0.224814 0.015116506933854268 0.012237105172143093
5 0.485146 0.221917 0.011319359707395903 0.016788195916315994
2 0.39941 0.115625 0.018277874525034755 0.01390873257680485
4 0.5818743578125 0.26771728906250003 0.6217400796875 0.307531046875 0.6226279296875 0.33766937812500003 0.6721587875 0.39469055625 0.7436840499999999 0.46271045 0.767506321875 0.531744421875 0.81844765625 0.5964497875 0.842097203125 0.6273811203124999 0.8489251015624999 0.629921446875 0.8465884765625 0.6165062421874999 0.8004204500000001 0.55157049375 0.77346635 0.5032880796875 0.73930211875 0.44612725 0.698511696875 0.40051870625 0.66016448125 0.3637491765625 0.6355006984375 0.330868403125 0.635106115625 0.30230070000000003 0.6165595953125 0.27973329687500004 0.5843158374999999 0.253865646875 0.569161890625 0.24486767343750002 0.554461046875 0.216402578125 0.532351125 0.1876081625 0.5162292109375 0.17467433906250002 0.5147187109375 0.14852738906250001 0.5066423640625 0.13134296875 0.5048267125 0.11830652187499999 0.483933009375 0.10553932031249999 0.44603582499999994 0.09495377499999999 0.4045290046875 0.0801276640625 0.3841377453125 0.06853382031250001 0.385310765625 0.08641998437500001 0.41937631875000003 0.10229987812500001 0.4905004734375 0.11926746562499999 0.5061261546875 0.17628174531250002 0.5148807046874999 0.1870910484375 0.5544302015625 0.24049114375 0.5818743578125 0.26771728906250003
5 0.873036 0.728261 0.026217661094166546 0.01965030108845909
3 0.735307978125 0.7691662406249999 0.7380208578125 0.76410224375 0.7285617359375001 0.749308725 0.760571334375 0.7367400140625 0.764222103125 0.7409336265625 0.776731325 0.7361756953125 0.8142740999999999 0.7212532140625 0.8420457203125 0.704943515625 0.8389469281249999 0.7018109078125 0.8282781625 0.689436225 0.8047233374999999 0.698008478125 0.8158535078125 0.7153363078125 0.7646119812500001 0.7365706375000001 0.7612296578125 0.7332318703125 0.7123218812500001 0.7533044328125 0.7230778921875001 0.7743182562500001 0.735307978125 0.7691662406249999
2 0.768074 0.810769 0.013554006933854269 0.012182541469812236
3 0.48455351718750006 0.599176503125 0.48804635 0.608234075 0.49519448906249997 0.607130546875 0.5930202078125 0.798432571875 0.5835164484375001 0.8028205265624999 0.5907110109375 0.81196231875 0.620259159375 0.7996274750000001 0.6157095453125 0.7905954703125 0.6059753484375 0.7926432140624999 0.6018873734375 0.7846738109375 0.5048126203125001 0.5978285999999999 0.5159674796875 0.5959447171875001 0.5101687328125 0.5880350484375 0.49865414531249996 0.5931336609375 0.48455351718750006 0.599176503125
3 0.5728679062500001 0.8211560875 0.5779145359375 0.8193300000000001 0.5749398859375 0.8095347500000001 0.56247760625 0.8117697828124999 0.5503391171875001 0.81729321875 0.55529609375 0.8279191625 0.5643737609375 0.8249024046875 0.5680891546875 0.8286723125 0.5771423640625 0.826706315625 0.5825908359375 0.8334154390625 0.6034948546875001 0.8296857203125001 0.6050485609375 0.8317312781249999 0.6165101125 0.8269148843749999 0.612677321875 0.8221656968750001 0.60460479375 0.8249973734375 0.5985565203125 0.8268584390625 0.5927260359375001 0.8279619609375001 0.587923971875 0.8192804359375 0.577827190625 0.8230827171874999 0.57519846875 0.824224425 0.5728679062500001 0.8211560875
3 0.40981011250000005 0.88456053125 0.4071659515625 0.8858768265625001 0.4118640703125 0.894564571875 0.43333281562500003 0.884512753125 0.4276301 0.8768785343750001 0.4190551546875 0.8803602796875 0.3550912703125 0.7090451734375 0.366276140625 0.7057170875 0.361204546875 0.69904000625 0.34172605625 0.7077983625 0.40981011250000005 0.88456053125
3 0.24922700937500003 0.429618346875 0.257051746875 0.43683134843750004 0.24647539218749998 0.4476814390625 0.28982565937500004 0.5597091265625 0.2873530609375 0.565784475 0.2945751703125 0.57027356875 0.30680055781250004 0.5601145187500001 0.2966020421875 0.5547311953125 0.25412379375 0.44816298125 0.2637002921875 0.43734780781250004 0.260617253125 0.42672517968749996 0.2663414625 0.42402985937500004 0.26280888281250003 0.41841376874999997 0.24922700937500003 0.429618346875
3 0.22423715 0.4015534609375 0.1959417140625 0.401044309375 0.18738641875 0.3966017703125 0.1730798 0.410327084375 0.176308159375 0.4147061015625 0.18193355 0.4162564515625 0.1947790515625 0.40807207968750003 0.230056315625 0.40908604843749996 0.278240984375 0.3420234578125 0.289894803125 0.3421155796875 0.3055850171875 0.35479338125000004 0.3182096296875 0.35609930625 0.3350527640625 0.3335514625 0.3400115390625 0.3351250859375 0.34693326562500004 0.3239035359375 0.339775096875 0.31666725625000003 0.3323204734375 0.322167946875 0.310367409375 0.3496355375 0.2993491890625 0.33654504687500003 0.274427434375 0.334171290625 0.2699899078125 0.338818009375 0.22423715 0.4015534609375
3 0.410582921875 0.45089414687499996 0.4175647265625 0.45139895937499996 0.43354363124999995 0.43736571562500004 0.42701136718750005 0.43185435937500005 0.41771972343749997 0.430432034375 0.3583583875 0.3195118875 0.37074658125000004 0.3023599921875 0.36431895000000003 0.29235324218750003 0.3733296234375 0.291539484375 0.37246923125000003 0.285580528125 0.3657800203125 0.28681230156250004 0.3590152421875 0.2912907390625 0.3506270953125 0.2969584109375 0.3561230984375 0.30108382031250003 0.35663274375 0.30780365625 0.35064116562500003 0.321987225 0.4125691015625 0.43709998125 0.41247609531249996 0.441095903125 0.4083428359375 0.4469797 0.410582921875 0.45089414687499996
3 0.36656630625000003 0.14795578125 0.36420338124999996 0.14314943125 0.3541102453125 0.14181608125 0.34503826875 0.154607909375 0.34936875 0.16187427031249998 0.34451073593750003 0.1676071046875 0.3511321375 0.17310765625 0.3728159625 0.1790936953125 0.3805500890625 0.175451984375 0.4060577890625 0.181473078125 0.4275688421875 0.19488274218749999 0.43534355625 0.199162940625 0.4431653953125 0.20141852187499998 0.457524971875 0.18383046249999999 0.4481202796875 0.1818586203125 0.44440244843750004 0.1772681703125 0.43653480624999996 0.186646315625 0.41128628593750005 0.1694897921875 0.391562165625 0.16630119375000002 0.36948430781249997 0.16757791875 0.356045128125 0.16501275625 0.36656630625000003 0.14795578125
3 0.26960721875 0.2922098125 0.2656865671875 0.28813430156250003 0.25351435 0.286633690625 0.2474357015625 0.2786618234375 0.23997949218749998 0.28157 0.23556913750000003 0.284732890625 0.22850170625000002 0.2847389828125 0.2267876546875 0.28937233125 0.23563830624999998 0.295562425 0.24310575 0.2921724265625 0.2495049265625 0.29327286875 0.256375165625 0.29483827812499996 0.2466918125 0.303721634375 0.2515853875 0.3074021078125 0.25913505468750003 0.307379175 0.26960721875 0.2922098125
3 0.23546080156250002 0.3376928703125 0.239016946875 0.3367262015625 0.242541309375 0.3302243125 0.24797225156249997 0.3246186859375 0.24761615468749998 0.3192151453125 0.2392879515625 0.31818206875 0.23523553281249998 0.3197678421875 0.23076910625 0.32533978750000003 0.22694752187499997 0.323908625 0.22542133125000002 0.320471628125 0.23012606249999998 0.3046611828125 0.2291493921875 0.29831648125 0.22131414062500002 0.2954424640625 0.216997765625 0.302832890625 0.2220128140625 0.308194090625 0.218257615625 0.3177129140625 0.2184389484375 0.3237243328125 0.22097266875 0.33218105625 0.23202521250000002 0.333480065625 0.23546080156250002 0.3376928703125
6 0.294318 0.371434 0.024455139342673606 0.01100198738612832
5 0.31178 0.291982 0.01746025693385418 0.012318950725639422
5 0.324807 0.268889 0.011155705547083273 0.009756945916315995
5 0.341777 0.244097 0.014298889342673603 0.010647323320977708
5 0.405639 0.28402 0.01582502175149312 0.009139387023308566
5 0.430603 0.251143 0.018931837955902787 0.008467264427970278
5 0.383037 0.316034 0.013554006933854178 0.012182541469812236
5 0.314503 0.40976 0.0142079703647223 0.006741073320977708
5 0.295189 0.434633 0.012681837955902785 0.008249009618646852
5 0.280618 0.456999 0.010319904160312454 0.0073859140651505225
5 0.234979 0.405511 0.018186955547083293 0.010002482576804805
5 0.223623 0.423862 0.013517639342673604 0.010620041469812236
5 0.214648 0.440568 0.012809124525034753 0.013717759618646852
3 0.6693770046874999 0.46298799687500003 0.6583050890625 0.47336280625000005 0.6519321203125 0.47275301093750005 0.5483885093749999 0.3159416015625 0.55127445 0.31126291093749997 0.557130340625 0.3102260734375 0.5642336859375 0.3033192390625 0.5679291656250001 0.299652709375 0.5608096515625001 0.2953234171875 0.5530573859375 0.29541943437499996 0.54232159375 0.30328547031249997 0.5455210109374999 0.30900017343749997 0.5341178765625 0.321675503125 0.63840878125 0.48217299062499996 0.6506022812500001 0.482163359375 0.6565519171875 0.4890305453125 0.6822021453125 0.47273639375 0.6693770046874999 0.46298799687500003
0 0.7814966953125 0.7168051515625 0.7663846921874999 0.6959536171875 0.606275890625 0.7736021046875 0.6207080234375 0.7891724671875 0.7814966953125 0.7168051515625
0 0.535445515625 0.8292871640625 0.5247150390625 0.813587534375 0.42443937187499997 0.8630951124999999 0.43758452812500004 0.8703960937499999 0.535445515625 0.8292871640625
0 0.65183026875 0.5212254796875 0.6137923203125 0.48244826874999996 0.4918578328125 0.57262088125 0.521320371875 0.609837871875 0.65183026875 0.5212254796875
0 0.3561630015625 0.6819212640625001 0.3739555859375 0.71700485625 0.46180612343750005 0.6560606328125 0.4382274609375 0.6203010421874999 0.3561630015625 0.6819212640625001
0 0.38493630625 0.49449797812499996 0.370723721875 0.46949706874999997 0.298843115625 0.53852171875 0.3130169671875 0.5651868375 0.38493630625 0.49449797812499996
0 0.5348287859374999 0.347277071875 0.51561465625 0.3146908203125 0.4155284734375 0.41962053125 0.43570245312500006 0.4427503890625 0.5348287859374999 0.347277071875
0 0.4492195453125 0.21131024531249998 0.4106270875 0.1930925828125 0.3548735328125 0.2674538125 0.3846504609375 0.2904771015625 0.4492195453125 0.21131024531249998
0 0.292897990625 0.35124439375 0.251649521875 0.40845730312499995 0.2701642578125 0.4253520984375 0.2643000640625 0.43230354843749996 0.26816280625 0.4378058109375 0.3243182015625 0.36813829062500003 0.292897990625 0.35124439375
5 0.466142 0.199943 0.019059124525034755 0.013936014427970277
0 0.2829135421875 0.243345146875 0.33111092656249996 0.25736365 0.38547810781249997 0.1868327171875 0.33003528125 0.17465394843749998 0.2829135421875 0.243345146875
0 0.22172724531250002 0.3958265296875 0.2569873125 0.3455958703125 0.223388178125 0.339123621875 0.189273159375 0.38854079375 0.22172724531250002 0.3958265296875
1 0.60135294375 0.758664825 0.8094315015625 0.6581834609375 0.704108946875 0.491598778125 0.51983246875 0.6191865562500001 0.60135294375 0.758664825
1 0.5675203765625 0.7799126546874999 0.500610240625 0.6357370421875 0.365775625 0.7298398125000001 0.4241278171875 0.853071653125 0.5675203765625 0.7799126546874999
1 0.2952545984375 0.5898830562499999 0.33576806718749996 0.6876706078125 0.436126934375 0.6073122359375 0.3835930625 0.5038732875 0.2952545984375 0.5898830562499999
1 0.47396410624999996 0.5665868953125 0.6176448984375 0.46335341718749995 0.5425228390625 0.35246959218749996 0.41572611249999997 0.4721689515625 0.47396410624999996 0.5665868953125
1 0.41801366875 0.40760651406250004 0.5363752109375 0.2793799265625 0.47328719062499996 0.1910125109375 0.3673431734375 0.3252748109375 0.41801366875 0.40760651406250004
1 0.30052922187500003 0.5318743640625 0.3944461140625 0.4286344171875 0.343914903125 0.3539233125 0.2647149109375 0.45196448125 0.30052922187500003 0.5318743640625
4 0.1545091265625 0.32565516250000004 0.1487289125 0.3427042234375 0.1532359359375 0.366749875 0.150123828125 0.37801094062499996 0.14384796718749998 0.38914519375 0.15032656718749998 0.3965120640625 0.161619825 0.4011006734375 0.1589333234375 0.39407595 0.1543452453125 0.387117625 0.160036978125 0.37386820468750004 0.159616859375 0.35110355000000004 0.153171421875 0.3423118046875 0.164343725 0.329490346875 0.1618084578125 0.31590411406249996 0.160345003125 0.30527181406250004 0.1618647671875 0.2889799671875 0.1655283046875 0.2785959640625 0.1690547734375 0.25806173125 0.166617525 0.254407259375 0.16258589375000002 0.250751496875 0.15903889843750002 0.2534854921875 0.158862021875 0.2610847796875 0.1563284703125 0.2746984828125 0.15370572031250002 0.3057513078125 0.1545091265625 0.32565516250000004