5 0.638344 0.918788 0.03032416996194396 0.015970445337363515
5 0.583434 0.913955 0.025891337946721472 0.022165901336727245
5 0.528524 0.909123 0.027980419961943958 0.01594317333704538
5 0.382384 0.890501 0.029479252965749582 0.014398854670590567
5 0.352569 0.887722 0.018669086958138337 0.01739658533577284
5 0.292221 0.883734 0.02904817144481866 0.022983514003817974
5 0.24675 0.880355 0.025795837452429814 0.019822151336727246
5 0.201964 0.874623 0.031169086958138338 0.01754203600413611
5 0.638309 0.745268 0.02247983646384668 0.015098288669636162
5 0.581899 0.742017 0.023165585969555025 0.012763629336408932
5 0.529428 0.739501 0.02329291996194378 0.015888629336408933
5 0.249726 0.723215 0.020231586958138335 0.017414766669318026
5 0.204318 0.721398 0.01776050296574949 0.014262494668999893
5 0.16194 0.717202 0.023133752471457925 0.011982379336408933
5 0.70266 0.713255 0.023197419467652303 0.013544879336408933
5 0.627437 0.708659 0.017696835969555024 0.012699994668999893
5 0.556934 0.704789 0.02538200197716627 0.009665901336727067
5 0.12457 0.682464 0.016070668973360736 0.011119313335454527
3 0.7577715359375 0.7271468953125 0.7583354546875001 0.7174493187500001 0.720578934375 0.71394083125 0.714041034375 0.7236777437499999 0.707276759375 0.7521707156249999 0.6780106828125 0.7633086765625 0.67458225625 0.776419125 0.6974030124999999 0.7772901484375 0.728168365625 0.7786370125000001 0.7326795953125 0.767787096875 0.701844740625 0.76473619375 0.7359922984375 0.7518365796875 0.736815434375 0.7234127390625 0.7577715359375 0.7271468953125
3 0.44608720625 0.7120202640625 0.4465450296875 0.6989443828125 0.41886600312500005 0.7004030234374999 0.40426758281249997 0.706824028125 0.3438890453125 0.708094878125 0.33293256250000003 0.7309537781250001 0.14935334218750002 0.7234290609375 0.11895830468749999 0.7311704406249999 0.0863050859375 0.7321186984375 0.07868444999999999 0.739595075 0.121378371875 0.741939703125 0.1271112734375 0.736758425 0.151611525 0.7302222031250001 0.3558689765625 0.734664871875 0.359732084375 0.707910528125 0.44608720625 0.7120202640625
3 0.4826423953125 0.685271425 0.47636688437499997 0.5080633484375 0.435800540625 0.5090151484375001 0.4392254453125 0.5171391390625 0.45470170468750004 0.517314003125 0.4625188109375 0.6939744937500001 0.4978150140625 0.6946286390624999 0.49817641874999996 0.7034981609375001 0.4839949640625 0.704728021875 0.482544309375 0.714683484375 0.525434103125 0.7143243265625 0.5153187609375001 0.6848912015625 0.4826423953125 0.685271425
3 0.39504506093749997 0.3292451796875 0.394223490625 0.3206233078125 0.360000578125 0.3231361015625 0.3601873328125 0.3277193796875 0.3532802734375 0.33130626875 0.3637514421875 0.5190478749999999 0.41220409843750005 0.5195630015625 0.41127273437499995 0.508245084375 0.38306251874999997 0.5083036 0.3743765953125 0.32975540937500003 0.39504506093749997 0.3292451796875
3 0.4658172125 0.1966725640625 0.46299663437499994 0.1223100421875 0.4228837421875 0.12389154843750001 0.42138829062500005 0.133349575 0.43825286406249997 0.13180467812500002 0.4510097984375 0.31794457343750004 0.4327572234375 0.32004507968749996 0.43404870000000007 0.32866148281249996 0.47336287656250003 0.3241580421875 0.4658172125 0.1966725640625
3 0.7891211375 0.31868229531250003 0.789002834375 0.3061476890625 0.7449473859375 0.3077809890625 0.7396370875 0.315934746875 0.7512496984375 0.5201499671875001 0.7983363359375 0.5217599203125001 0.7992849171875 0.5104201296875 0.770134696875 0.510489590625 0.7660258437499999 0.3173326453125 0.7891211375 0.31868229531250003
3 0.13925316875 0.5070018890625 0.09938232500000001 0.5073247359375 0.09821793437500001 0.5162129890625 0.113175409375 0.5157019921875 0.12252989375000001 0.6804084359375 0.15423358125 0.6800395296875 0.15198959218750002 0.6898371328125 0.14201566875 0.6901216640625 0.1420446171875 0.6980396 0.18020647031249998 0.6975955468749999 0.178975865625 0.68901769375 0.1722104390625 0.68875946875 0.1705475578125 0.6695727921875 0.13854342656250002 0.6697767203125 0.1328492 0.5156145140625 0.13814687812499998 0.515889815625 0.13925316875 0.5070018890625
3 0.087669446875 0.34007814375 0.1291539640625 0.3388384875 0.12715594375 0.330531834375 0.1184280703125 0.3301573984375 0.10635521875000001 0.1560545734375 0.11422471875 0.15572500625000002 0.11479235937500001 0.14929247031249998 0.074962565625 0.14927993906249998 0.0762087765625 0.159499321875 0.087337584375 0.15770385 0.1010691390625 0.3317873671875 0.08738430781249999 0.33194660468750004 0.086903903125 0.3405201015625 0.087669446875 0.34007814375
0 0.3319766796875 0.1541432171875 0.330339640625 0.1373826875 0.1219875359375 0.1527787109375 0.1204859328125 0.16683801874999998 0.3319766796875 0.1541432171875
0 0.7207555625000001 0.1258196421875 0.720547784375 0.1069086515625 0.477717071875 0.1279336625 0.4778742859375 0.14197366718749999 0.7207555625000001 0.1258196421875
0 0.1772298078125 0.6663927546874999 0.1764397015625 0.7135816265625 0.33416230625 0.7249543234375 0.338723215625 0.7086265765624999 0.35937391406249997 0.7023903375 0.36422757968749997 0.674923878125 0.1772298078125 0.6663927546874999
2 0.367174 0.651502 0.02225700197716627 0.009629538669636162
2 0.703939 0.667906 0.02225700197716627 0.009629538669636162
2 0.637405 0.665554 0.016692751482874614 0.007222154002227121
2 0.717042 0.471567 0.017665002471457924 0.011918744668999892
2 0.638104 0.471704 0.023006418479069167 0.008857379336408932
2 0.294976 0.471788 0.020790002471457923 0.011955107336090797
2 0.361351 0.470234 0.017505834980971892 0.008012494668999892
2 0.284434 0.289793 0.016820085475263546 0.010347154002227122
2 0.352371 0.288221 0.019195668973360825 0.011155676002545346
2 0.632553 0.277926 0.026226918973360824 0.011237492003499838
2 0.71527 0.274619 0.03254058596955502 0.012872717337681649
0 0.7276710140625 0.6895392015625 0.5242557875 0.6811991125 0.524092778125 0.73216646875 0.706578171875 0.7398935375 0.7276710140625 0.6895392015625
1 0.4184188765625 0.6673033562499999 0.410738 0.5337690187499999 0.09116988125 0.5332047265625001 0.094041878125 0.6586576671875 0.4184188765625 0.6673033562499999
1 0.8064990109375 0.54079100625 0.4258547359375 0.5344496796875 0.4337275359375 0.6726928765625 0.8104987921875001 0.6845834375 0.8064990109375 0.54079100625
1 0.79734615 0.33631260625000003 0.419730996875 0.34751548125 0.42678770468750005 0.48405504062500004 0.8075829671875001 0.48476347343750004 0.79734615 0.33631260625000003
1 0.7936688203125 0.12517098124999998 0.407270903125 0.1516611078125 0.4176789890625 0.2971555890625 0.8058979859375001 0.27850497500000004 0.7936688203125 0.12517098124999998
1 0.39330910625 0.1524564890625 0.0644235796875 0.17582282031250002 0.0727809546875 0.3076361671875 0.39704947343749997 0.2952973359375 0.39330910625 0.1524564890625
0 0.720724521875 0.3348764890625 0.718821003125 0.2830160453125 0.47504469218749995 0.2970485328125 0.472311559375 0.3399084484375 0.720724521875 0.3348764890625
0 0.34760029531250003 0.3000632203125 0.131981171875 0.30941567812500004 0.1374915390625 0.353036234375 0.3506913875 0.3449877765625 0.34760029531250003 0.3000632203125
0 0.3576903375 0.5350765281250001 0.3577608296875 0.48897389999999996 0.14897398125 0.4882528234375 0.1499720453125 0.5310693234375 0.3576903375 0.5350765281250001
0 0.7263289484375 0.53292843125 0.7288328796875 0.488427234375 0.48408388750000003 0.48777972031249994 0.4769430078125 0.5324040453125 0.7263289484375 0.53292843125
1 0.4053604578125 0.3474732859375 0.077794040625 0.35610776093749996 0.079400353125 0.48714309062499994 0.41082116874999997 0.4854280734375 0.4053604578125 0.3474732859375
4 0.7427000640625 0.8276231468749999 0.7355887265625001 0.8676493125 0.7388078234375001 0.8828885453125 0.762073909375 0.880009603125 0.7606204171875001 0.8602786 0.7792204796875 0.8544731421874999 0.7968526140625001 0.8408543015625 0.8041881 0.8295908796875 0.8201608984375 0.8230707765625 0.8343225671875001 0.8199251828125 0.8560088468749999 0.7942163125 0.86588915625 0.7497617062499999 0.8629247140625 0.7248318593749999 0.8592536875000001 0.7144417125 0.8664493140625 0.683804615625 0.8521780921875 0.6683213859375 0.8445925000000001 0.6734467171875 0.8559632578124999 0.6815116531250001 0.85013868125 0.697973921875 0.8463528203124999 0.7166480843749999 0.8555060453125 0.7340538609375 0.8491937093749999 0.754486984375 0.847100859375 0.7828290984375 0.8406118593749999 0.798926496875 0.8261044859375 0.8095281578125 0.7979353375 0.819603371875 0.7849236984375 0.835031465625 0.7631988296875 0.8438541046875001 0.753069153125 0.850306215625 0.7427000640625 0.8276231468749999
4 0.844915921875 0.5840588390625 0.8590846359375 0.5508852453124999 0.8588688984375 0.5296494390625 0.8510596578125 0.5133458156249999 0.8480952125 0.48841596875000004 0.8561558265625001 0.4790071203125 0.8500400078125001 0.42455879999999996 0.838517496875 0.412769609375 0.8316946406250001 0.42067364375 0.8394887078125001 0.4366048453125 0.8406173906250001 0.4802459484375 0.8431787109375 0.5271640046875 0.8518344375 0.5483016046875 0.8366203984375 0.5734429859375 0.8360351734375 0.5909620796875 0.844915921875 0.5840588390625
4 0.8374287890625001 0.3827820234375 0.8540617390625 0.3638515390625 0.849920284375 0.341916209375 0.84872144375 0.3124945828125 0.8553740484375 0.284472021875 0.8539660828125 0.2658582953125 0.83915188125 0.25298960312499996 0.83546891875 0.25824888437500004 0.843608734375 0.2667240171875 0.84697958125 0.2856875046875 0.8384096218750001 0.3144775875 0.8456639906250001 0.349045165625 0.8399000703124999 0.36699713125 0.830028371875 0.37978048124999997 0.8374287890625001 0.3827820234375
2 0.857258 0.172138 0.012164418973360824 0.011073860001590852
2 0.826208 0.273328 0.012786501482874968 0.007176700668363534
2 0.86072 0.372192 0.015193918479069169 0.008766472668681757
2 0.831982 0.472574 0.01750583498097207 0.008012494668999892
2 0.867096 0.624582 0.016070668973360826 0.01111931333545435
2 0.8386 0.673374 0.01366325197716627 0.009529541335136216
2 0.802227 0.758993 0.010570085475263547 0.010274428668045487
4 0.43822752343750004 0.7998400796875 0.41285573124999997 0.80251324375 0.406334153125 0.8179732281250001 0.412154790625 0.8291871671875001 0.40465606249999997 0.842607296875 0.3623310203125 0.8569454875 0.28525862812499997 0.8522014718750001 0.192703959375 0.8404583515624999 0.164127596875 0.8192531515624999 0.1412256765625 0.8056739453124999 0.1086204703125 0.7952844734375 0.06716345312500001 0.787049228125 0.0389884890625 0.7976331390625 0.053681701562499996 0.8072054140624999 0.0876354125 0.8068103265625 0.1155643328125 0.8121261796875 0.1391508875 0.8205693843749999 0.1593931109375 0.834692321875 0.164173946875 0.8423287500000001 0.19152253749999998 0.8553433968749999 0.2455515109375 0.8649707781249999 0.3277762140625 0.8645268078124999 0.40021396875 0.865222321875 0.442497240625 0.8498590328125 0.44155740625 0.8267938296875 0.43822752343750004 0.7998400796875
3 0.7854525109375 0.10406907812499999 0.784560284375 0.09256615781250001 0.6738656375 0.1028224796875 0.6718420015625 0.107970746875 0.627338328125 0.1120118421875 0.6305796765625 0.09563906093749999 0.6054916687499999 0.0965715875 0.6096751046875 0.1170218 0.6803437921875 0.11107477343750001 0.680732315625 0.106906415625 0.7536072671875 0.10029311875 0.7550495625 0.1082837171875 0.7854525109375 0.10406907812499999