3 0.9001948328125 0.20631475 0.89238399375 0.21659286249999998 0.8988930265624999 0.2261445765625 0.8242561187499999 0.41718369843750003 0.8190488921875 0.41644190312499996 0.81731315 0.42389699375 0.835972378125 0.4258499484375 0.8581030890625 0.429490759375 0.8615745718750001 0.419462353125 0.8442171515625001 0.420461184375 0.9223255437500001 0.22622814062500002 0.9184201234374999 0.22062729375 0.9440223187499999 0.22237598749999998 0.9492295453124999 0.20977426718749997 0.9240612859375 0.21063675937499998 0.9001948328125 0.20631475
3 0.467445153125 0.20784311562500002 0.44667056718750003 0.209459025 0.465136865625 0.42445207187499995 0.48129487656250003 0.4249814265625 0.48162463125 0.428944246875 0.502728971875 0.42906530781249996 0.5023992171875 0.42262932343750004 0.4855816953125 0.4220884546875 0.4687641734375 0.228640725 0.46843441874999997 0.223441321875 0.49250655625000006 0.2253454015625 0.49184704687499997 0.211484165625 0.467445153125 0.2122948125 0.467445153125 0.20784311562500002
3 0.5370235265625001 0.54862315625 0.5366937703125 0.5592520078125001 0.5521922703125 0.5575440031250001 0.5676907703125 0.555341365625 0.5746156328125 0.419685484375 0.5370235265625001 0.4197712625 0.538672303125 0.42771416875 0.5571386 0.4267999171875 0.55746835625 0.43150468750000004 0.554170803125 0.549911728125 0.5475756953124999 0.555237571875 0.5479054515625 0.5488131 0.5370235265625001 0.54862315625
3 0.709485559375 0.653033253125 0.7302601453124999 0.6543851390625 0.747737178125 0.6512277734375 0.783350753125 0.56182620625 0.796540965625 0.5610671765624999 0.79983851875 0.5554364546875 0.7817019765625 0.5553671984374999 0.7826912421875 0.55019081875 0.7681820078125 0.551668775 0.7665332312500001 0.55534974375 0.7685117625 0.5615671921875001 0.7388337828125 0.6458787171875 0.71080458125 0.6468733640625 0.709485559375 0.653033253125
3 0.4928363125 0.5577445234375 0.5076753015625 0.5575089046875 0.506026525 0.5530284296875 0.47931634375 0.5530568359375 0.48690071718750005 0.643212425 0.46348808906250005 0.6437930203125 0.46381784374999996 0.650476321875 0.4901982703125 0.6511841109375001 0.4997611734375 0.6471466515625 0.49250655625000006 0.5629324140625 0.4928363125 0.5577445234375
3 0.5136108968750001 0.6463991328125 0.5169084515625 0.6556074015625 0.5713180796875 0.6575463921875 0.57296685625 0.6879951 0.7081665390625 0.6901077015625 0.7104748265625 0.7141376937499999 0.7256435703124999 0.714402465625 0.7253138156250001 0.7193430390625 0.740482559375 0.7193604953125 0.7394932937500001 0.7109344656250001 0.7203674859375 0.7088694078125 0.7170699328125 0.6811124015625001 0.5828595156249999 0.6812429156250001 0.580551228125 0.6740304453125 0.580551228125 0.650040746875 0.5136108968750001 0.6463991328125
3 0.3417597375 0.6462371359375 0.3189407421875 0.645838828125 0.31937956875 0.6553909703125 0.330789065625 0.6549318859375 0.332105546875 0.7086014453125 0.3132359921875 0.7076138359375 0.31367481875 0.715520378125 0.3303502390625 0.7181152890625 0.330789065625 0.7138443890625 0.342637390625 0.71372208125 0.34483152499999997 0.70355765625 0.34483152499999997 0.6936840515625 0.3408820828125 0.6890074328125 0.3417597375 0.6462371359375
3 0.22557425156250002 0.416846165625 0.186295459375 0.4150202 0.1873091046875 0.4281519421875 0.20732861875 0.42736103124999997 0.206314971875 0.43437550937499997 0.260798459375 0.5548734296875 0.2476210578125 0.5552135921875 0.2486347046875 0.559602634375 0.2635859859375 0.5598636109374999 0.2635859859375 0.556822671875 0.276003153125 0.556659296875 0.22608107500000002 0.4324398234375 0.22608107500000002 0.42521759374999996 0.22557425156250002 0.416846165625
3 0.539397040625 0.20295111718749997 0.5456125640625 0.20428635625 0.5443040328125 0.211624003125 0.5384156421874999 0.21372936718750002 0.5384156421874999 0.2272235953125 0.569820390625 0.22679036875 0.569820390625 0.21133334375 0.563932 0.209758465625 0.5636048671875 0.1982213234375 0.563932 0.18546885625 0.5691661234375001 0.17721833125 0.568511859375 0.17033712343750002 0.565894796875 0.1663658484375 0.5642591328125001 0.1528430703125 0.55051955625 0.1491683515625 0.54790249375 0.1670331890625 0.545939696875 0.17288731875000002 0.54266836875 0.1880418921875 0.539397040625 0.20295111718749997
3 0.095150721875 0.207954946875 0.08926233125000001 0.21300450468749998 0.092533659375 0.22631048437499998 0.1262283359375 0.22616257812499999 0.1223027421875 0.21137308125 0.11674148437500001 0.211276009375 0.116414353125 0.205872609375 0.21062859375 0.207517125 0.21586271875000002 0.21374222656250003 0.2570814484375 0.21446170156250002 0.281289275 0.21463890000000002 0.275073753125 0.195638490625 0.25315585625 0.19525591250000002 0.252501590625 0.20162358125000002 0.21586271875000002 0.20024799999999998 0.21357278906250002 0.1967731328125 0.095150721875 0.1959328171875 0.0961321203125 0.2038011328125 0.095150721875 0.207954946875
3 0.589078225 0.7087409390625 0.5644132468749999 0.7100031062500001 0.5636072015625 0.718815228125 0.5776323859375 0.7179718796875 0.5781160125 0.7245092859375 0.572473696875 0.7261034937499999 0.5616726937500001 0.7265194953125 0.5576424671875 0.72838365625 0.5590933484375 0.745456834375 0.5694107265625 0.746604178125 0.570700396875 0.7357450812499999 0.5719900703125 0.7322612953125 0.5813401921875 0.7312154359374999 0.58940064375 0.7296634359375 0.5911739421875 0.72618809375 0.5897230609374999 0.7184247359375 0.5914963609375 0.7115640046875 0.589078225 0.7087409390625
3 0.5379749687500001 0.718246909375 0.538136178125 0.7085771828125 0.5131487796875 0.7085037468750001 0.5118591078125 0.7221436999999999 0.5133099890625 0.7282143624999999 0.518146259375 0.7296287546875 0.5271739640625001 0.7307535875 0.5339447421875 0.7322017468750001 0.538942221875 0.736641621875 0.537813759375 0.7454481171875 0.5465190453125001 0.74560006875 0.5465190453125001 0.73665296875 0.5482923453125 0.7335403453125 0.5466802546875 0.728434121875 0.5394258484375001 0.726131175 0.52814121875 0.725087853125 0.5249170390625 0.7217670921875 0.5257230828125 0.71742851875 0.5379749687500001 0.718246909375
6 0.51587 0.75901 0.01015625 0.014239778003177151
4 0.62867239375 0.7612839218749999 0.6082955531249999 0.760158615625 0.6075625734375001 0.76630285 0.6254472828125001 0.7655155609375 0.6512481734375 0.7658559703125001 0.6651747921875 0.7620310203125 0.6859914203125 0.7567870812499999 0.705488684375 0.755917990625 0.7292372328125001 0.756772309375 0.7384727796874999 0.757263359375 0.7484413062499999 0.75347926875 0.7587030234375 0.7464018859375 0.7638338828125 0.7384653171875 0.7638338828125 0.7326381265624999 0.7588496203124999 0.7355196937499999 0.7528391859375 0.742121546875 0.7484413062499999 0.7471023437500001 0.7349544765625 0.751044915625 0.7110593328125 0.75040793125 0.6846720562499999 0.749397603125 0.6726511859375 0.752596134375 0.6591643578124999 0.7589575390625 0.62867239375 0.7612839218749999
2 0.601807 0.244885 0.01640625 0.012005122158978577
2 0.699464 0.244246 0.01796875 0.01203239569792891
2 0.792432 0.243525 0.0203125 0.01129205600635439
2 0.912745 0.2425 0.0203125 0.012854556006354389
2 0.35962 0.246127 0.0140625 0.009620461850553052
2 0.263526 0.246012 0.01328125 0.009606825081077908
2 0.168214 0.246692 0.0140625 0.011182961850553053
2 0.051807 0.245441 0.0140625 0.011964211850553052
5 0.467432 0.250352 0.01796875 0.014376145697928866
5 0.533057 0.170248 0.01484375 0.011977848620028242
5 0.538526 0.151593 0.01171875 0.01036080154212753
2 0.441651 0.220215 0.01484375 0.012759098620028242
2 0.441651 0.206934 0.0171875 0.012800008928453722
2 0.322901 0.177517 0.01484375 0.011196598620028243
2 0.295557 0.181727 0.0171875 0.012018758928453721
5 0.26587 0.176522 0.015625 0.012772735389503432
2 0.243214 0.229251 0.01328125 0.013513075081077908
2 0.223682 0.22891 0.01171875 0.01192330154212753
5 0.412745 0.254085 0.015625 0.01589773538950341
6 0.406495 0.149289 0.0140625 0.011182961850553053
6 0.483057 0.150625 0.015625 0.011210235389503387
6 0.467432 0.174571 0.0140625 0.010401711850553053
6 0.182276 0.207094 0.01171875 0.01192330154212753
5 0.719776 0.727413 0.0109375 0.008003414772652383
5 0.657276 0.726322 0.0140625 0.011182961850553142
5 0.611964 0.725531 0.0140625 0.010401711850553141
5 0.567432 0.726317 0.0140625 0.010401711850553141
5 0.41587 0.725234 0.01484375 0.015102848620028198
5 0.369776 0.725992 0.0140625 0.010401711850553141
5 0.324464 0.726763 0.0125 0.011155688311602675
5 0.262745 0.725686 0.01484375 0.011977848620028198
5 0.361964 0.832886 0.01640625 0.010442622158978666
5 0.39087 0.834172 0.01640625 0.011223872158978665
5 0.420557 0.831565 0.01171875 0.011142051542127617
5 0.592432 0.833784 0.0109375 0.011128414772652384
5 0.619776 0.83348 0.01171875 0.010360801542127618
0 0.5689665671874999 0.6405994453125 0.5692589921875 0.6458681875 0.5891438453125 0.6457766421875 0.5906059671875 0.6640055765625 0.7043590234375 0.66357864375 0.7081605390625 0.6421518125000001 0.5689665671874999 0.6405994453125
0 0.3174816609375 0.6397188515625001 0.318358934375 0.6439012109375 0.3452619703125 0.6456867140625 0.3481862140625 0.6641604890624999 0.461646846875 0.66153526875 0.45755290625 0.63909335 0.3174816609375 0.6397188515625001
0 0.74851509375 0.5687266421875 0.7590423687500001 0.545004709375 0.572475659375 0.5432834015625 0.572183234375 0.5667453484375 0.74851509375 0.5687266421875
0 0.474513515625 0.5672336984374999 0.4727589703125 0.5426394328125 0.28940892812499996 0.5425095 0.29701195937499997 0.5680831265624999 0.474513515625 0.5672336984374999
0 0.46135442187500003 0.441334659375 0.4593074515625 0.40467278437500004 0.23501800624999997 0.4058021171875 0.247299828125 0.4413267328125 0.46135442187500003 0.441334659375
0 0.7967651046875 0.4408290453125 0.807877228125 0.4052741375 0.5818332374999999 0.4048376171875 0.5792014187500001 0.43944395781249995 0.7967651046875 0.4408290453125
0 0.602010515625 0.21438295 0.6025953640624999 0.24158861874999998 0.871918153125 0.2403680734375 0.8774742140624999 0.22379686875 0.8745499703125 0.2149730984375 0.8570045125 0.207867975 0.845015115625 0.20327233437499997 0.8447226921875 0.196249046875 0.61633930625 0.1981841921875 0.6183862765625 0.2074312875 0.602010515625 0.21438295
0 0.15811041406249998 0.2241801046875 0.1639588984375 0.24292423749999997 0.4288953234375 0.24338167500000002 0.4280180515625 0.22472431249999997 0.4288953234375 0.2137737140625 0.4131044109375 0.21042762656249997 0.41164228906250006 0.198120284375 0.28297559375 0.199602809375 0.2806361984375 0.216888115625 0.17711799374999998 0.211791425 0.15811041406249998 0.2241801046875
1 0.2769526234375 0.63792985625 0.486362965625 0.6376586828125 0.477055840625 0.567692778125 0.23972411875000002 0.5722755687500001 0.2769526234375 0.63792985625
1 0.530571815625 0.6379940796875 0.7353285953124999 0.6393867640625001 0.753942846875 0.573398403125 0.5276633390625001 0.5698849515625 0.530571815625 0.6379940796875
1 0.5712904937500001 0.541416271875 0.80978560625 0.53947141875 0.845269025 0.44716494375 0.577107446875 0.44204789531250005 0.5712904937500001 0.541416271875
1 0.267063803125 0.540468690625 0.5451142015625 0.537469190625 0.5456958968750001 0.4462985921875 0.2356522515625 0.44524947499999995 0.267063803125 0.540468690625
1 0.1606135453125 0.398567428125 0.45378802343749997 0.3962681921875 0.4462957875 0.253912890625 0.09786024531250001 0.254374996875 0.1606135453125 0.398567428125
1 0.488689746875 0.39687740312500003 0.8266547718749999 0.39666880312499997 0.8755171859375 0.2587873484375 0.47647414374999997 0.2566210125 0.488689746875 0.39687740312500003
4 0.29270899375 0.7191212828125 0.2954761734375 0.7353575828125 0.298243353125 0.7495184984375001 0.30543801875 0.75504008125 0.31816704218749997 0.7556773437500001 0.31816704218749997 0.739904421875 0.30267083906250003 0.74170931875 0.30543801875 0.7222490078125 0.2976899171875 0.7179629953125 0.29713648125000003 0.691803490625 0.2893883796875 0.6912531703125 0.2871746359375 0.7094779124999999 0.29270899375 0.7191212828125
0 0.6054002453125 0.7150325609375 0.6983774656249999 0.7199760984375 0.6989309015625 0.693835915625 0.5998658859375 0.6966725765625 0.6054002453125 0.7150325609375
0 0.3497128859375 0.71555044375 0.450438209375 0.7173086109375 0.45707943906250004 0.682143 0.350266321875 0.679448415625 0.3497128859375 0.71555044375