2 0.157457 0.595179 0.02265625 0.01875
2 0.180113 0.530335 0.01171875 0.0125
2 0.150425 0.454554 0.01171875 0.01484375
2 0.132457 0.41471 0.0109375 0.01171875
2 0.164488 0.492835 0.01171875 0.0140625
2 0.231675 0.65221 0.01015625 0.0140625
2 0.254332 0.706116 0.0109375 0.0109375
2 0.215269 0.702991 0.01796875 0.02265625
2 0.17855 0.705335 0.0171875 0.01875
5 0.334019 0.80846 0.015625 0.021875
5 0.14105 0.670179 0.0125 0.0109375
5 0.119175 0.60221 0.00546875 0.0078125
5 0.215269 0.610022 0.0078125 0.015625
6 0.20355 0.651429 0.00625 0.0078125
6 0.200425 0.667835 0.009375 0.01796875
6 0.218394 0.759241 0.00859375 0.009375
5 0.192613 0.741272 0.01328125 0.01328125
5 0.258238 0.728772 0.01171875 0.01484375
2 0.31605 0.859241 0.0125 0.0125
0 0.15338506406250002 0.5534806859375 0.1683776671875 0.5471404093750001 0.1211919515625 0.44248136406249994 0.1072173484375 0.45457241562500006 0.15314709531249998 0.569965390625 0.15338506406250002 0.5534806859375
3 0.153476090625 0.6261319453125 0.150347553125 0.6124137015625 0.1585599609375 0.6075515421875 0.1539975109375 0.5955697859375 0.1593420921875 0.59435424375 0.1658598859375 0.596438028125 0.170813396875 0.5927914046875 0.1678152203125 0.5825461359374999 0.161688496875 0.5688278906249999 0.15086897500000002 0.574211 0.153476090625 0.583240728125 0.1499564828125 0.587755596875 0.152824309375 0.59782721875 0.14422083125000001 0.6033839765625 0.14422083125000001 0.6073778953125 0.1480011484375 0.61883870625 0.14695830625 0.6243954578124999 0.1525359234375 0.6357185734375 0.1533457296875 0.634814375 0.155431425 0.6341197828125 0.153476090625 0.6261319453125
3 0.38457781562500004 0.5188286875 0.38574807031249997 0.5301308328125 0.3926233390625 0.5277924578125 0.39335474375 0.5211670625 0.38940512968749996 0.5125808859375 0.3879423015625 0.5082938640625 0.38209101093750003 0.4983557703125 0.3741917625 0.503617115625 0.37521574062499996 0.51004764375 0.18200851875 0.6102080484375 0.1771812046875 0.603777515625 0.16554225 0.6087225171874999 0.179221290625 0.641593384375 0.188290790625 0.6359423093750001 0.1875593765625 0.6230812453125 0.38457781562500004 0.5188286875
3 0.2802473703125 0.371304028125 0.280832496875 0.382216446875 0.2890243171875 0.37968320625 0.2843432796875 0.370719434375 0.28288045156249997 0.363704309375 0.2798085390625 0.3600018828125 0.270885315625 0.363119715625 0.1006127875 0.431517190625 0.09958880625 0.42859421875 0.08993786875000001 0.43263401406249996 0.10004932343749999 0.456070121875 0.10707086875 0.45158824375 0.1060469015625 0.4422347390625 0.2802473703125 0.371304028125
3 0.3624955203125 0.476695409375 0.363519496875 0.471823796875 0.511709478125 0.4005014171875 0.5143425609375 0.40732168281250003 0.5193161515625 0.41570085468749995 0.5255885515625 0.41355734375 0.5255885515625 0.404398709375 0.5195909828125 0.398747640625 0.5067181453125 0.3909530546875 0.4596152578125 0.41375221562500003 0.356047090625 0.4618837625 0.35648593125 0.4731859140625 0.35020781875 0.47689027343749996 0.361325265625 0.49520754218749996 0.369663353125 0.4918948484375 0.3684930984375 0.48195675 0.3624955203125 0.476695409375
3 0.5041293609374999 0.6698289359375 0.5047144921875 0.664762459375 0.666356359375 0.5570023359375 0.667234059375 0.5616790859374999 0.6720613734375 0.567914753125 0.6787903656250001 0.575514471875 0.685665615625 0.5710325859375 0.6863970390625 0.5607047625 0.676157284375 0.54979234375 0.6717688203125001 0.5536896375 0.65926811875 0.5412183046875 0.4960252265625 0.64936815625 0.4942698359375 0.6649573171875 0.4866631625 0.6682700234375 0.5039244640625 0.693407553125 0.51378399375 0.6918486406250001 0.512321165625 0.679961890625 0.5041293609374999 0.6698289359375
5 0.564488 0.645179 0.00859375 0.015625
2 0.551207 0.694397 0.00859375 0.0125
2 0.533238 0.66471 0.0078125 0.0140625
2 0.735582 0.523304 0.009375 0.01328125
5 0.876207 0.391272 0.00859375 0.01796875
5 0.827769 0.356897 0.00625 0.0140625
5 0.794957 0.332679 0.00625 0.01328125
5 0.763707 0.310022 0.0109375 0.0140625
5 0.838707 0.268616 0.00703125 0.01640625
5 0.814488 0.252991 0.0078125 0.01640625
5 0.791832 0.238929 0.00625 0.01484375
5 0.67855 0.165491 0.00703125 0.0140625
5 0.661363 0.155335 0.00625 0.01484375
5 0.646519 0.144397 0.00703125 0.015625
3 0.6764450625 0.22647791874999998 0.66940976875 0.22574764531249997 0.6612780671875 0.228060171875 0.658171571875 0.2410833421875 0.654151403125 0.24327415624999998 0.655247815625 0.24826434062499997 0.6589938796875 0.250090015625 0.6647500328125 0.25483677656250003 0.6698666078125 0.25678416875 0.6734299375 0.2532545234375 0.67306446875 0.246195240625 0.6673083203125 0.241326765625 0.6663946421875 0.23548459843749997 0.6727903703125 0.2336589125 0.6834803578125 0.23731027343750002 0.6912465953125 0.2370668515625 0.6959977015625001 0.23390234375 0.6981905187499999 0.2303726984375 0.6918861625 0.226843053125 0.6943530859375 0.21905349375 0.690259546875 0.21543069374999999 0.6877746296875 0.2242871046875 0.6885969375000001 0.22781674999999998 0.6832976234375 0.2296424296875 0.6764450625 0.22647791874999998
3 0.7012056515625 0.2502703171875 0.6952667640625 0.25696446875 0.695723596875 0.26146780937499997 0.689145140625 0.25440851875 0.6833889937500001 0.25842501093750003 0.682475315625 0.2658494359375 0.693896246875 0.274977825 0.6998351359375 0.2764383640625 0.70367256875 0.27327385625 0.704951715625 0.260615825 0.7118042703125 0.2552605046875 0.7112560609374999 0.24893148593749997 0.707875465625 0.24369787656250003 0.7105251234375001 0.23834255468749999 0.70586538125 0.2371254390625 0.7088805078125 0.22957930312500002 0.70312008125 0.2241383484375 0.7019365890625 0.23505633593750003 0.697642315625 0.23797742031250002 0.6965459046875 0.2445498609375 0.7012056515625 0.2502703171875
3 0.6816530078125 0.36144729062500003 0.686860953125 0.3666809015625 0.682475315625 0.36801973125 0.670688915625 0.35840449531249996 0.6451973953125 0.3694802734375 0.6059180140625 0.389703975 0.5489571484375 0.41940166718749994 0.5462833171875 0.42532773281249997 0.539796225 0.4177816 0.5333091343749999 0.4215546671875 0.534040078125 0.43080477031250003 0.5461005765625 0.4416371203125 0.5530445 0.43993315937500005 0.5536840734374999 0.42837053125 0.6315043234375 0.38674507812500003 0.6693026093750001 0.3666380625 0.6844696171875 0.376983571875 0.693240890625 0.37235851875 0.69543204375 0.3735702796875 0.6949752109375 0.383063803125 0.70191440625 0.3763213359375 0.6952667640625 0.368200034375 0.695723596875 0.364426965625 0.688779671875 0.35767422656250003 0.6816530078125 0.36144729062500003
3 0.6404820124999999 0.319758396875 0.654278503125 0.3012581984375 0.6541871265625 0.2787024453125 0.5903212796874999 0.232856903125 0.5907781187500001 0.20632371875 0.5966256375000001 0.1996245625 0.5903212796874999 0.19366068281249998 0.5894076046875 0.187575090625 0.5837428250000001 0.18331517656250002 0.5772557328125 0.1861145484375 0.5776212046875 0.19366068281249998 0.5856615421875 0.20096339218749998 0.5834687203125 0.240154609375 0.600188965625 0.2518344140625 0.5985443515625 0.2590154140625 0.6032040921874999 0.2633970421875 0.6063105828124999 0.2570680234375 0.6234876671875 0.26984776718750003 0.6212034796875 0.2760550734375 0.628147409375 0.2816538171875 0.6296092843750001 0.27398596875000003 0.6484309796875001 0.287617696875 0.6463295312499999 0.30076257812499996 0.632167578125 0.31451602031250003 0.6320762078125 0.3279043234375 0.6500755953125 0.3391018125 0.65373029375 0.3476171078125 0.654643971875 0.35212044531250003 0.664968496875 0.356380359375 0.6720951562499999 0.35674549375 0.67282609375 0.3476304171875 0.6634152453125 0.3392322953125 0.6623188390625 0.334485534375 0.6566540562500001 0.33253814375 0.6404820124999999 0.319758396875
3 0.435187371875 0.31006109843749996 0.54137859375 0.26627469375 0.55164323125 0.27426378906250004 0.5639838453125 0.269347425 0.5643298453125001 0.27964107031249996 0.57089410625 0.27749015625 0.571009434375 0.2744174296875 0.5673187937499999 0.2705765140625 0.567088121875 0.2653528734375 0.5608601578125 0.26028286718750004 0.5533635171875 0.2656601453125 0.5435602265624999 0.2589001390625 0.42949597187500005 0.30376199531250003 0.427881315625 0.30837109687500003 0.424305996875 0.30253290625 0.4184145015625 0.30558885 0.41757813749999995 0.3135947328125 0.427381428125 0.32081565156249997 0.43395540156249995 0.3206620109375 0.435187371875 0.31006109843749996
4 0.47125986875 0.7833197843749999 0.4959941171875 0.7735437578125001 0.52371818125 0.7500088890625001 0.5557911828125001 0.7337155125 0.5674787640625001 0.7105427171875001 0.595626759375 0.6884990359375001 0.624981665625 0.6602572 0.6459106390625 0.6483087249999999 0.6638497578125 0.645412134375 0.6872249953125 0.6352740156250001 0.729898325 0.586393909375 0.76953716875 0.557065828125 0.801881965625 0.534979259375 0.8059590359375 0.5219445578124999 0.8464579343749999 0.5150651359375 0.8798575171874999 0.4911681875 0.8850218015625 0.46147803749999994 0.8730623890625001 0.4669091640625 0.8621901921875 0.49623723281250004 0.8100036749999999 0.5150651359375 0.795326203125 0.517599659375 0.7322674890624999 0.566479784375 0.6757320906250001 0.6338257203125 0.65290048125 0.6302049703125 0.63169969375 0.639618928125 0.5876673171875 0.6837920625 0.55809480625 0.70732695 0.52656545 0.7391895484375001 0.4762815609375 0.769216784375 0.439906628125 0.7862343171874999 0.386904690625 0.820269359375 0.353472696875 0.8492353671874999 0.3421525703125 0.856821 0.34269617812500003 0.8629762812499999 0.3742255359375 0.8477691296875 0.4177143046875 0.8119237046875 0.47125986875 0.7833197843749999
3 0.81130870625 0.3564724 0.8064162156249999 0.3785589734375 0.8094060687500001 0.3883349921875 0.802067315625 0.41259401562500003 0.7879334703125 0.42924946249999996 0.7838564015625 0.4451807625 0.796087609375 0.4593016921875 0.8026109421875001 0.460025840625 0.8064162156249999 0.4506118953125 0.8066880109375001 0.4466290703125 0.796087609375 0.4419220859375 0.7977184515625 0.43866342031250005 0.8145703546874999 0.4162147671875 0.8213654828125 0.386886696875 0.8170165828125 0.37240369375000004 0.822180903125 0.35864485 0.8376737593750001 0.3716795453125 0.84470096875 0.359119059375 0.8325094749999999 0.349592971875 0.8268015625 0.3528516484375 0.818647425 0.347782596875 0.81130870625 0.3564724
0 0.2770621921875 0.7883658703124999 0.20507151875 0.6253324375 0.1917154578125 0.638104759375 0.25613321875 0.79633151875 0.2770621921875 0.7883658703124999
0 0.36784500625 0.456110734375 0.30370596562499996 0.3726688421875 0.26809263125 0.3869544171875 0.32788969843750004 0.476024859375 0.36784500625 0.456110734375
0 0.49955093437500003 0.6326736390625001 0.40772047499999997 0.5117533765625 0.3696282140625 0.53491339375 0.45878020468749997 0.6605534125 0.49955093437500003 0.6326736390625001
0 0.520210978125 0.382274628125 0.449813546875 0.3116700140625 0.42100222968749995 0.3265150859375 0.4881380125 0.399654234375 0.520210978125 0.382274628125
0 0.6661507656250001 0.5239232921875 0.56911643125 0.42580096875000006 0.5359562312499999 0.44499094375 0.634621390625 0.546371946875 0.6661507656250001 0.5239232921875
0 0.7933554093749999 0.4223680109375 0.7175218609375 0.367332609375 0.685720690625 0.383263909375 0.7743290734375 0.45531681874999996 0.7933554093749999 0.4223680109375
0 0.6378830375 0.3054177890625 0.5843658046875 0.263473534375 0.55335174375 0.2797104640625 0.62021573125 0.332211334375 0.6378830375 0.3054177890625
5 0.6723 0.242054 0.009375 0.01328125
5 0.649644 0.225647 0.00546875 0.01328125
5 0.626207 0.210804 0.009375 0.01328125
4 0.6952338765625 0.1675969046875 0.7235015671875 0.17194180312500001 0.7384508328125 0.173752184375 0.738994459375 0.1636140796875 0.7126293703125001 0.1614416296875 0.6862643171875 0.1614416296875 0.663976296875 0.1614416296875 0.6482116453125 0.1516656046875 0.63000069375 0.1603554078125 0.6128769968750001 0.15347597968749999 0.602299340625 0.16224868750000002 0.617497690625 0.1694072859375 0.6547349421875001 0.1636140796875 0.6764793359375 0.1712176546875 0.6952338765625 0.1675969046875
1 0.2156213953125 0.6103669359375 0.317913896875 0.836340165625 0.48840143906250005 0.7171080578125 0.363945565625 0.5376921078125 0.2156213953125 0.6103669359375
1 0.1275835421875 0.43635488593750005 0.19516289375 0.584249425 0.3400772671875 0.5047613546874999 0.25909567187500004 0.39234249062500004 0.1275835421875 0.43635488593750005
1 0.398043028125 0.31058331875 0.2963136796875 0.35011503906249997 0.37332238125 0.45479741406249996 0.4824343640625 0.39802019375 0.398043028125 0.31058331875
1 0.4014528265625 0.4752371828125 0.515679478125 0.6342133640625 0.6299061296875 0.553589753125 0.51312214375 0.4309509859375 0.4014528265625 0.4752371828125
1 0.5770549796875 0.4230021625 0.710035203125 0.5513186328125 0.796131465625 0.48432154687500006 0.6648560546875 0.3764448640625 0.5770549796875 0.4230021625
1 0.4563419984375 0.3080990796875 0.5566796375 0.40410520781250003 0.6422563453125 0.35401522343749997 0.5372304015625 0.2736985234375 0.4563419984375 0.3080990796875