0 0.69501275 0.091005390625 0.7065796671875 0.36737868281249997 0.84786660625 0.3665943640625 0.82747606875 0.0799150359375 0.69501275 0.091005390625
0 0.7102119625000001 0.43763613125 0.7258956765625 0.7666346953125001 0.8798069859375 0.7670086453125 0.8552581281249999 0.43269213593750006 0.7102119625000001 0.43763613125
0 0.5181186375 0.3917331609375 0.5225166515625 0.7628164578125001 0.668948615625 0.765791809375 0.6573458421875 0.38695847968749997 0.5181186375 0.3917331609375
0 0.5150593406249999 0.049698321875 0.5164970078125 0.376095325 0.65327930625 0.3684060265625 0.6418804125 0.04890268125 0.5150593406249999 0.049698321875
0 0.34229640781250004 0.061845215625000005 0.33275765156250003 0.3814415953125 0.46714616875 0.3769485921875 0.4686639796875 0.0588919 0.34229640781250004 0.061845215625000005
1 0.674559590625 0.441333259375 0.87886539375 0.4369160328125 0.8790620671875 0.38914164375000004 0.8729064843750001 0.40681741718750003 0.685587509375 0.41476736093750005 0.6740145 0.4101050640625 0.674559590625 0.441333259375
1 0.48730103125 0.329304221875 0.483632375 0.3727598359375 0.49528638750000004 0.3753130734375 0.49704753437500004 0.3527661703125 0.6713795296875 0.341444790625 0.674665246875 0.365094646875 0.6811260796874999 0.36490665624999996 0.6791234125 0.33247111406249996 0.6709870640625 0.31896046875 0.48730103125 0.329304221875
1 0.288294446875 0.44859761562499995 0.2889590359375 0.48754642031250006 0.3133010375 0.4830888625 0.31771559531250004 0.44796708281250003 0.4914387234375 0.44291225624999997 0.49301071875 0.40607504375000003 0.48416201875000003 0.40264110000000003 0.4844656234375 0.4200346203125 0.3104957546875 0.42562398906250004 0.3092211296875 0.45677436875 0.2974721515625 0.46080762656249996 0.29684725156249997 0.44236876875000003 0.288294446875 0.44859761562499995
1 0.4837293890625 0.7164926671875 0.4833767765625 0.758110903125 0.4937235078125 0.76128595 0.49273728281249995 0.737770740625 0.688659925 0.7305671765625 0.68879165 0.75460818125 0.698836240625 0.752813115625 0.695512478125 0.71083134375 0.4837293890625 0.7164926671875
1 0.8509291031249999 0.088717925 0.8510009843749999 0.046443084375 0.8412207859375 0.042852654687500005 0.8409025984375 0.0594187375 0.6689886046875 0.06900048125 0.6681295921875 0.054582284375 0.6608205546875 0.053385867187500005 0.6627475484375001 0.09419344843750001 0.6677631703125 0.0915815953125 0.6676525453125 0.08524390937500001 0.8437973765625 0.0744822453125 0.8439633140625 0.083988790625 0.8509291031249999 0.088717925
1 0.48531561874999996 0.1032774375 0.49217208437500004 0.1025344140625 0.49185363750000005 0.06765867343750001 0.48380301562500005 0.0678929234375 0.483762784375 0.0784058625 0.32074460625 0.08353853125 0.3195261265625 0.116277234375 0.31103505 0.116913625 0.3098960125 0.10293108749999999 0.3022519 0.10081757031250001 0.30345309375 0.1439976234375 0.3121610125 0.142965603125 0.3129264703125 0.1355461734375 0.3305387609375 0.131919109375 0.330225809375 0.10117157968749999 0.4849425703125 0.094723153125 0.48531561874999996 0.1032774375
1 0.29237104375 0.32270409375 0.29224748749999996 0.40923674375 0.3015223984375 0.41391498125000004 0.3019007484375 0.3765358484375 0.296718034375 0.3748929828125 0.298201203125 0.312226415625 0.29238338750000004 0.3037262921875 0.270762653125 0.2953870390625 0.27703696875 0.11350502968750001 0.2674871828125 0.0782084421875 0.2691092578125 0.0431846765625 0.25831213124999997 0.0446946171875 0.2583919484375 0.08863721718749999 0.2656665296875 0.0920128859375 0.272405896875 0.11393872499999999 0.26496608906249997 0.2979472640625 0.2695535234375 0.3146986078125 0.29237104375 0.32270409375
1 0.226478778125 0.6572712671875001 0.22495684218749998 0.6903541875 0.2370279390625 0.6924727546875 0.239247025 0.6657768828124999 0.2435653984375 0.6670528499999999 0.2493729234375 0.692113553125 0.277421903125 0.699240075 0.275137609375 0.7222001546875 0.288312175 0.7232184671875 0.2881153125 0.681174728125 0.2830081484375 0.6808561140625 0.279153190625 0.6753616703125 0.2530642953125 0.6728502890625 0.2464359390625 0.6622971515625 0.24590671249999999 0.6473616203125 0.23931099687500001 0.6386764359375 0.22829969375 0.6385296140625 0.22861758906250002 0.65674185 0.226478778125 0.6572712671875001
1 0.8974950515625 0.7242567249999999 0.8989659953125001 0.7462738203125 0.9128222578124999 0.7515431703125001 0.9033832 0.6465606796875 0.8959995921875 0.6385818515625 0.8953178375 0.5995241874999999 0.9069469078125 0.6017069312500001 0.907253128125 0.577747315625 0.8887453578125 0.575764678125 0.89363025625 0.6481050078124999 0.8990607640625001 0.6479469953125 0.9058327890625 0.7246444046875 0.8974950515625 0.7242567249999999
0 0.3200480515625 0.7768276234375 0.465824890625 0.773942884375 0.46944901874999995 0.4454573125 0.3300516203125 0.45350002187499994 0.31950337968750003 0.777854221875 0.3200480515625 0.7768276234375