1 0.36577671875 0.4618992171875 0.4361410265625 0.45229159843750005 0.43169565312499997 0.2211578859375 0.3619721171875 0.256473509375 0.36577671875 0.4618992171875
1 0.7540893468750001 0.39741156875 0.74863035625 0.0561498328125 0.5985723000000001 0.12764400781250002 0.605849453125 0.42808293906249995 0.7540893468750001 0.39741156875
1 0.7573321796875 0.8352645781250001 0.751315021875 0.44775680781249994 0.6062658812499999 0.4531683859375 0.61200431875 0.7919410515624999 0.7573321796875 0.8352645781250001
1 0.5671493296875 0.8243040875000001 0.5629797015625 0.545773796875 0.46097798437500004 0.54216481875 0.4656181015625 0.7883464765625 0.5671493296875 0.8243040875000001
1 0.5584161265625001 0.477124159375 0.5558436671875 0.208417721875 0.4627188484375 0.2429357375 0.461592925 0.4849671765625 0.5584161265625001 0.477124159375
1 0.4378363796875 0.729612925 0.4360270609375 0.471880746875 0.3712050515625 0.48219900156250006 0.37260333437500004 0.710273065625 0.4378363796875 0.729612925
2 0.238025 0.12416 0.01101931323171641 0.014699536831702975
2 0.221219 0.188784 0.009556807181592575 0.03179603157003106
2 0.237017 0.219381 0.011832379488495092 0.020213789462538934
2 0.235237 0.31612 0.01650624394987581 0.01814305524755442
5 0.236663 0.427103 0.013390334308955332 0.01952354472421085
5 0.241028 0.371907 0.01888181020665449 0.02374831314006225
2 0.201352 0.398493 0.02822499394987581 0.018825594710093263
2 0.158911 0.486615 0.017278403590796288 0.016626057878390377
2 0.231972 0.560378 0.013376698770336048 0.01717979472421085
2 0.230173 0.653991 0.01259999394987581 0.017915542093374627
2 0.228393 0.75073 0.013394879488495093 0.020304794724210852
2 0.224392 0.868426 0.017328400565734016 0.025219807878390555
2 0.172368 0.249198 0.01572499394987581 0.01809755261671846
2 0.167845 0.27705 0.01260453912941557 0.018696792093374805
5 0.141423 0.434051 0.014148858411256526 0.01566279735504672
2 0.137835 0.488511 0.01101931323171641 0.014699536831702886
2 0.188553 0.480532 0.013372153590795932 0.016398544724210852
2 0.23891 0.007845 0.012631810206654137 0.02338429209337479
5 0.166722 0.218411 0.013372153590795932 0.01639854472421067
0 0.7957726328125 0.8285013109375001 0.8020334515625 0.8062136296875 0.8062699125 0.7990891 0.8162867828125 0.7967862109375 0.8178808640625 0.8555846062500001 0.8200730171874999 0.9225155734375001 0.8323369734374999 0.9222311421875 0.8299396796874999 0.8905609046875 0.8291689078125 0.856646609375 0.8281979375 0.8016806859375001 0.8284406046875 0.7599698375 0.8261984765625 0.7570913765625 0.8277049968749999 0.66454515625 0.8238613828125001 0.65961068125 0.8251801140625 0.6548053656249999 0.8284356609374999 0.6498872765625 0.829451578125 0.6416607140624999 0.8278626046875001 0.63745461875 0.8246746046875 0.63076246875 0.8230229250000001 0.5264019375 0.8120326453125 0.529621234375 0.8127658906249999 0.5699856640625 0.7985550890625001 0.5721029265625 0.79186881875 0.556587425 0.7628008875 0.557566871875 0.7647958671875 0.606346828125 0.7680891484375 0.7613355890625 0.7670632937499999 0.8267345265625 0.7799428359375 0.8315726140624999 0.7957726328125 0.8285013109375001
0 0.8022316921874999 0.328412478125 0.8036804296875 0.24579436875 0.784099584375 0.22802083906249998 0.7847351015624999 0.17425095 0.7857072921875 0.1180782328125 0.7767088640625001 0.11172451718750001 0.7582431421875 0.11947377343750001 0.76414865625 0.384793309375 0.7783619515625 0.382246021875 0.7889993843750001 0.384205615625 0.796894253125 0.3583838921875 0.80201654375 0.365393215625 0.8022316921874999 0.328412478125
3 0.7993150765625 0.16414073906249999 0.7924812046875 0.17399576562500002 0.7924662734375 0.232028146875 0.8092669828125001 0.228470446875 0.8110160875 0.205155946875 0.8006714140625 0.2083376421875 0.8034364609375 0.17679659375 0.8032962828124999 0.14542474218749998 0.8056183656250001 0.0790905859375 0.8048225734375001 0.0494763875 0.7967500046875 0.050376421875 0.79158520625 0.05067723750000001 0.7877491 0.0444527203125 0.7743696953125 0.0477189078125 0.7759205921875 0.080820284375 0.7885523937500001 0.0727768953125 0.7956640390625 0.070643234375 0.7965999015625 0.0761769453125 0.7944680546875 0.1652827890625 0.7993150765625 0.16414073906249999
3 0.8246952468750001 0.516281790625 0.833033059375 0.5252531515625 0.83953664375 0.5167069703125 0.8383479828124999 0.4991518109375 0.8290092625 0.495826953125 0.8254584328125001 0.4960337640625 0.814182875 0.49282174218749997 0.8064381562499999 0.49284295624999996 0.7976899609375 0.4989407 0.7961185000000001 0.49172453593750004 0.7792609578125 0.4927743984375 0.7791351671875 0.526672890625 0.7949699671875 0.522741596875 0.7949974859375 0.5180114875 0.80694364375 0.516885840625 0.8153364921874999 0.5163970124999999 0.8246952468750001 0.516281790625
3 0.5913949265625 0.7896142328125 0.5850905140625 0.785099046875 0.5846590468749999 0.801990571875 0.5806516 0.8035555499999999 0.5801994921875 0.82399909375 0.5885243953125 0.82484576875 0.5942112984375 0.820963728125 0.5949140546875 0.814708878125 0.5902710359375 0.8109846171875 0.774515028125 0.8703823343750001 0.7754761828125 0.8769841453125 0.7838062765625 0.8769428265625001 0.7918315 0.8720368875 0.7911158046875 0.8805117625 0.7859999203125 0.9007830859375 0.8011906421875 0.8993288500000001 0.8029468812499999 0.8514161015624999 0.7929838046875 0.8457824625000001 0.7826254484375 0.8508242906250001 0.75868419375 0.84245394375 0.6123467671875 0.7963832703125 0.5913949265625 0.7896142328125
3 0.5760479453125 0.47017625625 0.5890337765625 0.4694199171875 0.5926394234375 0.45820542968750005 0.5868053718749999 0.44675473437499996 0.779291340625 0.4253252296875 0.781519746875 0.44799044062500004 0.7956462734375 0.44255654843750003 0.7936132828125 0.39776591875 0.778842884375 0.400984278125 0.5804039671875 0.43140687343749995 0.582078703125 0.44781604062499997 0.5749589015625001 0.45451901250000004 0.5760479453125 0.47017625625
3 0.558819703125 0.5249629765625 0.459382846875 0.5270236640625 0.45045013125000005 0.5219476484375 0.45579063125 0.5186519234375 0.4558449140625 0.5093216328125 0.447151109375 0.511320334375 0.44707294375 0.5247559500000001 0.44901673437499995 0.527627421875 0.4489277109375 0.5429290890625 0.454815515625 0.5418399968750001 0.46238554687500005 0.5413990921875 0.5752659953125 0.5393015828125 0.5845070828125001 0.5395095171875 0.591795715625 0.5383388359375 0.5905153000000001 0.503669559375 0.5779881640625 0.5036999437499999 0.5779403953125 0.5119105953124999 0.579569259375 0.5207697687499999 0.5767589375 0.5224257890625 0.558819703125 0.5249629765625
3 0.447988859375 0.23418539843750003 0.4493379671875 0.21951635937499997 0.43964237968750003 0.22064223749999998 0.44375844999999997 0.2372376390625 0.44749560156249996 0.24655989687500002 0.4487206046875 0.253222625 0.5712421125 0.19221407968749998 0.5813526062500001 0.192186384375 0.587337390625 0.1872256859375 0.5866283171875 0.15428060625 0.578637925 0.1519401484375 0.5735777640624999 0.1527960421875 0.57348631875 0.16851415625 0.5759723109375 0.1756645953125 0.447988859375 0.23418539843750003
3 0.445825271875 0.4676073859375 0.44784416250000003 0.48244653125000003 0.45463354999999994 0.481427896875 0.4555078234375 0.45177510468750004 0.4454479578125 0.4520494234375 0.366302365625 0.46631869843749996 0.362326315625 0.46623866718749996 0.3626890546875 0.44409403437500006 0.353437053125 0.44290040625 0.35443404375 0.4557923953125 0.3509205328125 0.45662023281249997 0.3515536 0.468424103125 0.35646380781250003 0.46876131406250005 0.35733450312500004 0.47992815312500003 0.445825271875 0.4676073859375
3 0.316720671875 0.6880472734375 0.3015002875 0.6908033328125 0.29351915625 0.695630575 0.29250703749999996 0.7087766828125 0.287121575 0.7097135484375 0.2891313984375 0.726111221875 0.2968622140625 0.7241029328125 0.29836589375 0.7068774234374999 0.3263433578125 0.69527678125 0.325702859375 0.5641310374999999 0.33108649375 0.5635058890625 0.34512422656249997 0.562999871875 0.3556538734375 0.562386590625 0.35754574843750003 0.558848828125 0.3577905625 0.5167687453124999 0.3603662984375 0.5163071312499999 0.359651684375 0.49314818125000004 0.35224365625 0.49247552343749995 0.34935235625 0.5069774640625 0.350045309375 0.54869131875 0.3167948453125 0.5546787156249999 0.316720671875 0.6880472734375
3 0.3130043515625 0.3216702109375 0.33099638124999997 0.324984665625 0.34738852656249997 0.3218487578125 0.351816240625 0.324706846875 0.357219821875 0.3206529515625 0.3571218359375 0.29728874843750003 0.349862634375 0.298646359375 0.3483807 0.31213140625 0.3334052046875 0.3130036296875 0.3109600890625 0.3111949140625 0.3062584859375 0.315207946875 0.295266278125 0.3149133703125 0.2951447359375 0.2956013234375 0.28540182187499996 0.2964797921875 0.285681678125 0.3139136109375 0.29013478125000003 0.31240785 0.29005317656249996 0.3264345375 0.29636551875 0.327001684375 0.3000858125 0.33083579531249996 0.3130043515625 0.3216702109375
5 0.714729 0.310465 0.008648292154477665 0.009875528939195188
5 0.714988 0.354996 0.007871587334017516 0.01061127630835923
5 0.71368 0.398655 0.008643746974937905 0.009094278939195278
0 0.740773 0.357279 0.03889939441741408 0.10847962891096027
3 0.4472966625 0.75570879375 0.449337021875 0.7722282609375 0.45738497968749997 0.7730730765625 0.4590557390625 0.768378325 0.457423175 0.738261759375 0.44787269218750003 0.7414451046874999 0.36370246875 0.7176682890625 0.3633659828125 0.690760090625 0.35550154843750004 0.6866207171875 0.3547045484375 0.688241290625 0.3541073515625 0.7002752734375 0.35180958281249997 0.6997523328125 0.351395415625 0.714444446875 0.3559986125 0.714176340625 0.35756233593750003 0.7278775203125 0.4472966625 0.75570879375
0 0.33990164218749996 0.5714297968750001 0.3397348578125 0.684842709375 0.365944184375 0.688094625 0.36501782656250004 0.5480744421875 0.36107095624999996 0.54852324375 0.3594754234375 0.5685383515625 0.3545434265625 0.5688256078125 0.33990164218749996 0.5714297968750001
5 0.769376 0.575278 0.017273858411256348 0.015844807878390377
5 0.766465 0.611814 0.018863629488495272 0.020623313140062292
5 0.767446 0.646235 0.02195681323171659 0.015336573663405772
4 0.24154526875000001 0.639374603125 0.24513424062500003 0.6524814375 0.247718075 0.666534521875 0.251924596875 0.6880387734375 0.25048800937500004 0.7058769125000001 0.2520564234375 0.722652334375 0.2546609484375 0.7331532937499999 0.26095774843749997 0.7390006312499999 0.265921309375 0.7449256234375 0.2732516359375 0.7449425109375001 0.27660284687500003 0.7416403140625001 0.2610326609375 0.7261242984375 0.257133621875 0.7090407546875 0.2588957765625 0.6925152125 0.2586373734375 0.679658259375 0.258024990625 0.6703728453125 0.2530795328125 0.6613397734375 0.24949316875 0.6477889421875 0.2468757046875 0.6395080046875 0.2466121609375 0.627539078125 0.2466793234375 0.6159947531250001 0.24644334531249998 0.5969470109375 0.23848854218749999 0.5920593953125 0.23975464062500002 0.6035260671875 0.240692565625 0.6141241421875 0.24060990312500002 0.6283325328125 0.24154526875000001 0.639374603125
5 0.820185 0.582923 0.008648292154477665 0.009875528939195277
5 0.819572 0.611783 0.013349427693097127 0.01249229472421085
5 0.820752 0.41192 0.009434087334017516 0.010702281570031147
5 0.821365 0.383059 0.008661927693097126 0.0122192789391951
5 0.820402 0.351764 0.009438632513557366 0.011483531570031059
0 0.34241803593750003 0.333211428125 0.3413677296875 0.4427549578125 0.3649263359375 0.43973235156249996 0.3576653734375 0.324549959375 0.34241803593750003 0.333211428125
0 0.460281546875 0.44793261093750003 0.4597114859375 0.2619622890625 0.4345544 0.273478278125 0.43837550312499995 0.45085898437500005 0.460281546875 0.44793261093750003
0 0.4627726015625 0.7296447500000001 0.46012692031249997 0.5454943484375 0.4391749015625 0.54894 0.4417312625 0.725918790625 0.4627726015625 0.7296447500000001
0 0.60084616875 0.423066834375 0.5980050421875001 0.201516746875 0.5603244562499999 0.21317694375000001 0.5620045796875 0.42642942812499995 0.60084616875 0.423066834375
0 0.606246725 0.7725788953125 0.6038764609375 0.5410984359375 0.5658483453125001 0.54661430625 0.569916059375 0.7702936015625 0.606246725 0.7725788953125
0 0.745339 0.605117 0.020857921544777013 0.09493306840173403
6 0.746306 0.502864 0.019603972872636887 0.013637565770898164
3 0.275860959375 0.5747990859375001 0.283308615625 0.574365309375 0.2977828046875 0.570605296875 0.29616963125 0.5467799265625 0.2871886203125 0.5473030109375 0.28757748906249997 0.5557396484375 0.28404385468750004 0.5609043359375 0.28059508593750004 0.5514791390625 0.2797732125 0.5421926328125 0.2707922171875 0.5427157171875 0.2699041453125 0.5448093296875001 0.2617993328125 0.5452813812499999 0.2626212046875 0.5545678859375001 0.2707243125 0.5543876359375 0.2733410078125 0.556277128125 0.275039078125 0.5655125921875 0.275860959375 0.5747990859375001
3 0.28648574375 0.5213463828125 0.2971723359375 0.5201249625 0.297203484375 0.495448453125 0.2777463671875 0.49703094999999997 0.274254228125 0.5176004078124999 0.26884075625000003 0.5206112187499999 0.264126946875 0.5215846875000001 0.2625511609375 0.52896894375 0.27136551249999996 0.5310623171875 0.277771903125 0.531288190625 0.2811454828125 0.5117738890625 0.2866696609375 0.509056134375 0.28648574375 0.5213463828125
5 0.716713 0.248882 0.013331246974937904 0.009367294724210672