1 0.296384590625 0.8963639078125001 0.6897395171875 0.9200585953125 0.62828691875 0.6873907515625 0.3172715046875 0.6649314671875 0.296384590625 0.8963639078125001
1 1 0.91363538125 0.90712139375 0.706623590625 0.6630720203125 0.6907536765625 0.725015390625 0.9142077531250001 1 0.9210120984374999 1 0.91363538125
1 0.564756265625 0.6163050171875 0.822015115625 0.6374869546874999 0.765832240625 0.5128892953124999 0.54484308125 0.488988428125 0.564756265625 0.6163050171875
1 0.286412559375 0.5878584109375 0.5393940125000001 0.61035609375 0.524009746875 0.4878966 0.30469381875 0.462543509375 0.286412559375 0.5878584109375
1 0.35012255625 0.42950629687499997 0.539484428125 0.4425101609375 0.523068021875 0.358494434375 0.35614983125 0.343586965625 0.35012255625 0.42950629687499997
1 0.5944863328125 0.4530922609375 0.7702108421875 0.471541078125 0.73488585625 0.3911541390625 0.576648221875 0.3767015984375 0.5944863328125 0.4530922609375
3 0.340199325 0.4476163890625 0.3398904015625 0.43070604531249995 0.3518055890625 0.331317096875 0.37594227187499996 0.335960878125 0.37685892499999996 0.3211420625 0.34562250625 0.31950503124999996 0.32751280625 0.4347877265625 0.3138544453125 0.43542345468750004 0.3134789015625 0.4448645 0.340199325 0.4476163890625
3 0.57170945 0.47779057031249994 0.5931747625 0.4801817625 0.592892265625 0.46159536875 0.5657973296875001 0.3618303765625 0.58387993125 0.3627780453125 0.5804249125000001 0.3537332625 0.5582113421875 0.35045869218750003 0.555631959375 0.3570768171875 0.5798889843749999 0.45711516249999995 0.5820543109375 0.4694690078125 0.56939236875 0.467539178125 0.57170945 0.47779057031249994
3 0.5639036828124999 0.647480359375 0.535116728125 0.471229928125 0.5446338859375001 0.47172870156249996 0.5426409140625 0.463604703125 0.5194756265625 0.4602802546875 0.5500832015625 0.6404248359375 0.5513346484375 0.659484090625 0.5798516546875 0.660134440625 0.580031146875 0.64705931875 0.5639036828124999 0.647480359375
3 0.7280997453125 1 0.728532578125 0.9528315375 0.7234603953125001 0.93905910625 0.646399459375 0.6560245953125 0.612303309375 0.646640221875 0.613758215625 0.6648659796875 0.6287960828125 0.6610111828125 0.7071568046875 0.9584645875 0.6876844656250001 0.964197390625 0.6909054218749999 1 0.7280997453125 1
3 0.7817851921875001 0.500943409375 0.778721875 0.49094600312500003 0.7606304234375 0.49235871875 0.8446946531249999 0.6651714578125001 0.842852440625 0.6851421156249999 0.8750589546875001 0.6825017671875 0.8739115296875 0.6706373953125 0.8582438453125001 0.6717836593750001 0.8570964218749999 0.6599192890625 0.774195684375 0.4993652359375 0.7817851921875001 0.500943409375
3 0.23009916874999997 0.9756782312500001 0.2510579953125 0.974022315625 0.2559502109375 0.9963132828125 0.279840678125 0.9959914296875001 0.28039713437499997 0.9716251687499999 0.27798981562499997 0.9451362109374999 0.316478790625 0.6241107015625 0.2868955046875 0.615084290625 0.2837193375 0.62947639375 0.2970275234375 0.630173846875 0.2562660421875 0.938882546875 0.25674805625 0.9507120453125 0.2320475765625 0.947450175 0.23009916874999997 0.9756782312500001
3 0.682011459375 0.2997419578125 0.6800881359375001 0.28711747656250003 0.680804571875 0.2701228140625 0.6949443234375 0.2713647953125 0.69439201875 0.257810271875 0.6835386203125 0.254235784375 0.672046615625 0.2626505671875 0.67133816875 0.29367217343749996 0.674509775 0.3023544953125 0.6711411140625 0.337244265625 0.676849715625 0.37361165 0.695307078125 0.377083696875 0.6947383125 0.370040625 0.684994 0.366023315625 0.680582584375 0.34074475625 0.682011459375 0.2997419578125
3 0.48220848437499997 0.3338550421875 0.48427499531249996 0.34999365781249997 0.53791185625 0.3593169625 0.538914671875 0.3493505703125 0.52505730625 0.3481233890625 0.5255567171875 0.33963345624999997 0.49150676249999997 0.3338413953125 0.49052089375 0.30273099375 0.487419128125 0.27501633124999997 0.378954496875 0.25480446875 0.3780424625 0.2116752 0.367774290625 0.20863233124999997 0.364823703125 0.19845875 0.350765775 0.1992248484375 0.351821484375 0.21130291093750003 0.3672135140625 0.2156162046875 0.3720869390625 0.2729796078125 0.48179985312499995 0.2892493109375 0.48166864687500005 0.3067755921875 0.48220848437499997 0.3338550421875
3 0.4901813203125 0.2397221203125 0.496762709375 0.2374883265625 0.4976056 0.2225759921875 0.48734596718749995 0.21997533906250002 0.48673934531249996 0.2122074234375 0.5000916609375 0.21239144687499997 0.49901349531249994 0.17881173125 0.49070470312500003 0.17425035312499998 0.4911130640625 0.1985116140625 0.4861537828125 0.2049563515625 0.476993871875 0.200866109375 0.47540516093749996 0.21883380625 0.47722091874999994 0.234916959375 0.4901813203125 0.2397221203125
3 0.5208338609375 0.24442300156250002 0.538547059375 0.24483556874999998 0.539027821875 0.2139162625 0.5222458671875 0.207879340625 0.516853053125 0.182325371875 0.50956385625 0.18142761875 0.510203875 0.21137418125 0.5182640625 0.2169540140625 0.5290840859375 0.2190682921875 0.53207969375 0.2285086375 0.51841559375 0.22779253124999999 0.5208338609375 0.24442300156250002
6 0.45487 0.240112 0.013868840418179573 0.03424884724103805
0 0.536629 0.223354 0.0864123438782205 0.05442190637700657
0 0.334846 0.277585 0.07843801779449713 0.08830558344622812
0 0.534371 0.317022 0.09618659190105419 0.04557917288534998
0 0.331232 0.347157 0.0857438404181794 0.03801565637700666
4 0.4000901578125 0.1634711890625 0.431677934375 0.16585369218749998 0.4653446265625 0.1690722046875 0.47148650937500003 0.1592152765625 0.46393116093750003 0.1544569703125 0.4470384375 0.15139048593749999 0.42276849843750003 0.1479373796875 0.391418234375 0.1513837875 0.3680273640625 0.14943086562500002 0.3430268015625 0.14812064062500002 0.3322339734375 0.1642773453125 0.3264780453125 0.183606253125 0.325948740625 0.2308372796875 0.323215971875 0.264138725 0.33665179843750004 0.26266169375000004 0.3347814078125 0.216759021875 0.3348233953125 0.18767890468749998 0.3395872984375 0.1741144703125 0.348829809375 0.1600576890625 0.3746500625 0.161410871875 0.4000901578125 0.1634711890625