0 0.6237958765625 0.3246584140625 0.8597316140625001 0.331303396875 0.9595261390625 0.137297809375 0.67736084375 0.11689095468749999 0.6237958765625 0.3246584140625
0 0.2769247203125 0.3427116859375 0.5912466890625 0.3348698015625 0.640382371875 0.1251237046875 0.253729334375 0.12336437812500001 0.2769247203125 0.3427116859375
0 0.2507424828125 0.41802916406249996 0.2699569234375 0.5552190625 0.4785976640625 0.539974396875 0.498609209375 0.40856950156250005 0.2507424828125 0.41802916406249996
0 0.529262546875 0.4033801546875 0.5078861546875 0.5267753749999999 0.723530465625 0.5195075796874999 0.7848192546874999 0.3988867640625 0.529262546875 0.4033801546875
0 0.5543368625 0.5766152359375 0.5360079921875001 0.652889228125 0.6885394453125 0.6449864109375001 0.7318012375 0.56556075625 0.5543368625 0.5766152359375
1 0.241944796875 0.3787715625 0.244978796875 0.3975064453125 0.2774812390625 0.3868159328125 0.2394082578125 0.0682443234375 0.24020908749999997 0.0382356078125 0.23765826250000002 0.0179977109375 0.18966888906249998 0.015276496875 0.189553296875 0.0595331546875 0.2119761703125 0.06840391875 0.2575599859375 0.378680715625 0.241944796875 0.3787715625
1 0.28780282968750004 0.5853973734375 0.30327277812500003 0.6936103046875 0.3353205171875 0.693993871875 0.3332194765625 0.6826057875 0.3120758671875 0.6821587828125 0.30038020312499997 0.583614153125 0.2985347125 0.5659544109375 0.27285470312500004 0.566673828125 0.271335009375 0.580363040625 0.28780282968750004 0.5853973734375
1 0.3140509453125 0.8006550390625 0.3133653234375 0.8174814234375001 0.33472658593750004 0.8104752578125 0.3389345546875 0.75998359375 0.4495071859375 0.748635140625 0.4498180953125 0.68822564375 0.4831320234375 0.6834439015625 0.49702372187500005 0.6803044671875 0.4971544671875 0.6665399296875 0.4428844140625 0.668384971875 0.44029774843749997 0.7318663265625001 0.33089720312500004 0.7355614171875 0.3269887109375 0.799815115625 0.3140509453125 0.8006550390625
1 0.6404831359375 0.7769832703125 0.65421465625 0.7759849187500001 0.6535029796875 0.76175288125 0.6395130796874999 0.7627527359374999 0.6398723515625 0.7475960046875 0.64028411875 0.7374905140625 0.6404785953125 0.7200385828125 0.6402686125 0.699833615625 0.6399613921875 0.6883546171875 0.6431852046875 0.6662927453124999 0.6543890859375 0.6639314062499999 0.655519840625 0.655199428125 0.6354411453125001 0.6534793171875 0.631805565625 0.6856466765625 0.630356628125 0.702187440625 0.6349553984375 0.728796115625 0.6296905796875001 0.7375521453125 0.63175805625 0.7692270953125 0.6404831359375 0.7769832703125
0 0.3189853265625 0.673870484375 0.48502085 0.65988176875 0.500273478125 0.5816565312499999 0.30995183437499996 0.58889214375 0.3189853265625 0.673870484375
1 0.5072373 0.3903789125 0.4784054359375 0.5633036171875 0.5031466250000001 0.561121246875 0.504318340625 0.553470315625 0.4924213953125 0.549972278125 0.5213945953125 0.380614003125 0.539275221875 0.37796193906250003 0.540450990625 0.363176478125 0.5086455937500001 0.362851909375 0.5072373 0.3903789125
1 0.5429077328125 0.5682956609375001 0.5158115750000001 0.6707925578125 0.54235288125 0.6734809015625001 0.5437667515625 0.6649444046874999 0.5280814140625 0.657454975 0.5563135578125 0.566322496875 0.5570859640625 0.5473662890625001 0.527036834375 0.5522790390625001 0.5267664921875 0.5589137125 0.54222765 0.5588237609375 0.5429077328125 0.5682956609375001
1 0.8033554015625001 0.3754125421875 0.72300825625 0.5416005734375 0.736304125 0.5421150781249999 0.739947709375 0.5343997109374999 0.73369308125 0.532660521875 0.8170372234375 0.3664550546875 0.8312114796875001 0.36992374687499996 0.8364524078125 0.3556886328125 0.8039149203125 0.3535104953125 0.8033554015625001 0.3754125421875
1 0.5748022875000001 0.361776565625 0.572116534375 0.3743497984375 0.60325276875 0.3703047734375 0.6868432953125 0.0790614953125 0.6887724046875 0.031717742187499995 0.6515473921875 0.025172521875 0.6474520218750001 0.059005296875 0.6680651546874999 0.0598513421875 0.6665767984375 0.08304328125 0.5930446265625 0.36746625312500003 0.5748022875000001 0.361776565625
1 0.45172934218750005 0.8225923578125001 0.45046218437499996 0.8490658671875 0.45854262500000004 0.844998684375 0.45909944999999996 0.8128340609375 0.450051915625 0.8128866984374999 0.4450855640625 0.8099004624999999 0.4466670890625 0.7988357859375 0.4565095453125 0.7977734812499999 0.455736275 0.7843774046875 0.4365076 0.7891794765625 0.437581584375 0.8183194796875 0.45172934218750005 0.8225923578125001
1 0.4686441828125 0.8144536046875 0.46900516875 0.8425927140624999 0.47590005 0.839872484375 0.4779977609375 0.8207644593750001 0.48260611875 0.8140373609375 0.4969067390625 0.809933990625 0.49769034999999995 0.781453209375 0.4781010140625 0.7812321609375 0.47837708437500004 0.7929560578125 0.487583134375 0.7982627296875 0.48753950625 0.8039582281250001 0.48470948593749996 0.8086648953125 0.47501455625 0.8107313843749999 0.4686441828125 0.8144536046875