2 0.321012 0.197277 0.013340337334017604 0.010388075081077908
2 0.37971 0.214223 0.014884656615858204 0.007290348620028242
2 0.26126 0.267858 0.013335792154477843 0.009606825081077908
2 0.419459 0.197121 0.019576701795398145 0.008153419236879244
2 0.456868 0.180842 0.014107951795398144 0.008057961850553052
2 0.49817 0.16215 0.012545451795397965 0.008030688311602762
2 0.20804 0.252379 0.02898806323171641 0.014567060470581294
2 0.207041 0.214893 0.025090903590796288 0.016061376623205437
5 0.241983 0.17756 0.014911927693097127 0.011977848620028242
2 0.314689 0.184886 0.014117042154477667 0.009620461850553052
5 0.30179 0.250743 0.013353972872636889 0.012731825081077907
2 0.206696 0.289906 0.012545451795398144 0.008030688311602674
5 0.184843 0.294195 0.013353972872636889 0.012731825081077907
6 0.15571 0.255637 0.008639201795398321 0.00796250446422686
6 0.160525 0.27743 0.007862496974937728 0.008730117694751715
5 0.172743 0.228774 0.018027837334017603 0.01046989569792891
6 0.304429 0.167094 0.011764201795397966 0.00801705154212753
6 0.312168 0.154458 0.013313066256778684 0.005700575081077908
5 0.103253 0.371408 0.01570681323171641 0.014335235389503431
2 0.05472 0.355847 0.014911927693097127 0.011977848620028198
6 0.243878 0.234564 0.021934087334017603 0.010538079545304769
6 0.263441 0.239692 0.009411361436318443 0.006413641233702005
5 0.270223 0.599767 0.017251132513557366 0.01123750892845372
2 0.220914 0.585001 0.011773292154477843 0.009579551542127617
5 0.250506 0.568076 0.016474427693097128 0.012005122158978665
2 0.350048 0.756202 0.010219882513557366 0.01111477800317715
5 0.378909 0.747885 0.01648806323171641 0.014348872158978666
5 0.478137 0.882104 0.010206246974937905 0.00877102800317715
5 0.506289 0.886301 0.014911927693097127 0.011977848620028198
5 0.560813 0.857221 0.013335792154477666 0.009606825081077996
5 0.582502 0.824808 0.012545451795398056 0.008030688311602674
5 0.604985 0.794725 0.015684087334017514 0.010428985389503431
5 0.671627 0.699802 0.011768746974937905 0.008798301542127619
5 0.68946 0.676051 0.013313066256778684 0.005700575081077908
5 0.704167 0.652354 0.013322156615858205 0.007263075081077907
5 0.773031 0.670686 0.014107951795398055 0.00805796185055314
5 0.761417 0.688859 0.018795451795398054 0.008139782467404188
5 0.751356 0.705443 0.014893746974937904 0.008852848620028197
6 0.69452 0.740032 0.021934087334017516 0.010538079545304769
5 0.679354 0.819211 0.013326701795398143 0.008044325081077908
5 0.662307 0.843729 0.017242042154477666 0.00967500892845372
5 0.649939 0.866604 0.014911927693097127 0.011977848620028198
2 0.592064 0.991064 0.008661927693097126 0.011868754464227037
5 0.524372 0.905518 0.014902837334017604 0.010415348620028197
2 0.548731 0.929314 0.014911927693097127 0.011977848620028198
5 0.489534 0.960819 0.012549996974937727 0.00881193831160303
4 0.4604020203125 0.8900976390625001 0.49477063125000004 0.8803468375 0.50741914375 0.8557632265624999 0.517522159375 0.8261742999999999 0.5187029046875 0.8128774578125 0.5334730921874999 0.802937903125 0.555738221875 0.7691516015625 0.5850005734375 0.73383380625 0.614558525 0.7109336374999999 0.633806090625 0.6900480734375 0.63983315625 0.6656244859375 0.6514120140624999 0.6352345109375 0.6798634953125 0.6128559640625 0.7030908609375001 0.5852484687499999 0.7171415640625 0.5725403203125 0.7278438203125 0.5663882296875 0.7571334265624999 0.526385640625 0.7812838921874999 0.48463970781250004 0.8065921390625 0.43354346406250005 0.839575496875 0.3908595625 0.8592100593750001 0.36667349531250004 0.8592661734375 0.3570283234375 0.8522576796875001 0.36048884375 0.7922121453125001 0.439641621875 0.7627881328125 0.5027381421875 0.7456959125 0.532480675 0.7131091609375 0.5702208796875 0.7005632078125 0.5771676 0.643228671875 0.6328868328125 0.6294030859374999 0.6701276984375 0.6256115234374999 0.689629428125 0.5716449109374999 0.7354414703125001 0.5560846703125 0.7547377734375 0.5286258875 0.7961503453125001 0.5123477421875 0.8124024734375 0.49177483437499997 0.871430978125 0.46156785625 0.87944745 0.4604020203125 0.8900976390625001
4 0.1688495890625 0.7397049203125 0.1676446390625 0.7149334453125 0.16297904531250001 0.695008496875 0.165289878125 0.677134546875 0.1642587015625 0.66471435 0.163571259375 0.6564342171875001 0.162520865625 0.6473209375 0.164807653125 0.633580640625 0.1667266796875 0.619833921875 0.1594353765625 0.6086824734375 0.1672098734375 0.599998828125 0.15140211875 0.5986204890625 0.14766506875000002 0.6087526171875 0.1571341359375 0.6249029609375001 0.1547736015625 0.6513197703125 0.16016511718749998 0.672911021875 0.15450585781249998 0.697341028125 0.15733098437499998 0.7175094640624999 0.1609125171875 0.73410824375 0.1688495890625 0.7397049203125
3 0.22154791562499998 0.6916820125 0.210843834375 0.6950327546875 0.21529000312500002 0.6995788843749999 0.2235008765625 0.6976741328125 0.2311791171875 0.701904303125 0.23270555937499998 0.6957867281250001 0.2310292015625 0.6849585406250001 0.23034235625 0.6748923734375001 0.23459095468750002 0.6706842 0.242995065625 0.6782784328125 0.2539508390625 0.674373521875 0.2445951578125 0.65950133125 0.2403747234375 0.6588690953125 0.23712315312499999 0.6625361078124999 0.2266848796875 0.6629124703125 0.2231545375 0.6717878984375 0.22234526875 0.6827588875 0.2262826015625 0.6893442078125 0.22154791562499998 0.6916820125
3 0.2306432765625 0.7049241109375 0.2227113421875 0.7078092687499999 0.22313833437500002 0.714445409375 0.23138064374999998 0.7115656671874999 0.23464894687500001 0.709994615625 0.2386701984375 0.7123906640625 0.249501903125 0.717929196875 0.2526312640625 0.713564696875 0.2563800234375 0.7094435921875 0.27051115000000003 0.70806215625 0.2727026609375 0.704844209375 0.2704019734375 0.70015234375 0.2660987796875 0.692867078125 0.26333932656250003 0.6870042765625 0.2568189140625 0.68735563125 0.25215259687499997 0.6891348640625 0.2507302515625 0.6935291625 0.2525714734375 0.6971663765625 0.257831459375 0.700049215625 0.255808 0.7010605328125 0.2506883078125 0.700738578125 0.247245865625 0.7055627859375 0.242780053125 0.6995539078124999 0.23610175625 0.7003676765625 0.2306432765625 0.7049241109375
3 0.180040915625 0.5863187171875001 0.18553872968750001 0.5937299234375 0.1921309171875 0.594438115625 0.1944720234375 0.6002125453125 0.201883334375 0.5961900171875001 0.2282797921875 0.5942782609374999 0.274070671875 0.6601872796875 0.2877885375 0.6606244328125 0.30204780000000003 0.6586985265624999 0.3153081546875 0.6470674437499999 0.334165671875 0.6711216953125 0.341785559375 0.6765928421875 0.3449400046875 0.6786249953125 0.354129353125 0.6724587046875 0.3468077515625 0.6610614874999999 0.33864524218750003 0.6581510859375 0.3255620078125 0.639338059375 0.308413284375 0.639038728125 0.293560775 0.6522237 0.28484529375 0.6536532390625001 0.2366772875 0.5881615906250001 0.19736251875 0.5882661953125 0.19107438593749998 0.5806434874999999 0.18262617187500002 0.581484571875 0.180040915625 0.5863187171875001
3 0.355316025 0.6952476859375001 0.37280914374999996 0.7088894453125001 0.3795579859375 0.7008429921875 0.3698044546875 0.699288778125 0.37460509218750004 0.690475665625 0.363082196875 0.6755806140625 0.4260157953125 0.5614147375 0.4376333703125 0.5600358421875 0.43898357812500005 0.554721275 0.4274534140625 0.541075784375 0.41927246875 0.541328415625 0.41528286875 0.546794628125 0.4234258609375 0.553065746875 0.4176113234375 0.5547436375 0.3538388640625 0.6770326671875 0.3645787265625 0.69046664375 0.35930447499999996 0.689979159375 0.355316025 0.6952476859375001
3 0.34366709218749997 0.8380758265624999 0.35370501718749997 0.8506561859374999 0.3647398765625 0.8441772140625 0.3569147921875 0.8286193187500001 0.368285765625 0.8242704906249999 0.380667221875 0.827649959375 0.41183901718750004 0.8212742421874999 0.429854003125 0.808737609375 0.438063665625 0.8035427671875001 0.44538871875 0.8143469109374999 0.44910645000000005 0.8102599140625 0.45466058593750003 0.807984353125 0.4478517 0.799166303125 0.441564734375 0.7913459140625 0.42941719218749996 0.7931109625 0.4214506421875 0.8018688203125001 0.4066165546875 0.8118907578125001 0.380724728125 0.8177655046875 0.373882490625 0.814680440625 0.3620034 0.815659340625 0.3514388296875 0.8174520265625 0.342688846875 0.82481224375 0.3476497890625 0.8337957453125 0.34366709218749997 0.8380758265624999
3 0.546251090625 0.6863954296875 0.556625528125 0.69680146875 0.568708396875 0.6894940296875001 0.5651438859375 0.681311996875 0.5535358109375 0.6759969031249999 0.6664427609375 0.51587216875 0.6776338296875 0.5238865859375 0.6880712484375 0.5234673062499999 0.6905280796875 0.5150896484375 0.666134190625 0.49992788906249996 0.6600813859375 0.505536171875 0.647223871875 0.5080183500000001 0.5359221359374999 0.66817110625 0.5486939 0.680423396875 0.546251090625 0.6863954296875
3 0.3938707828125 0.525909825 0.40345486093750005 0.5341969265625 0.4123255515625 0.527134153125 0.3971389453125 0.516042653125 0.4714262015625 0.371483428125 0.479024740625 0.3761270875 0.48943941718749995 0.379616946875 0.49471060937500005 0.3703862046875 0.47389350468749997 0.3613015578125 0.4710668703125 0.364259546875 0.46143206093750005 0.3646928359375 0.3855080984375 0.5146367 0.396303096875 0.5217420046875 0.3938707828125 0.525909825
3 0.497401628125 0.3907383109375 0.52020951875 0.40256430625000006 0.52987931875 0.39611695 0.515465603125 0.3901514109375 0.6249683921875 0.1942876578125 0.6365834921875 0.1983999390625 0.6382464390625 0.1885047484375 0.607810240625 0.1771470578125 0.6041390421874999 0.1873079359375 0.609738075 0.1907137390625 0.5066613906249999 0.3857874625 0.501456678125 0.3835914734375 0.497401628125 0.3907383109375
3 0.43443568125 0.107008896875 0.3571843265625 0.2876786421875 0.3783603921875 0.294530753125 0.3832197703125 0.287097221875 0.37078456875 0.28597795625 0.44003296562500005 0.11071541250000001 0.4508402109375 0.11571577968749999 0.4569070125 0.10770187812500001 0.43368730624999996 0.0976730828125 0.42963228437499995 0.10481991093750001 0.43443568125 0.107008896875
3 0.255205978125 0.5650865890625 0.27165288125 0.575816815625 0.2756602796875 0.5675487593749999 0.2696424359375 0.567142984375 0.271713696875 0.55605198125 0.26372783437499997 0.54899571875 0.3085113109375 0.4397682953125 0.320562715625 0.43787351250000006 0.32059770468750004 0.4318594453125 0.30619620937500003 0.42378899062500003 0.299747334375 0.4284881609375 0.3021271640625 0.4333414484375 0.252885628125 0.5500093984375 0.2620753859375 0.5570866750000001 0.255205978125 0.5650865890625
3 0.7415871484375 0.2129606953125 0.7289667375 0.2331557515625 0.7449874421875 0.23884860625 0.7746035140624999 0.2531993125 0.7814467078125 0.24970995468749999 0.8375016578125001 0.27264196093750004 0.821377734375 0.28469060625 0.8501964718749999 0.298125196875 0.859881990625 0.28897150625 0.8723539578124999 0.28377599375 0.863155453125 0.2782022296875 0.7854877609375001 0.2449687453125 0.7770393515625 0.24843008281249998 0.7462088625 0.2358625875 0.7563324625 0.220401134375 0.7415871484375 0.2129606953125
0 0.3626143421875 0.7229739453125 0.418829725 0.7971295796875 0.4539442203125 0.7860103015625 0.38481469218750003 0.6958335875 0.3626143421875 0.7229739453125
0 0.2614279640625 0.5860344140625 0.30398280781250003 0.640578090625 0.330266946875 0.6251143390625 0.279781109375 0.5634515828125 0.2614279640625 0.5860344140625
1 0.3065459015625 0.45898665625 0.26899404531250004 0.5439803265625 0.36213729687499996 0.6534187265625 0.4126132953125 0.5652237234374999 0.3065459015625 0.45898665625
1 0.3708434734375 0.6724663171875 0.48025153437499996 0.8106940171874999 0.55485240625 0.718181228125 0.4213495359375 0.5791007046875001 0.3708434734375 0.6724663171875
0 0.519999221875 0.6744052171875 0.5432290359375 0.6448725421875 0.443290596875 0.54600981875 0.42694585937499996 0.5769961671875 0.519999221875 0.6744052171875
0 0.37480137187499996 0.5225576171874999 0.3942070359375 0.495902003125 0.3284707375 0.4286877109375 0.3106784265625 0.45590500624999997 0.37480137187499996 0.5225576171874999
1 0.3509560109375 0.30205511406249996 0.3089010390625 0.40627136249999996 0.39659106093749996 0.490261365625 0.4626786796875 0.3960584140625 0.3509560109375 0.30205511406249996
1 0.47493068281250006 0.41182922031249997 0.411429375 0.5040480328125 0.550601775 0.640526103125 0.635932459375 0.5223285125 0.47493068281250006 0.41182922031249997
1 0.4350786359375 0.1389191734375 0.386306803125 0.26703541875000003 0.5193486078125 0.3545881109375 0.5950855328125 0.2183496765625 0.4350786359375 0.1389191734375
1 0.6168622984375001 0.22118757968749997 0.5356631234375 0.3707196953125 0.7163871312500001 0.49217030624999997 0.8354706453125 0.33129218125 0.6168622984375001 0.22118757968749997
0 0.6378410531250001 0.20195392656250002 0.6292368453125 0.215898 0.7842787312499999 0.28995648749999997 0.7987718828125 0.2741331953125 0.6378410531250001 0.20195392656250002
0 0.6288935171875 0.5112373640625 0.658914271875 0.469585275 0.5348145109375 0.38131194687500003 0.5098937484375 0.421397978125 0.6288935171875 0.5112373640625
0 0.3895971125 0.27517291718750003 0.36956076718749997 0.31231271562499996 0.44518942812500006 0.3684166796875 0.4750444765625 0.338987490625 0.3895971125 0.27517291718750003