2 0.232985 0.156347 0.01796875 0.009375
2 0.327517 0.154785 0.02109375 0.0125
2 0.297048 0.138379 0.03359375 0.01484375
2 0.36111 0.090722 0.01953125 0.01484375
2 0.390798 0.085254 0.01875 0.0140625
2 0.507204 0.109472 0.01640625 0.01328125
2 0.506423 0.12666 0.01953125 0.0109375
2 0.42361 0.15166 0.01640625 0.0125
2 0.668142 0.147754 0.01953125 0.01484375
2 0.761892 0.144629 0.01875 0.0140625
2 0.857985 0.143066 0.01640625 0.015625
2 0.978298 0.138379 0.02265625 0.015625
6 0.600954 0.054785 0.01484375 0.0109375
6 0.59861 0.074316 0.01640625 0.01328125
6 0.472829 0.055566 0.01953125 0.015625
5 0.41111 0.087597 0.0125 0.01796875
5 0.331423 0.084472 0.01796875 0.0140625
2 0.118142 0.15791 0.0171875 0.01484375
5 0.534548 0.153222 0.01796875 0.0140625
5 0.475954 0.15791 0.01796875 0.01328125
6 0.590017 0.104004 0.0140625 0.0109375
6 0.534548 0.079785 0.0125 0.0125
6 0.546267 0.054785 0.01171875 0.01328125
6 0.244704 0.117285 0.01640625 0.009375
5 0.997048 0.182129 0.0125 0.01640625
0 0.4276147828125 0.2352154015625 0.43034191875000005 0.21967073125 0.4276147828125 0.20903490468750002 0.41016111874999994 0.19921721875 0.4096156921875 0.196762796875 0.28362205 0.1963537265625 0.275986071875 0.21271653750000002 0.2192616609375 0.21271653750000002 0.1843543328125 0.204944203125 0.15871926249999999 0.2123074671875 0.15871926249999999 0.22253422343749998 0.1625372515625 0.239715175 0.4276147828125 0.2352154015625
0 0.8721378046874999 0.22621585624999999 0.8748649390625 0.20821676562500002 0.87104695 0.198399078125 0.8394121828125 0.1857179 0.6174233859375 0.188172321875 0.61960509375 0.1988081484375 0.6037877109374999 0.20248978125 0.601606003125 0.2311247 0.8721378046874999 0.22621585624999999
0 0.23562447187500002 0.4021160703125 0.24380587812500001 0.43770518281250004 0.46034040468750004 0.434432621875 0.45597698906249995 0.3963890859375 0.23562447187500002 0.4021160703125
0 0.581425203125 0.39475280625 0.5792434953125001 0.43156912968750005 0.7995960109375 0.42788749687500005 0.8045048546875 0.39148024375 0.581425203125 0.39475280625
0 0.57215294375 0.53506390625 0.5716075171874999 0.5600171921875 0.7505075796875 0.5575627703125 0.758688984375 0.5322004140625001 0.57215294375 0.53506390625
0 0.2890763203125 0.5371092578125001 0.2950760171875 0.5641078953124999 0.473430653125 0.5591990515624999 0.470158090625 0.5342457656249999 0.2890763203125 0.5371092578125001
0 0.45870412343750006 0.6500126500000001 0.458158696875 0.6307863484375 0.31907480625 0.634058909375 0.3185293796875 0.6418312453125 0.3474370109375 0.6401949640625 0.34798243906250004 0.6586031265625001 0.45870412343750006 0.6500126500000001
0 0.706327990625 0.654103353125 0.7068734171875 0.6299682078125 0.5705166625 0.630377278125 0.5705166625 0.6393768234375 0.5885157546875 0.6369224015625 0.591788315625 0.6577849859375 0.706327990625 0.654103353125
5 0.388454 0.633691 0.01171875 0.00859375
5 0.435329 0.632129 0.01015625 0.009375
5 0.478298 0.631347 0.0125 0.009375
0 0.434548 0.658691 0.09453125 0.0328125
0 0.682204 0.661816 0.10546875 0.0234375
6 0.580642 0.661816 0.0140625 0.015625
3 0.538217346875 0.7300495031249999 0.5364051671875 0.7374276640625 0.5472782453125 0.7370393390625 0.5459838312499999 0.7283020437500001 0.54805489375 0.71956475 0.5327808078125 0.7170406421875 0.5234610265625 0.7133515625 0.5234610265625 0.7094683203125001 0.5384762296875001 0.708691671875 0.5384762296875001 0.7005368640625 0.513105715625 0.700148540625 0.5128468328125 0.717623128125 0.5327808078125 0.72247718125 0.538217346875 0.7300495031249999
3 0.5752375875 0.7162639937499999 0.5690244 0.71684648125 0.557892440625 0.7160698328125 0.55970461875 0.736456853125 0.56798886875 0.736262690625 0.570577696875 0.7248071265625 0.5780852984375 0.721118046875 0.588181728125 0.7201472359375 0.592323853125 0.714904859375 0.5889583765624999 0.6995660531250001 0.5646233921875 0.6991777296875 0.5656589234375 0.709079996875 0.5786030640625001 0.709079996875 0.578861946875 0.71393405 0.5752375875 0.7162639937499999
3 0.57213099375 0.6475306093750001 0.5729076421875 0.6793731953125 0.707008934375 0.6782082218750001 0.7114099421875 0.7034492953125 0.724612965625 0.7034492953125 0.72642514375 0.7069442140625 0.7442880578125 0.7063617265625 0.743511409375 0.6976244328125001 0.7235774328125 0.697041946875 0.7139987703124999 0.6669468203125 0.5842984859375 0.6702475765625 0.580933009375 0.6395699640625 0.5322630421875 0.6380166671875 0.513105715625 0.6362692078125 0.5138823640625 0.6457831515625 0.5276031515625 0.6450065031250001 0.5273442687500001 0.6475306093750001 0.57213099375 0.6475306093750001
3 0.5009382234374999 0.6382108296875 0.49368950468749995 0.5494787484375 0.5076691765625 0.5487021000000001 0.504821465625 0.5397706437500001 0.47763877031249996 0.5407414546875 0.48773520000000004 0.635686721875 0.46495351406249996 0.6339392625 0.4636591 0.6444240171875 0.4916184421875 0.6442298546874999 0.49187732500000003 0.638599153125 0.5009382234374999 0.6382108296875
3 0.56798886875 0.5459838312499999 0.5734254078125 0.40657544218749997 0.5387351125000001 0.40560463125 0.5387351125000001 0.41744851875 0.5571157921875 0.4170601953125 0.5529736671875 0.5405472921875 0.53666405 0.53996480625 0.536146284375 0.550255396875 0.5547858453125001 0.5490904249999999 0.5553036109375 0.54578966875 0.56798886875 0.5459838312499999
3 0.822729546875 0.40948787343750004 0.8361914531249999 0.410264521875 0.8374858671875 0.4137594390625 0.8569020765625 0.4125944671875 0.8576787250000001 0.40424549687500005 0.8452523515625 0.4030805234375 0.919551715625 0.202705234375 0.9438866984375001 0.20445269375000003 0.9441455812499999 0.19066718437500002 0.897805559375 0.1912496703125 0.8931456687500001 0.199598640625 0.896770028125 0.20775345 0.822729546875 0.40948787343750004
3 0.542359471875 0.1972686953125 0.5384762296875001 0.20542350312500002 0.538217346875 0.21649074375000002 0.57005993125 0.21687906875000001 0.568506634375 0.202899396875 0.559963503125 0.20018112656249998 0.5635878609375 0.174940053125 0.566435571875 0.1700860015625 0.566435571875 0.1592129234375 0.5635878609375 0.1502814671875 0.5511614859375 0.147951521875 0.54805489375 0.1607662203125 0.5431361203125 0.17396924375 0.5421005890624999 0.19047302187499998 0.542359471875 0.1972686953125
3 0.48644078593750006 0.4201667890625 0.501714871875 0.41861349218750005 0.4993849265625 0.40618711718749995 0.48126312968749996 0.40890538750000005 0.465212396875 0.2135783125 0.4898062625 0.21513160937500003 0.4921362078125 0.2005694515625 0.44683171718750003 0.2015402625 0.44683171718750003 0.22076230937500002 0.46547127968749996 0.41531273593750007 0.48255754375000004 0.4155068984375 0.48644078593750006 0.4201667890625
3 0.24781204843750002 0.5466442234375 0.2492227421875 0.5540503718750001 0.26191899531249996 0.5554610656250001 0.27696640625 0.551934328125 0.2219493109375 0.424619125 0.2238302359375 0.41721297812499997 0.21724699531249997 0.4115702 0.186211709375 0.4147442625 0.19044379375 0.42497179999999996 0.2054912046875 0.4235611046875 0.2605083015625 0.54770224375 0.24781204843750002 0.5466442234375
3 0.334548740625 0.6922059203125001 0.3320354359375 0.7014213687499999 0.31388379375 0.70309690625 0.31332528125 0.7121029125 0.3295221328125 0.7123123546875 0.3292428765625 0.7077046296875 0.343205678125 0.7070763046875 0.343205678125 0.701840253125 0.3451604703125 0.7001647171875 0.3451604703125 0.68634154375 0.33929609374999997 0.682781028125 0.3415301421875 0.6494797453125 0.3415301421875 0.6425681578125 0.31891040312499996 0.643196484375 0.31891040312499996 0.64885141875 0.3309184125 0.64885141875 0.33035990000000004 0.6884359625 0.334548740625 0.6922059203125001
1 0.4451204546875 0.24636775156250001 0.0968350984375 0.2523865078125 0.1605001640625 0.3936266515625 0.45903046875 0.39121915 0.4451204546875 0.24636775156250001
1 0.8741908921875 0.2431577484375 0.48417549375 0.24997900468749998 0.49006049999999995 0.3872066453125 0.8271108437500001 0.382391640625 0.8741908921875 0.2431577484375
1 0.8533258703125 0.43415294375 0.5772655890625 0.437362946875 0.5756605875 0.5260392875 0.8201558359375 0.5272430375 0.8533258703125 0.43415294375
1 0.5382105484374999 0.4389679484375 0.2364702421875 0.44458545312500003 0.2680352734375 0.5336630437500001 0.53874555 0.5292492906249999 0.5382105484374999 0.4389679484375
1 0.4766854859375 0.563355575 0.2525202578125 0.5681705796875 0.27552528125000003 0.6319693953125001 0.4815004921875 0.6259506390625 0.4766854859375 0.563355575
1 0.7543507703125 0.5605468218749999 0.5317905421875 0.563355575 0.52980943125 0.6268312984375 0.73455575 0.627154390625 0.7543507703125 0.5605468218749999
3 0.738266940625 0.6320788625 0.7145557484375 0.6325179578125 0.7116284421875 0.6404216875000001 0.7221667484375 0.6410803328125 0.723044940625 0.6441540046875 0.7353396328125 0.6432758125 0.7350469015625001 0.6388848515625 0.7479270546875 0.6382262078125 0.7824692828125 0.5473333109375 0.7982767421875 0.546894215625 0.7982767421875 0.5374536484375 0.7675400140625 0.53657545625 0.7687109375000001 0.5477724078125 0.7663690921875 0.553261109375 0.738266940625 0.6320788625