2 0.189759 0.725686 0.023638895861557076 0.019673171444818748
2 0.209017 0.659919 0.01237384724103805 0.012977502471457925
2 0.175358 0.585347 0.012496677973732773 0.015321252471457925
2 0.155301 0.546236 0.011551653663472905 0.012164418973360824
2 0.191427 0.623055 0.012455734396167628 0.014540002471457925
2 0.266967 0.779693 0.010893234396167805 0.014476335475263547
2 0.292448 0.832676 0.011510710085908116 0.011383168973360825
2 0.253222 0.831143 0.019156113749381375 0.02338842045623544
2 0.216626 0.834982 0.018170145861557074 0.019450336958138338
5 0.377499 0.931773 0.016771420171816587 0.022511669961944137
5 0.177283 0.801354 0.013073210085908471 0.011446835969555025
5 0.151846 0.734277 0.005878185775648604 0.008035334486680413
5 0.248349 0.738174 0.008631371551297562 0.01594333498097189
6 0.238801 0.780058 0.006659435775648781 0.008067167984777513
6 0.236536 0.796591 0.010316702283992285 0.01835075197716627
6 0.259295 0.887265 0.009085072930778537 0.009725168479069169
5 0.232572 0.870347 0.013977290818602838 0.01382241946765248
5 0.297542 0.855173 0.012496677973732596 0.015321252471457925
2 0.362192 0.983286 0.01315509724103805 0.013009335969555025
0 0.8556185828125 0.4782900484375 0.8029479187499999 0.5810264234375 0.8176082421875 0.5879776015625 0.816982284375 0.6044720015625 0.8689595203125 0.49095052031249997 0.8556185828125 0.4782900484375
3 0.814147478125 0.6702500890625 0.8203185140624999 0.65915424375 0.8195668890625001 0.6535549984375 0.8239478421875001 0.642248225 0.8241571546875001 0.63825430625 0.8158448937499999 0.6323469828125 0.8192405515625 0.6223922156249999 0.8159575578125 0.617733934375 0.8190379015625 0.6088104375000001 0.808500496875 0.6029864671875 0.8016548296874999 0.6164550671875 0.798119721875 0.6265781703125 0.802882121875 0.6304266328125 0.8095091218749999 0.628608428125 0.8147899984375 0.6300417453125 0.8095996124999999 0.6418375968750001 0.8175572046875 0.6470343859375001 0.813709725 0.6606251515625 0.8113357656250001 0.668533315625 0.8133850593749999 0.6693128921875 0.814147478125 0.6702500890625
3 0.787154225 0.6750375546875 0.8025559546875 0.6427240656250001 0.7911761562499999 0.6373048125 0.7860118328125 0.643538646875 0.5980537953125 0.5355056515625 0.5994147828124999 0.5291168468749999 0.5917912703125 0.5235336328125 0.5854191453124999 0.5332333046875 0.58373164375 0.5374607203124999 0.5793320484375 0.5458859625 0.5797162296875 0.5525411609375 0.58646895 0.5551596812499999 0.5882315250000001 0.5439052203125 0.77978631875 0.6561856640625 0.7783808859375 0.669016925 0.787154225 0.6750375546875
3 0.8760490546874999 0.4927403015625 0.8873887437500001 0.4697162046875 0.877949521875 0.46528316406250003 0.8767723546875 0.4681644109375 0.7100843859375 0.3928288625 0.7013245625 0.3893474359375 0.6980586125 0.3929246921875 0.6962281375 0.39988021093750004 0.6910773296875 0.40865324531249997 0.6991363875000001 0.4115202765625 0.7002934093750001 0.40063170000000004 0.8707765578125001 0.47866053593749996 0.86926239375 0.4879723171875 0.8760490546874999 0.4927403015625
3 0.6127220062500001 0.52123154375 0.6247994203125 0.5033672765625 0.6187154453125 0.499407103125 0.6197466078125 0.4881228328125 0.5187009078125 0.43577120625 0.47279287343750004 0.41105274999999997 0.4595115390625 0.41832280781250003 0.453217809375 0.4237294953125 0.4527378265625 0.4328881296875 0.45889788906250006 0.4352872203125 0.4643106140625 0.42711070624999997 0.46730113125 0.42039773125 0.611753265625 0.49775839062499994 0.61252193125 0.5026717265625 0.60624861875 0.5076886843749999 0.6045575296875 0.5175790984375 0.6127220062500001 0.52123154375
3 0.45973558593749997 0.7136210828125 0.4783142890625 0.689186896875 0.470881228125 0.6855642421875 0.4699428296875 0.6699035546875 0.31236783125 0.5551020656250001 0.2992135359375 0.5670640328125 0.2950293203125 0.5629879234375 0.28421766875 0.5734831046875 0.284407834375 0.58384073125 0.2910481984375 0.5886027609375 0.29817547499999997 0.581277228125 0.3033295875 0.5752382593750001 0.304452384375 0.570597271875 0.4604467828125 0.6849437968750001 0.4607663921875 0.6900341156249999 0.4520435421875 0.6998332796875 0.4499577546875 0.711660425 0.45973558593749997 0.7136210828125
5 0.599411 0.7591 0.009412621551297563 0.015975168479069168
2 0.588709 0.80886 0.00924884724103805 0.012850168479069168
2 0.569184 0.779905 0.008549484396167806 0.014380834980972068
2 0.764117 0.630254 0.010071040818602838 0.01366325197716627
5 0.897823 0.492493 0.009535452283992153 0.01831891847906917
5 0.847584 0.460091 0.006986984396167806 0.014317167984777512
5 0.813502 0.43721 0.006946040818602839 0.013535917984777513
5 0.781065 0.415827 0.011674484396167806 0.014508168973360736
5 0.853895 0.371364 0.007891065128862396 0.01669275148287479
5 0.828857 0.356726 0.008672315128862351 0.01672458498097189
5 0.805464 0.343587 0.007027927973732595 0.015098417984777512
5 0.688334 0.274765 0.007768234396167806 0.01434900148287479
5 0.670614 0.265309 0.007027927973732595 0.015098417984777512
5 0.655197 0.254977 0.007850121551297561 0.01591150148287479
3 0.30047098125 0.23700931406249998 0.298450209375 0.22805165 0.29416680624999997 0.2315076515625 0.296225496875 0.2393977296875 0.28973615937499997 0.24267049218749998 0.2917439953125 0.2462894875 0.29632925781249997 0.2496475890625 0.30408273750000003 0.2502074609375 0.314964084375 0.2469916828125 0.3212641328125 0.249077975 0.3200442796875 0.2548829125 0.3140329859375 0.2595168421875 0.3132975546875 0.266561234375 0.3166759046875 0.2702360734375 0.3218945375 0.26849716562500003 0.32789945781249996 0.26398495 0.3317412015625 0.262311915625 0.3330991390625 0.25736640624999996 0.3291937859375 0.2550117828125 0.32676980625 0.2418620328125 0.3187592984375 0.239218165625 0.3116857328125 0.23966177187499998 0.3046673265625 0.2425470625 0.2994636921875 0.240505453125 0.30047098125 0.23700931406249998
3 0.28574462968750003 0.2472014890625 0.285133325 0.23623527812499998 0.27908775 0.2414415140625 0.28170740156249996 0.24911050625 0.276983871875 0.2501377515625 0.2793528703125 0.2556010390625 0.2756979921875 0.2606969 0.27481809375 0.26700358125 0.2813899875 0.272638121875 0.2820057546875 0.2853482734375 0.28567734375 0.2886691453125 0.29169277656250003 0.28745059687499996 0.30359210625 0.278787575 0.303067525 0.27132592031249997 0.2975218734375 0.26707488437500004 0.29057345625000003 0.2738661234375 0.29126629843749996 0.26938139687499996 0.2856782375 0.2624452546875 0.29063777968750004 0.2569146671875 0.28988581562500004 0.2502975515625 0.28574462968750003 0.2472014890625
3 0.2854366890625 0.3806169625 0.278363428125 0.38846739375 0.284949265625 0.3954926109375 0.28498996718749997 0.38598047343749997 0.2872446265625 0.3848579953125 0.29577351093750004 0.38984045 0.3114827046875 0.3801129484375 0.3482272265625 0.40176012656250004 0.423865978125 0.44655651093750004 0.42389957968749997 0.4581452 0.43075420312499996 0.46013210468750004 0.44338240000000007 0.44979118281249997 0.44459812187500003 0.4405708625 0.43830876874999997 0.43653346718749997 0.4314262015625 0.44381527031249995 0.42906294218749996 0.43778025468750004 0.373658465625 0.4057615859375 0.3354389640625 0.383937371875 0.31052789999999997 0.37182289375 0.29823758749999996 0.3809578703125 0.293922115625 0.379440340625 0.2994043421875 0.3744189359375 0.292475415625 0.3703554828125 0.28517759531250003 0.3768252796875 0.2854366890625 0.3806169625
3 0.31880634375 0.3529470734375 0.30895536875 0.3609617328125 0.3092086046875 0.3701065921875 0.3163544 0.370031846875 0.326902178125 0.366192625 0.328051865625 0.36172651718750004 0.33215283125 0.35336013906249997 0.3507390546875 0.34289606875 0.3513493359375 0.32950404375 0.3379081703125 0.3151735453125 0.33649561562499997 0.3019430359375 0.35603171875 0.289078234375 0.3570917390625 0.2968056484375 0.3643290875 0.29148984843750003 0.3623702109375 0.28518946875 0.380217053125 0.2731096375 0.382991853125 0.2795652359375 0.3878812265625 0.275373478125 0.3866129515625 0.268125465625 0.40394530937499995 0.2571269578125 0.4038064125 0.21784639062500002 0.41222946875 0.21087129999999998 0.4129904171875 0.20334005781250003 0.40665003437499997 0.20027635625 0.4007620015625 0.20430544843749998 0.39952939375 0.2103538109375 0.3929124828125 0.2160608078125 0.3984089140625 0.22299823281250003 0.3974752078125 0.24955003125 0.331206696875 0.292793240625 0.3299332234375 0.31534527031250004 0.342760159375 0.33440763281249997 0.3259183578125 0.34652841875 0.3201515171875 0.3482449875 0.31880634375 0.3529470734375
3 0.565987059375 0.3373266046875 0.565570265625 0.32928664375 0.559838925 0.3259906390625 0.555957640625 0.331683146875 0.5545845359375 0.327008253125 0.44287139218749993 0.277498634375 0.432713825 0.2838591875 0.4254989953125 0.2781764453125 0.4190053234375 0.28299268125 0.41850089218750003 0.28820692187499997 0.4146089578125 0.29189745624999996 0.41456325156249996 0.29497488125000004 0.4210147875 0.29739326875 0.42190025468750003 0.287113721875 0.4339832125 0.292532928125 0.444666540625 0.284962084375 0.5485630140625 0.33307545 0.5492394140625 0.3437265609375 0.5558053359375 0.3441480703125 0.565987059375 0.3373266046875
4 0.6120771515625 0.8897593593750001 0.61294334375 0.883626228125 0.6020207640625 0.8755793359374999 0.5701068140625 0.845251078125 0.5188885765625 0.8090563734374999 0.48340549531250004 0.790556675 0.4346952671875 0.758480528125 0.40483575937499994 0.72533320625 0.376496659375 0.70059333125 0.3347792984375 0.654626015625 0.314071875 0.6443481921875 0.2910505109375 0.647038625 0.23804456406250002 0.5773890484375 0.1775475484375 0.525939478125 0.1630029046875 0.5228068921875 0.1118031171875 0.5018525515625 0.1024679390625 0.472081475 0.090793159375 0.46616304062499997 0.09440144843750001 0.49606361874999993 0.1265486453125 0.5213214953125 0.166687009375 0.5298511218749999 0.170080959375 0.54305195 0.2012682484375 0.56645646875 0.23937007187499998 0.5973997093750001 0.2794817046875 0.6480186203125 0.30232562500000004 0.6591092078125 0.320112940625 0.6627367609375 0.3404157203125 0.6755380265625 0.368290534375 0.7049759828125 0.3952832703125 0.7281666078125 0.4057564171875 0.751815634375 0.43697551875 0.7694158859375 0.46346617187500005 0.7940804234375001 0.48768808124999996 0.80486429375 0.5397345765625 0.835650028125 0.5813447671875001 0.8732674859375 0.6120771515625 0.8897593593750001
3 0.14916913437499998 0.35641768749999997 0.1364783984375 0.365447009375 0.14284734062499999 0.3782938328125 0.1590233171875 0.3658904234375 0.1634665671875 0.379859696875 0.1583586453125 0.3941654953125 0.163616753125 0.423770446875 0.17929217343749998 0.44690576249999997 0.1807522359375 0.4502308796875 0.1699051515625 0.45450592968750003 0.169968215625 0.45849982968749997 0.173280125 0.468068828125 0.17984140937499998 0.4676104859375 0.1928126640625 0.4539879390625 0.18957051875 0.43789051093750003 0.1763095484375 0.4206591546875 0.17024215625 0.3961011 0.17374435 0.3864469078125 0.17000936718749998 0.36416098125 0.16312606093749998 0.3551721484375 0.154706265625 0.35990894375 0.14916913437499998 0.35641768749999997
0 0.762156196875 0.657723290625 0.681621303125 0.817823328125 0.7021328140625 0.8266417671875 0.7748428890625 0.67103983125 0.762156196875 0.657723290625
0 0.6767632875 0.40104065 0.6082512437500001 0.4818690765625 0.6471628953125 0.5034112562499999 0.711627946875 0.41677735781249997 0.6767632875 0.40104065
0 0.5654596671875 0.5358869171875 0.4672920453125 0.6530653765625 0.5066016578125 0.6826064296875 0.6023381624999999 0.5605990750000001 0.5654596671875 0.5358869171875
0 0.5338525203125 0.33408839375 0.45975485781250003 0.4018245328125 0.49091699687499996 0.4205110125 0.5618858390625 0.3501074375 0.5338525203125 0.33408839375
0 0.4085682859375 0.44335812812500003 0.306391578125 0.5375266062499999 0.33674446874999997 0.561259984375 0.44072278125000003 0.463899278125 0.4085682859375 0.44335812812500003
0 0.263227053125 0.3788427109375 0.18450922187500002 0.4307881328125 0.2018087828125 0.4645122046875 0.29419329843750003 0.396069809375 0.263227053125 0.3788427109375
0 0.4018261328125 0.2804093296875 0.34611069375 0.320172925 0.3623738109375 0.3476863578125 0.4319892515625 0.2979099859375 0.4018261328125 0.2804093296875
5 0.686096 0.351582 0.010071040818602928 0.013663251977166358
5 0.66258 0.336099 0.0061647908186029275 0.013504084486680413
5 0.638365 0.322211 0.010071040818602838 0.013663251977166358
4 0.37362405 0.1849930609375 0.389197565625 0.17845374687499999 0.37907966718749997 0.1692500328125 0.3615954359375 0.17543172499999998 0.343839896875 0.16599988125 0.32756290625 0.175133546875 0.30527488593749996 0.17422537968750001 0.27890983281250004 0.1731510859375 0.252430890625 0.174249240625 0.2524432015625 0.184409496875 0.2674873453125 0.1832082515625 0.2959827421875 0.180015171875 0.3145475265625 0.1844001109375 0.33669040781250004 0.177682553125 0.37362405 0.1849930609375
1 0.6382553718749999 0.8641330453125 0.7523906296875 0.6423279156249999 0.607875184375 0.563609340625 0.47401652031249997 0.7379541015625 0.6382553718749999 0.8641330453125
1 0.774217890625 0.6170440234375001 0.8495480671875001 0.4719031328125 0.7203425296875 0.422532028125 0.6334693109375 0.5316511453125 0.774217890625 0.6170440234375001
1 0.68533756875 0.37878805937500004 0.585679990625 0.3351111859375 0.49670628125 0.41910937812500004 0.602842696875 0.4803325703125 0.68533756875 0.37878805937500004
1 0.4510828078125 0.6539479125 0.5736410484375 0.49962611093750003 0.464292671875 0.4507897390625 0.3410814609375 0.5686699234375 0.4510828078125 0.6539479125
1 0.26107141093749997 0.5631337921874999 0.40077641562500005 0.4402358515625 0.31541530624999997 0.39010093281249997 0.17848631718750002 0.492628553125 0.26107141093749997 0.5631337921874999
1 0.42214210625000004 0.422169128125 0.5275112125 0.3302514453125 0.44842566718750004 0.2925549390625 0.339190503125 0.36859216093749997 0.42214210625000004 0.422169128125