5 0.610167 1.0 0.030142141066226813 0.017180855947465545
5 0.55532 1.0 0.025636497492717503 0.0231851944820761
5 0.500474 1.0 0.027798391066226814 0.017058025214770824
5 0.35457 0.997253 0.029315426959604096 0.0155774123699004
5 0.324792 0.995683 0.01846885517284953 0.018129202283992285
5 0.264499 0.994149 0.02878422954602904 0.024130218792335255
5 0.219073 0.992617 0.025568301332783604 0.0208414444820761
5 0.17436 0.988701 0.030968855172849176 0.01878429952502998
5 0.612152 0.841349 0.022306909012915453 0.015990170171816587
5 0.555788 0.840391 0.023019962852981378 0.013687363749381376
5 0.503353 0.840009 0.023110891066226814 0.016812363749381377
5 0.223879 0.835095 0.02003135517284953 0.018211089439121864
5 0.178498 0.835126 0.017596676959604096 0.014963258706427406
5 0.136174 0.832649 0.02299723079967002 0.012906113749381377
5 0.676867 0.80666 0.023042694906292828 0.014468613749381376
5 0.601708 0.805122 0.017551212852981467 0.013400758706427318
5 0.531259 0.804119 0.025272784639735944 0.0106851944820761
5 0.099214 0.799376 0.015943248746359016 0.011756371551297561
3 0.28099700156249996 0.8026631328124999 0.31174250312499996 0.8025677953124999 0.3345500234375 0.8026253265625 0.33096939999999997 0.789353390625 0.3015775953125 0.777004271875 0.2944824546875 0.748188325 0.28783206093749997 0.7381688093750001 0.2501215109375 0.7401444546875 0.2507982734375 0.7498811140625 0.27170805468750003 0.74699476875 0.27286205625000004 0.7754993531250001 0.30715519375 0.78981198125 0.27636004375 0.7916113578124999 0.28099700156249996 0.8026631328124999
3 0.8872774640625 0.7906330374999999 0.9299382984375001 0.7900243953125 0.9222316375 0.7822250453125 0.8895718015625 0.7799445171875 0.859090740625 0.770951609375 0.6756240140625 0.771007528125 0.6644028390625001 0.7476641671875 0.604017684375 0.7439306359375 0.5893464734375 0.7369040484375 0.5616542109375 0.7343149984374999 0.562264234375 0.7474312515625 0.6485598 0.74683386875 0.6527339203125 0.7737900703125 0.8569119640625 0.77766400625 0.8814850062499999 0.7852095265625 0.8872774640625 0.7906330374999999
3 0.51008284375 0.7367722359375 0.5103409203125 0.7279027140625 0.5456247249999999 0.7286858875 0.5513836796875 0.5520506125 0.5668558046875 0.5525061515624999 0.570185646875 0.5445082453125 0.5296137171875 0.5419016875 0.525402525 0.7191482828125 0.492726159375 0.7174357875 0.48295491718749994 0.7465055625 0.52584308125 0.7486131796875 0.5242766984375 0.7385820671875 0.51008284375 0.7367722359375
3 0.6423418078124999 0.5574938046875 0.6506254328125001 0.3698671734375 0.64367754375 0.3659928484375 0.643810903125 0.3614095703125 0.6095633671875 0.3574979375 0.6088423046875 0.36610064531250003 0.6295139109375001 0.3674540125 0.6229082390625 0.545944715625 0.5947011625 0.54473646875 0.593901715625 0.556035225 0.6423418078124999 0.5574938046875
3 0.56334129375 0.166571465625 0.580221571875 0.1688062 0.5786161890625 0.159271525 0.5384903171875 0.1560526953125 0.5365360234375001 0.23042375312500002 0.5304758640625 0.35781342031249996 0.569837153125 0.3639264875 0.5710281234375 0.3553484078125 0.5527535625 0.3525005765625 0.56334129375 0.166571465625
3 0.25490888749999996 0.5428062421875001 0.2641419765625 0.3387251578125 0.258737453125 0.3303414515625 0.21466895468749997 0.326910075 0.21469662500000003 0.33946067343749997 0.2377730734375 0.3390499703125 0.235913959375 0.5323602140625 0.20676688125 0.531102696875 0.207847378125 0.5424999749999999 0.25490888749999996 0.5428062421875001
3 0.8358330359374999 0.7352929671874999 0.8290715328125 0.7352759125 0.8279409781249999 0.743817859375 0.8661028312499999 0.7458178375 0.8660395765625 0.7378879328125 0.8560636921875 0.73719646875 0.8537059203125 0.7272911484375 0.8854096078125 0.7289526687500001 0.8928449281249999 0.5643539421875 0.9078063265624999 0.565475340625 0.906538596875 0.5565248765625 0.8666693953125 0.5545766609375 0.86787903125 0.5635244296875 0.8731727843750001 0.5634645640625 0.8692744453125 0.7176507078125 0.8372722765624999 0.716142196875 0.8358330359374999 0.7352929671874999
3 0.9256588125 0.2090662640625 0.9267858562500001 0.198880696875 0.8869616046875001 0.197270090625 0.887604071875 0.2037364390625 0.8954763421875 0.2043872546875 0.8854324359374999 0.3782871875 0.87671010625 0.3783065625 0.8748090828124999 0.386545584375 0.9163024140625 0.3894778921875 0.9170729984375001 0.3899517828125 0.9164928265625001 0.381344471875 0.9028079953124999 0.3806272796875 0.9145106046875 0.206814284375 0.9256588125 0.2090662640625
0 0.881473109375 0.214612746875 0.8798079968750001 0.2004689 0.6713048484375 0.1765564609375 0.6698631953125 0.193278109375 0.881473109375 0.214612746875
0 0.5238436515625 0.1751426734375 0.5238373562499999 0.1610857609375 0.28079472499999997 0.13012990156249998 0.28080718125000004 0.1490638265625 0.5238436515625 0.1751426734375
0 0.8318933828124999 0.759983990625 0.8305539015625 0.712684559375 0.64368080625 0.7136092406250001 0.6488536421875 0.7413191078125 0.6695741609375 0.7484072687500001 0.6743245765625 0.7649479968749999 0.8318933828124999 0.759983990625
2 0.342145 0.758477 0.022147784639736122 0.010521420171816587
2 0.678674 0.761183 0.022147784639736122 0.010521420171816587
2 0.612177 0.761539 0.016610838479802048 0.00789106512886235
2 0.694062 0.563984 0.01752848079967011 0.012619508706427317
2 0.615133 0.567338 0.022906302586424766 0.009781113749381376
2 0.27205 0.581406 0.02065348079967002 0.01278328301668683
2 0.338434 0.577145 0.017414820533113405 0.008713258706427317
2 0.263629 0.399539 0.01670176669304748 0.011016065128862352
2 0.331575 0.395195 0.019068248746358662 0.011920145861557074
2 0.611839 0.373465 0.02609949874635875 0.012288638059640889
2 0.694583 0.366782 0.03239496285298138 0.014178686680159914
0 0.30213312812500004 0.7647351765625 0.4845038203125 0.7644319937499999 0.4837473515625 0.7133733624999999 0.2804568015625 0.713437640625 0.30213312812500004 0.7647351765625
1 0.913640490625 0.7083267359375001 0.9150512828125 0.5827825171875001 0.595533034375 0.5703245781249999 0.5894081156250001 0.703767640625 0.913640490625 0.7083267359375001
1 0.197582540625 0.705098215625 0.5741642890625 0.7085422453125 0.5804262718750001 0.5703903265625 0.1999074125 0.5612300140625 0.197582540625 0.705098215625
1 0.1981712015625 0.505065271875 0.5789066187499999 0.519873984375 0.5843724578125 0.383395275 0.20667801875 0.35678507187499997 0.1981712015625 0.505065271875
1 0.19745421093749999 0.298532940625 0.58583778125 0.3330353828125 0.594550271875 0.18772345625 0.20789624999999998 0.1454426984375 0.19745421093749999 0.298532940625
1 0.6064428640624999 0.332014746875 0.9308111234374999 0.3575887875 0.9376324890625 0.22589714375 0.6085194390625001 0.1890891359375 0.6064428640624999 0.332014746875
0 0.5317104421875001 0.3736328265625 0.5284786046875001 0.3305903578125 0.28457192343750004 0.3066000984375 0.28327254375 0.35846908593750004 0.5317104421875001 0.3736328265625
0 0.6533732796875 0.38367690312499997 0.8666379609374999 0.40042713125 0.8716396484375 0.356958703125 0.6559408359375001 0.3388037171875 0.6533732796875 0.38367690312499997
0 0.8562322203124999 0.578247240625 0.8567315796875 0.535400315625 0.6479814171875 0.5276140218750001 0.648588734375 0.5737960796875 0.8562322203124999 0.578247240625
0 0.5293211015625 0.566259325 0.5216615703125 0.5212698921875 0.2769532796875 0.5119443718750001 0.279975059375 0.5566215046874999 0.5293211015625 0.566259325
1 0.594886978125 0.521899971875 0.9262828593749999 0.5371240312500001 0.9263631359375 0.405936575 0.598740559375 0.38393864375 0.594886978125 0.521899971875
4 0.183433859375 0.8296144421875 0.1688050015625 0.8184039671875001 0.1621294375 0.8020153953125 0.15970684531249998 0.7735409296875 0.153157434375 0.7528166328125 0.162106740625 0.7357549703124999 0.1581039453125 0.716895515625 0.152088465625 0.7001685453125 0.163363771875 0.692553603125 0.15571952656250002 0.6871106296875 0.1416305296875 0.7020379828125 0.1491819296875 0.7330191921875 0.14563238750000002 0.743276990625 0.14295863749999999 0.7681274250000001 0.15335525156250002 0.813058496875 0.17533795624999998 0.839693825 0.189534334375 0.8434217640625 0.20558089062499998 0.8506036234375 0.2130465375 0.8621846874999999 0.23083486562500002 0.8765446953125 0.249500009375 0.883117790625 0.24827646718750002 0.9028223234375 0.27157292499999997 0.9066541953125 0.27461413437500004 0.8915208437500001 0.2670376828125 0.851138409375 0.256934128125 0.873436578125 0.24673069375 0.8665609453125 0.224906034375 0.856838315625 0.21171650937500003 0.840854346875 0.183433859375 0.8296144421875
4 0.16508865 0.4991940125 0.1657090078125 0.4555264390625 0.1733165109375 0.4398864109375 0.1664025421875 0.43169120312500003 0.15501886874999998 0.44303039999999994 0.14953789374999998 0.4973198984375 0.1577069765625 0.5070728609375 0.155033221875 0.5319232953124999 0.147414884375 0.547935746875 0.1474464546875 0.5691980234375 0.16199953125 0.6030041125000001 0.1709594609375 0.610280728125 0.1701703171875 0.5927086953125 0.154665584375 0.5669055546874999 0.16307400625 0.5460855984374999 0.16508865 0.4991940125
4 0.15646181718750002 0.3040532234375 0.1596113921875 0.2851956171875 0.1676514171875 0.277038128125 0.1639077125 0.2716200234375 0.149245365625 0.2839063703125 0.14805433437499999 0.302493628125 0.1550323421875 0.3308338296875 0.15417625937499999 0.36025545625 0.1502907875 0.3820584359375 0.1671419171875 0.4016981890625 0.17450638125 0.3989932484375 0.16448716562500001 0.385786375 0.1585149890625 0.3675697046875 0.1653658578125 0.333240359375 0.15646181718750002 0.3040532234375
2 0.837745 0.258344 0.012036998746358751 0.011551653663473082
2 0.805521 0.360968 0.012704588479802093 0.007686347241038049
2 0.838877 0.45859 0.015093802586424765 0.009371677973732773
2 0.808974 0.560309 0.017414820533113405 0.00871325870642714
2 0.842313 0.711138 0.015943248746358753 0.011756371551297561
2 0.813253 0.761172 0.013554034639736123 0.010071040818602838
2 0.775888 0.848417 0.010451766693047393 0.010688516508343326
4 0.7645537640625 0.90880805625 0.8184633124999999 0.9013664984374999 0.8456566499999999 0.8894447609375 0.8503479171875 0.881990484375 0.8704229453125001 0.8686690125000001 0.8939079890625001 0.8611729968749999 0.9217712265625 0.8569864875000001 0.9557249375 0.8587659265625 0.9703046953125 0.8497765390625001 0.94201030625 0.83802685625 0.9006548000000001 0.8445863046875 0.8681749906249999 0.8536642875 0.84543429375 0.866332734375 0.817108725 0.8864085906250001 0.7247033375 0.8943993859375 0.6476966281250001 0.8960103937499999 0.6052103625 0.879923546875 0.59755638125 0.866175540625 0.6032456515625 0.8551801859375001 0.5965449359375 0.839428759375 0.5711454546875 0.8357171953125 0.56812988125 0.8625800015625 0.567458753125 0.8856452046875001 0.609915190625 0.9027571515625 0.68233503125 0.9050124937499999 0.7645537640625 0.90880805625
3 0.39177014374999997 0.144778171875 0.3957148828125 0.1244644859375 0.370619415625 0.122508015625 0.374050975 0.1390400765625 0.329506275 0.1331786390625 0.327422965625 0.1279393546875 0.21662389062499998 0.11315492812500001 0.215865728125 0.12464059062499999 0.24631363281250002 0.1301012203125 0.2476626890625 0.12215613125 0.32060477187499997 0.1317502390625 0.3210417828125 0.1359413515625 0.39177014374999997 0.144778171875