1 0.69501275 0.091005390625 0.7065796671875 0.36737868281249997 0.84786660625 0.3665943640625 0.82747606875 0.0799150359375 0.69501275 0.091005390625
1 0.7102119625000001 0.43763613125 0.7258956765625 0.7666346953125001 0.8798069859375 0.7670086453125 0.8552581281249999 0.43269213593750006 0.7102119625000001 0.43763613125
1 0.5181186375 0.3917331609375 0.5225166515625 0.7628164578125001 0.668948615625 0.765791809375 0.6573458421875 0.38695847968749997 0.5181186375 0.3917331609375
1 0.5150593406249999 0.049698321875 0.5164970078125 0.376095325 0.65327930625 0.3684060265625 0.6418804125 0.04890268125 0.5150593406249999 0.049698321875
1 0.34229640781250004 0.061845215625000005 0.33275765156250003 0.3814415953125 0.46714616875 0.3769485921875 0.4686639796875 0.0588919 0.34229640781250004 0.061845215625000005
2 0.332571 0.285098 0.010497169236879244 0.019826766693047393
2 0.319657 0.620019 0.014389782467404012 0.019159176959604098
2 0.322377 0.551936 0.008085235389503431 0.015852320533113407
2 0.514502 0.632327 0.009920470779006863 0.03152278463973612
2 0.515482 0.554134 0.012032395697928777 0.01830973079967002
2 0.710664 0.630528 0.011292056006354478 0.020630748746358663
2 0.706929 0.550909 0.010551716314779825 0.022951766693047482
2 0.695825 0.272965 0.009865923701106106 0.028397784639736124
2 0.693035 0.202698 0.008852848620028197 0.015093802586424765
2 0.613954 0.777165 0.009743192775829534 0.02136653463973621
2 0.816394 0.776746 0.013649442775829534 0.021480194906292736
2 0.753112 0.778587 0.008866485389503432 0.015875052586424944
5 0.094221 0.288125 0.014389782467404078 0.019159176959604098
5 0.096142 0.263838 0.015897735389503388 0.016079641066226814
5 0.098889 0.197318 0.016856263392680603 0.026258623119538173
5 0.101264 0.154259 0.015143758928453743 0.017619409012915456
5 0.109053 0.107915 0.019926716314779915 0.023224551332783516
5 0.081228 0.439361 0.015280126623205437 0.025431909012915456
5 0.071999 0.492782 0.016883536931630954 0.02782112311953817
5 0.069829 0.54756 0.016075013392680602 0.026235891066226813
5 0.24025 0.548855 0.009743192775829534 0.021366534639736125
5 0.24401 0.495593 0.015171032467404099 0.019181909012915454
5 0.247743 0.440769 0.012881829545304768 0.02223871285298138
5 0.275003 0.614283 0.010538079545304769 0.022170516693047305
5 0.277628 0.540732 0.012073306006354478 0.02065348079967002
5 0.281101 0.471065 0.011373876623205437 0.02531824874635884
5 0.26168 0.164442 0.018377853084255057 0.023960337226160845
5 0.264041 0.120602 0.012895466314780002 0.023019962852981468
5 0.26791 0.07359 0.012922739853730292 0.02458246285298147
0 0.7167361015625 0.68725618125 0.707113796875 0.43862107968749997 0.663106315625 0.4427960171875 0.6735887468749999 0.6859718499999999 0.7167361015625 0.68725618125
0 0.6576987609375 0.317828153125 0.7008198234374999 0.3162821375 0.6904605593750001 0.10398567031249999 0.6521963203125 0.10365183281250001 0.6576987609375 0.317828153125
0 0.47033741874999996 0.6920363 0.5154329265625 0.6925123156249999 0.5144238859375 0.4441116765625 0.47079415625000004 0.44610477812499993 0.47033741874999996 0.6920363
0 0.46894560625 0.324116759375 0.5143983484375 0.32352895 0.5115307578125 0.1115950453125 0.47125139687499995 0.11493787343749999 0.46894560625 0.324116759375
0 0.2823512390625 0.2968916375 0.3284328203125 0.3007192546875 0.3338925453125 0.13702481875 0.289406315625 0.1375956296875 0.2848595109375 0.139175140625 0.2823512390625 0.2968916375
0 0.2632863734375 0.671778009375 0.315191434375 0.675289025 0.322287553125 0.48622067031249994 0.2732923921875 0.49054075781249995 0.2632863734375 0.671778009375
2 0.317274 0.752187 0.012018758928453721 0.01752848079967002
2 0.228311 0.715693 0.010469895697928954 0.018264266693047305
3 0.674559590625 0.441333259375 0.87886539375 0.4369160328125 0.8790620671875 0.38914164375000004 0.8729064843750001 0.40681741718750003 0.685587509375 0.41476736093750005 0.6740145 0.4101050640625 0.674559590625 0.441333259375
3 0.48730103125 0.329304221875 0.483632375 0.3727598359375 0.49528638750000004 0.3753130734375 0.49704753437500004 0.3527661703125 0.6713795296875 0.341444790625 0.674665246875 0.365094646875 0.6811260796874999 0.36490665624999996 0.6791234125 0.33247111406249996 0.6709870640625 0.31896046875 0.48730103125 0.329304221875
3 0.288294446875 0.44859761562499995 0.2889590359375 0.48754642031250006 0.3133010375 0.4830888625 0.31771559531250004 0.44796708281250003 0.4914387234375 0.44291225624999997 0.49301071875 0.40607504375000003 0.48416201875000003 0.40264110000000003 0.4844656234375 0.4200346203125 0.3104957546875 0.42562398906250004 0.3092211296875 0.45677436875 0.2974721515625 0.46080762656249996 0.29684725156249997 0.44236876875000003 0.288294446875 0.44859761562499995
3 0.4837293890625 0.7164926671875 0.4833767765625 0.758110903125 0.4937235078125 0.76128595 0.49273728281249995 0.737770740625 0.688659925 0.7305671765625 0.68879165 0.75460818125 0.698836240625 0.752813115625 0.695512478125 0.71083134375 0.4837293890625 0.7164926671875
2 0.514958 0.747998 0.010415348620028197 0.015139266693047304
3 0.8509291031249999 0.088717925 0.8510009843749999 0.046443084375 0.8412207859375 0.042852654687500005 0.8409025984375 0.0594187375 0.6689886046875 0.06900048125 0.6681295921875 0.054582284375 0.6608205546875 0.053385867187500005 0.6627475484375001 0.09419344843750001 0.6677631703125 0.0915815953125 0.6676525453125 0.08524390937500001 0.8437973765625 0.0744822453125 0.8439633140625 0.083988790625 0.8509291031249999 0.088717925
3 0.48531561874999996 0.1032774375 0.49217208437500004 0.1025344140625 0.49185363750000005 0.06765867343750001 0.48380301562500005 0.0678929234375 0.483762784375 0.0784058625 0.32074460625 0.08353853125 0.3195261265625 0.116277234375 0.31103505 0.116913625 0.3098960125 0.10293108749999999 0.3022519 0.10081757031250001 0.30345309375 0.1439976234375 0.3121610125 0.142965603125 0.3129264703125 0.1355461734375 0.3305387609375 0.131919109375 0.330225809375 0.10117157968749999 0.4849425703125 0.094723153125 0.48531561874999996 0.1032774375
3 0.29237104375 0.32270409375 0.29224748749999996 0.40923674375 0.3015223984375 0.41391498125000004 0.3019007484375 0.3765358484375 0.296718034375 0.3748929828125 0.298201203125 0.312226415625 0.29238338750000004 0.3037262921875 0.270762653125 0.2953870390625 0.27703696875 0.11350502968750001 0.2674871828125 0.0782084421875 0.2691092578125 0.0431846765625 0.25831213124999997 0.0446946171875 0.2583919484375 0.08863721718749999 0.2656665296875 0.0920128859375 0.272405896875 0.11393872499999999 0.26496608906249997 0.2979472640625 0.2695535234375 0.3146986078125 0.29237104375 0.32270409375
3 0.226478778125 0.6572712671875001 0.22495684218749998 0.6903541875 0.2370279390625 0.6924727546875 0.239247025 0.6657768828124999 0.2435653984375 0.6670528499999999 0.2493729234375 0.692113553125 0.277421903125 0.699240075 0.275137609375 0.7222001546875 0.288312175 0.7232184671875 0.2881153125 0.681174728125 0.2830081484375 0.6808561140625 0.279153190625 0.6753616703125 0.2530642953125 0.6728502890625 0.2464359390625 0.6622971515625 0.24590671249999999 0.6473616203125 0.23931099687500001 0.6386764359375 0.22829969375 0.6385296140625 0.22861758906250002 0.65674185 0.226478778125 0.6572712671875001
4 0.17826742812500002 0.7053455328125 0.12383641249999999 0.71174350625 0.1572173140625 0.74844091875 0.181435425 0.77730894375 0.18573372187499998 0.7971282125 0.21294412812500002 0.8162808328125 0.23726931406250001 0.828640021875 0.268070140625 0.8270560953125001 0.28970114687500004 0.8209247906250001 0.3269545515625 0.826718184375 0.34321010625000004 0.8069885984375 0.3333222046875 0.80658856875 0.32444031875 0.81853850625 0.3068427640625 0.806671303125 0.2702363921875 0.8153015359375001 0.24028992656249998 0.8168606281249999 0.20189854999999998 0.7911559593749999 0.190815334375 0.7675644671875 0.1594025921875 0.734091640625 0.17826742812500002 0.7053455328125
4 0.4320332234375 0.8009654171875 0.4251001296875 0.8093159875 0.46877254375 0.8225917031250001 0.4876382890625 0.8165408859375001 0.52801596875 0.8201801578125 0.5812498734375 0.813129328125 0.5964642703124999 0.8016828453124999 0.5959492765625 0.7948204703124999 0.5826259953124999 0.8013977593750001 0.5668725546875 0.804607090625 0.5474557625 0.8017333703125 0.5337735218749999 0.81038431875 0.5143567328125 0.8075106218749999 0.4851480828125 0.8097359828125 0.46788648125 0.8171156046875 0.45950673750000004 0.8125452609374999 0.4320332234375 0.8009654171875
3 0.8974950515625 0.7242567249999999 0.8989659953125001 0.7462738203125 0.9128222578124999 0.7515431703125001 0.9033832 0.6465606796875 0.8959995921875 0.6385818515625 0.8953178375 0.5995241874999999 0.9069469078125 0.6017069312500001 0.907253128125 0.577747315625 0.8887453578125 0.575764678125 0.89363025625 0.6481050078124999 0.8990607640625001 0.6479469953125 0.9058327890625 0.7246444046875 0.8974950515625 0.7242567249999999
4 0.1975189234375 0.0216813515625 0.19456038281250002 0.0656795046875 0.1749580671875 0.10424422656250001 0.156772575 0.13462614374999998 0.146618178125 0.1783437453125 0.1414006921875 0.2368441078125 0.1323571015625 0.29952663749999997 0.13979986875 0.36851414843749997 0.1558618984375 0.395185621875 0.177780625 0.39997558906249997 0.20579273125 0.3964466765625 0.201398434375 0.368078759375 0.17881866875000002 0.3700926625 0.1537349 0.3626808953125 0.1459624984375 0.3194848625 0.150730159375 0.2352157015625 0.161993678125 0.16568389375 0.1769904 0.131323971875 0.20417390468750002 0.080326140625 0.213430584375 0.029849878125 0.1975189234375 0.0216813515625
1 0.3200480515625 0.7768276234375 0.465824890625 0.773942884375 0.46944901874999995 0.4454573125 0.3300516203125 0.45350002187499994 0.31950337968750003 0.777854221875 0.3200480515625 0.7768276234375