1 0.776328228125 0.9139644078125 0.7466593203125 0.9174984640625 0.7035998140624999 0.6018188999999999 0.7161629453125 0.6005630890625 0.7177567890625001 0.5836017796874999 0.6829817171875 0.5899551875 0.7259167421875 0.909199415625 0.7265870546875 0.9617052359375 0.7732372562500001 0.9594575937500001 0.7780255046875 0.9370617765624999 0.776328228125 0.9139644078125
1 0.3227316578125 0.9253822015625 0.295880353125 0.919931678125 0.371219753125 0.61238043125 0.389988328125 0.6198466578125 0.3909564109375 0.60646459375 0.3599703828125 0.6046954171875 0.2750755359375 0.9134149578124999 0.279123615625 0.9408952218750001 0.27621265 0.9525532999999999 0.31387428125 0.96392109375 0.3211066921875 0.9432346781250001 0.3227316578125 0.9253822015625
1 0.42246018281250003 0.6210527265625 0.4540442359375 0.6212458328125 0.45488005156250005 0.5973112078125 0.48297807812500004 0.419668590625 0.4597310546875 0.4225692234375 0.45881329375 0.4309367328125 0.4695363859375 0.42840050781250005 0.44086837812499996 0.5954946890625 0.4398339921875 0.6072019156249999 0.42212345156250003 0.6038248625 0.42246018281250003 0.6210527265625
1 0.430828825 0.426190459375 0.42016404375 0.427056828125 0.41986828593750003 0.41761252187500003 0.4447354828125 0.31457509687499996 0.42048875468749997 0.310276121875 0.41720436875000005 0.3237169734375 0.43567716718750005 0.3231794703125 0.4103975875 0.4201123046875 0.40877797656250003 0.43962130781250003 0.43049838593749995 0.43565298593749996 0.430828825 0.426190459375
1 0.6304637421875 0.2357718796875 0.63133214375 0.184033625 0.6507615765625 0.174015375 0.6480970953125 0.1607476171875 0.6370609046875 0.1632929515625 0.6341868046875 0.17394159843749998 0.624187096875 0.17367650625 0.622789690625 0.222649884375 0.51381414375 0.2352736609375 0.5102271453125 0.2932076078125 0.46424266718749996 0.30233036874999997 0.46252377187500004 0.3157256703125 0.51660993125 0.30747928125 0.5183677 0.292970740625 0.51859675625 0.2684977171875 0.5193353843749999 0.24734618749999998 0.6304637421875 0.2357718796875
1 0.3196741328125 0.28617265625 0.32047390781249996 0.3060839296875 0.3169696703125 0.32080455625000004 0.309113296875 0.32457707187499996 0.3073069796875 0.333489428125 0.32330180468749997 0.33213804687500004 0.3266047328125 0.32318214375 0.3315541140625 0.288484925 0.326997325 0.26912596093749996 0.3268064890625 0.253183878125 0.3314030515625 0.242861365625 0.32932345937499996 0.216785475 0.320670653125 0.21482229687499999 0.31761381875 0.20959536406249998 0.30712205312499996 0.2103436328125 0.307577809375 0.22583501718750001 0.3211402234375 0.22278245000000002 0.3206601796875 0.236529103125 0.3203195046875 0.24628479374999998 0.31947995625000003 0.2560549984375 0.3196741328125 0.28617265625
1 0.1285912546875 0.6350816640625 0.157020884375 0.63858755 0.160131528125 0.6193075796875 0.242763103125 0.4466741734375 0.224527975 0.4403955984375 0.22065298281249998 0.45165061562500003 0.228561440625 0.4545155765625 0.146122278125 0.6116680156250001 0.1457977 0.62096268125 0.1308316890625 0.6207791328125001 0.1285912546875 0.6350816640625
1 0.6878026640625 0.400720803125 0.67257883125 0.402242575 0.656587084375 0.2867363875 0.625645109375 0.28655790312499996 0.6269394890625 0.3016235046875 0.649375203125 0.2934190609375 0.6627634015625 0.39659475 0.6624637484375 0.41386434375 0.688127275 0.40880239218750003 0.6878026640625 0.400720803125
1 0.480693715625 0.2010339515625 0.48191585937500003 0.1870699234375 0.469462153125 0.1861264953125 0.4766592765625 0.176341259375 0.489985178125 0.173341928125 0.49203551093750003 0.163706446875 0.4914170515625 0.1393496265625 0.4835895359375 0.13914211875 0.4839020484375 0.1652489015625 0.4694892984375 0.171326709375 0.46331652031250004 0.17281211093749999 0.4625997625 0.1863261703125 0.46335515781250003 0.206761625 0.480693715625 0.2010339515625
1 0.508219353125 0.1980567125 0.521790340625 0.19505025 0.5253535453125 0.1701364890625 0.5177999046874999 0.1620862515625 0.5119330703125 0.16182169375 0.509017553125 0.140143296875 0.5029664953124999 0.1381430421875 0.5023915984375 0.168628290625 0.51196514375 0.1679144640625 0.5174347390625 0.1725432265625 0.51622616875 0.1791073609375 0.5055657765625 0.1828996625 0.508219353125 0.1980567125
0 0.2283990125 0.4265967703125 0.41196054843749996 0.40693360937499995 0.43031443593749996 0.33120871875 0.27228078437500003 0.346548578125 0.2283990125 0.4265967703125
0 0.4579774453125 0.40416244843750004 0.65484516875 0.384112115625 0.6459304390625 0.304884040625 0.47484362343750003 0.32490032812499997 0.4579774453125 0.40416244843750004
0 0.7109133828124999 0.5575343390625 0.69313034375 0.42802148124999995 0.4829602484375 0.44520321406249996 0.4606631359375 0.5786488875 0.7109133828124999 0.5575343390625
0 0.712737640625 0.861807471875 0.6843837625 0.633926725 0.370489515625 0.6504377203125 0.3193278234375 0.867721325 0.712737640625 0.861807471875
0 0.1089086578125 0.65436014375 0.0121448359375 0.855448821875 0.2803184390625 0.8707007828125001 0.33728876093750004 0.6504815625 0.1089086578125 0.65436014375
0 0.43794440156250003 0.5756211312499999 0.45949659218749994 0.4486525375 0.23832520937499999 0.468920978125 0.18013082656249998 0.5905003453125001 0.43794440156250003 0.5756211312499999