5 0.832608 0.20693 0.012018758928453721 0.017323860001590852
2 0.875245 0.23222 0.01686990016215546 0.026753404002227123
2 0.913499 0.230212 0.016061376623205347 0.02518181333545444
2 0.934145 0.338588 0.0269170560063543 0.020621582670272608
2 0.861288 0.283174 0.01196421185055314 0.014198860001590851
2 0.889709 0.344575 0.008811938311602674 0.012599997334499947
2 0.91421 0.40524 0.010360801542127618 0.011836928668045487
2 0.929681 0.441005 0.012745461850553141 0.014207950668363622
2 0.94755 0.479867 0.008975579545304768 0.021974997334499945
5 0.951599 0.264151 0.011142051542127263 0.01184601933481808
6 0.892279 0.267967 0.012196036931630872 0.02748011000159085
6 0.871947 0.17756 0.007222164772652207 0.011019316000954493
6 0.849413 0.184855 0.006454551542127618 0.011791475334181812
6 0.962846 0.326533 0.00877102800317715 0.010256247334499946
6 0.975456 0.332637 0.00798977800317715 0.010247156667727176
5 0.879198 0.324381 0.01196421185055314 0.014198860001590851
5 0.7546 0.125008 0.016061376623205347 0.02518181333545444
2 0.773313 0.077906 0.011182961850553142 0.014189769334818126
2 0.54261 0.246249 0.012005122158978665 0.01654261000159085
5 0.558726 0.274192 0.012718188311602674 0.012645450668363534
5 0.529393 0.29485 0.015211942775829712 0.021266472668681757
2 0.372944 0.374812 0.010347164772652384 0.0110556786680454
5 0.168368 0.517846 0.00812614569792891 0.018059656667727353
5 0.222887 0.552375 0.010428985389503386 0.015743178668045487
5 0.271925 0.586186 0.0072903486200281975 0.014925566000954581
5 0.302803 0.609269 0.008866485389503432 0.015724997334499946
5 0.334421 0.629999 0.008030688311602674 0.012590906667727175
5 0.428576 0.696886 0.006509098620028198 0.014916475334181811
5 0.4523 0.71302 0.008880122158978487 0.016506247334499947
5 0.474475 0.729953 0.006468188311602674 0.01257272533418181
5 0.456076 0.795024 0.008893758928453722 0.017287497334499947
5 0.439492 0.785058 0.008098872158978577 0.016497156667727175
5 0.422114 0.774321 0.009688645697928955 0.01807783800127254
5 0.309922 0.703737 0.010428985389503431 0.015743178668045487
5 0.284663 0.689184 0.012772735389503432 0.015770450668363623
5 0.261761 0.675385 0.011251145697928955 0.01809601933481808
5 0.175161 0.727966 0.006509098620028242 0.014916475334181811
4 0.361569653125 0.834268953125 0.3569899515625 0.8306194874999999 0.3481656265625 0.8273042390625 0.32956739062499996 0.8275206484375 0.3154583890625 0.827684821875 0.3009317875 0.8284235093750001 0.28480935937499996 0.8234842125 0.2759800625 0.8198841953124999 0.27277840468750003 0.8324538578125 0.274324521875 0.8352841421875 0.28408847812500004 0.8311829453125 0.2937678921875 0.8344882453125001 0.3094080984375 0.8363000406250001 0.323303334375 0.8361383546875001 0.334161009375 0.8334485765625 0.348299834375 0.8349930156250001 0.35991313125 0.8388454640624999 0.3721180734375 0.8398427625 0.38231454375 0.836021359375 0.391919396875 0.8350551078124999 0.4031349875 0.8406211546875 0.41131801718750005 0.8439438640624999 0.4169904578125 0.8381813093750001 0.421569190625 0.8310073453125 0.414431196875 0.8248241999999999 0.41031977187499996 0.8342713484375001 0.40454293437500005 0.834053740625 0.39998412499999997 0.8301192046875 0.389897034375 0.82795795625 0.37153743125 0.8295957234375001 0.361569653125 0.834268953125
4 0.193960921875 0.487319 0.20786249687499997 0.482884828125 0.2170348765625 0.46939121093749997 0.235250315625 0.459495121875 0.2617980203125 0.43732022031250006 0.2874631984375 0.4174360484375 0.3063124171875 0.395823309375 0.3159316359375 0.3767284890625 0.3259768140625 0.3690787140625 0.3482707859375 0.3633956234375 0.372688403125 0.352545425 0.3937675140625 0.342055415625 0.4058796171875 0.3232329125 0.43687242812499993 0.2975617578125 0.45038349687499996 0.2811335015625 0.464336325 0.2640974671875 0.4802192734375 0.2539692328125 0.5089751078125 0.23025994375 0.536402140625 0.220600021875 0.5753364125 0.1963430390625 0.6122195968749999 0.171205978125 0.646764053125 0.14580513125 0.6589550328125 0.131501440625 0.6442711984375 0.13257625 0.5858145312499999 0.17875511875 0.5504740578125 0.199075196875 0.5026884609375 0.22162727968749998 0.459105003125 0.2516633578125 0.4116663359375 0.3052709375 0.363328465625 0.3480175859375 0.327183528125 0.355515784375 0.29255127187499996 0.392980603125 0.257233034375 0.42864548437499994 0.2323582078125 0.44540568281250004 0.20443680312499998 0.4656174125 0.19754190625 0.4723265859375 0.15976467968750002 0.48512009999999994 0.1415676625 0.4922621109375 0.122176728125 0.5217153671875 0.12700117500000002 0.525867421875 0.1369878875 0.5307060640625 0.1428542515625 0.5115543640625 0.1466922609375 0.4986924609375 0.1624617328125 0.4956607015625 0.1794691140625 0.49005107812500004 0.193960921875 0.487319
3 0.20326301875000002 0.621773390625 0.200772871875 0.61177999375 0.2048530015625 0.59493755 0.2069327671875 0.5851966015625 0.220264890625 0.5677323734375 0.224171521875 0.5556905109375 0.228051203125 0.5494757890625 0.20944257031250002 0.5373531609375 0.20408521249999997 0.5399861578125 0.20245494218750001 0.549773628125 0.21273888749999997 0.556680428125 0.2116381 0.559949403125 0.1961522625 0.57932384375 0.1889522 0.60905588125 0.1915964546875 0.6205073796875 0.1891704890625 0.6363023203125 0.1722758421875 0.6265590249999999 0.1658512078125 0.63797541875 0.179946021875 0.6494650578125001 0.1828385828125 0.6456611015625 0.1896197734375 0.6508948890624999 0.1961108265625 0.6468776843749999 0.198438053125 0.640166890625 0.20326301875000002 0.621773390625
3 0.3285427203125 0.6277937687499999 0.34080309375 0.6388729984375 0.46239086875 0.5740697031249999 0.46474662499999997 0.5655500484375 0.46926221874999996 0.5764161046875 0.4762500078125 0.5723919609375 0.4768217609375 0.566016128125 0.46268738750000005 0.5519257750000001 0.4566207109375 0.55654578125 0.45631892656249995 0.5653448203125 0.3408296015625 0.6273475046875 0.32745752499999997 0.6177976859375 0.3170869890625 0.62368095 0.3169282015625 0.61458396875 0.308758865625 0.61836523125 0.3157952984375 0.6279420984375 0.3156417609375 0.6321900109375 0.3230530453125 0.6393828312500001 0.3309460875 0.6350448625 0.3258640671875 0.6308578796875 0.3285427203125 0.6277937687499999
3 0.45013186875000005 0.723433103125 0.4484061140625 0.7158708203125 0.4414024375 0.71898526875 0.4458491890625 0.7259092828125 0.44613504375 0.7292421921875001 0.451719965625 0.7361529828125 0.45825250625 0.732134146875 0.4593165734375 0.7278756390625001 0.46720957343749997 0.73657933125 0.5815977671875 0.6897541656249999 0.5849169828125 0.6842562437499999 0.5882679265624999 0.693619375 0.59249766875 0.688110878125 0.5930278640625 0.6814886640625 0.5817407625000001 0.671858146875 0.5786121234375 0.6752307875 0.5769498546875 0.68434895 0.4691418234375 0.7298843749999999 0.45986184531249996 0.719983646875 0.45013186875000005 0.723433103125
3 0.6582187578124999 0.51406780625 0.6461066296875 0.49843744062499995 0.638880628125 0.5018577609375 0.6401616921875 0.51003179375 0.6466571562500001 0.5169319875 0.6431049921875001 0.5221293171875 0.499558584375 0.5941638921875 0.49761048125 0.5869074999999999 0.49107798125 0.5778846828125 0.48488423125 0.58826875625 0.49187199374999996 0.5972862671875 0.49523884531249995 0.5945174390625 0.5040582671875 0.6041202421875 0.6546295484375 0.53018415625 0.6537560984375 0.51927573125 0.6582187578124999 0.51406780625
3 0.84098619375 0.3801654234375 0.8295199171875 0.3493628359375 0.8186941171875001 0.355251396875 0.8229608828125 0.3649071609375 0.6251478125000001 0.4715421359375 0.6236602671875 0.464583678125 0.6148514046875 0.46862900312500005 0.6278263953125001 0.4945613203125 0.6354706421875 0.48901309218750005 0.6330884484375 0.48297491406250004 0.8275505453124999 0.38001846562499997 0.8322302453124999 0.387243071875 0.84098619375 0.3801654234375
3 0.518559421875 0.3240444953125 0.5018972875000001 0.2997446140625 0.49126474375000007 0.306230353125 0.49431845937499996 0.31701024843750003 0.5025634796875 0.324230625 0.49794954062499996 0.3335092359375 0.34055488125 0.44126826250000006 0.3385227921875 0.434293690625 0.32971144531249996 0.4219902828125 0.32299295 0.43498854531250003 0.331576934375 0.4467804375 0.3372457609375 0.44321536562499997 0.34963828750000003 0.45547709375 0.5110138984375 0.343218340625 0.5129239171875 0.329517784375 0.518559421875 0.3240444953125
3 0.764272225 0.20359598124999997 0.764649746875 0.21154411562500003 0.7836604234375 0.260946621875 0.8030654546875 0.250859696875 0.7963362187499999 0.23471487500000002 0.78357163125 0.242179709375 0.769763334375 0.217210421875 0.7721952390625 0.20604859687500002 0.7363003578125 0.11962475312500001 0.7335075875 0.12379256406250001 0.7376883859375 0.13074213437499999 0.7339572750000001 0.1358751625 0.7304816 0.128281184375 0.7184388234375 0.1360557359375 0.7227306484375 0.1493660265625 0.7328800484375 0.1699244828125 0.7432238625 0.16057919375000002 0.740636565625 0.149157671875 0.7420468296875 0.1478688640625 0.7573153234375 0.188089996875 0.764272225 0.20359598124999997
2 0.838445 0.22796 0.008085235389503254 0.015715906667727174
3 0.9207046734375 0.558352609375 0.9145430328125 0.5465248625 0.90861219375 0.5337028015625 0.9022889765625 0.5410482625 0.9054101593749999 0.5492754578125 0.73169508125 0.6190575625 0.7290527390625 0.6098331671875 0.72392318125 0.6145204265624999 0.7275924578125 0.6257160859375 0.7324386781250001 0.6332621296875 0.738854190625 0.6312042421874999 0.7397369125 0.6249136921875 0.9090211609375001 0.5571664015625 0.9207046734375 0.558352609375
3 0.8619002828125 0.38793543124999996 0.8617618406249999 0.3800040796875 0.8581098703125001 0.36979982499999997 0.8579771953125 0.36219894531249996 0.8553810328125 0.3556183484375 0.8532867218750001 0.36357568125 0.8547175109375 0.374466859375 0.8503731734375 0.38145875625 0.8500385109374999 0.39071776874999997 0.849640428125 0.39634159062499996 0.84167873125 0.39511207656249997 0.8385286421875 0.3994457515625 0.8406575343749999 0.4076844828125 0.8463287656249999 0.41984847500000005 0.8547000812500001 0.41611512343749996 0.85198851875 0.402925075 0.8553174578125 0.394622825 0.8619002828125 0.38793543124999996
3 0.35581843750000003 0.7172824875 0.42359040468750003 0.7634982671875 0.4200630828125 0.7975059734375 0.42509341406249995 0.8053386734375 0.4319203046875 0.8128073812500001 0.43704646875000003 0.811375346875 0.43816637187499996 0.8017555906249999 0.42872847968750005 0.7922586609375 0.4306868328125 0.7568968234375 0.3639209234375 0.7092969625000001 0.36420840625 0.6962559140625 0.3794252828125 0.6826980375 0.37867076875 0.6689829078125 0.366112871875 0.6578068171875 0.347098865625 0.639498884375 0.3406916125 0.64746659375 0.3463028359375 0.659066625 0.36876571875 0.6769894187500001 0.3543812421875 0.6939685765625 0.35581843750000003 0.7172824875
3 0.340923509375 0.7706374265625 0.35044169375 0.770526671875 0.35342996250000003 0.7674975671875 0.3536144609375 0.7553419609375001 0.35923438281250003 0.7515776859375001 0.3590499171875 0.7485855046875 0.35210498125 0.7446151640625 0.34382270312499996 0.73977969375 0.34013349531250003 0.74052716875 0.3398813703125 0.74880855 0.3416736953125 0.7530149859375 0.34686626875000004 0.755068209375 0.346890859375 0.756477021875 0.34275276718750003 0.7618092828125 0.3355926296875 0.7606596437500001 0.32562559375 0.7577812859375 0.32118315937499997 0.7608273125 0.3159567578125 0.7644108703125 0.3181829625 0.7681097765625 0.3258592078125 0.7711649890625 0.3257762125 0.76641025625 0.3304031140625 0.7663564171874999 0.3348332375 0.770179884375 0.340923509375 0.7706374265625
3 0.31785980468749997 0.7522352609375 0.31395539375000003 0.7482295390625 0.313786315625 0.7461178609375 0.3167131078125 0.7395667328125 0.324678746875 0.7414115531250001 0.32859854374999997 0.73872388125 0.330461615625 0.7318328578125 0.3248171375 0.726614425 0.3149331109375 0.720916909375 0.3099557421875 0.7236168828125 0.30833860468749996 0.7370221234375001 0.301267590625 0.7409794140625 0.3037916078125 0.74922849375 0.30726252187499997 0.7586995125 0.3075299890625 0.7588725359375 0.3111484828125 0.761648621875 0.3124274234375 0.759167821875 0.317675340625 0.7568169765625 0.31785980468749997 0.7522352609375
0 0.2178387453125 0.5730721437499999 0.2957466046875 0.6334250625 0.3253045546875 0.6125214390625 0.231829728125 0.5400016234375 0.2178387453125 0.5730721437499999
0 0.4675864953125 0.5416342703125 0.3736840859375 0.4491594140625 0.341113584375 0.470842078125 0.443455309375 0.5666705875 0.4675864953125 0.5416342703125
0 0.6368321671875 0.454076375 0.5493525578125 0.332575403125 0.506142603125 0.36085531875 0.5992256078125 0.48304576250000003 0.6368321671875 0.454076375
0 0.81751205 0.3544138671875 0.7448041703125 0.1949783265625 0.7285676734375001 0.20540390937500003 0.8022496984374999 0.36424190625 0.81751205 0.3544138671875
0 0.9004409046875 0.54001405625 0.8544858265625 0.43355453906249997 0.8411422999999999 0.44503861406249995 0.8895287625 0.5464348046875 0.9004409046875 0.54001405625
0 0.6424318984374999 0.537561628125 0.708460884375 0.6211299593749999 0.7441046874999999 0.606029725 0.6792768640625 0.516784025 0.6424318984374999 0.537561628125
0 0.374312703125 0.68707925625 0.4289185015625 0.7311246859375 0.45877720312500003 0.715978509375 0.3924733453125 0.6626776859375 0.374312703125 0.68707925625
1 0.34463098125 0.6205041765625 0.43464990625000005 0.572855690625 0.297352975 0.44279515312499995 0.2140392234375 0.5078459515625 0.34463098125 0.6205041765625
1 0.4678844390625 0.7121268359374999 0.47510199374999995 0.7218504515624999 0.5562896234375 0.684693103125 0.46130734375 0.594889503125 0.376933025 0.6441548109374999 0.4678844390625 0.7121268359374999
1 0.5021840453124999 0.5642252109375 0.5127787171875 0.5802334171875 0.617443996875 0.5234526578125 0.4943366328125 0.361206615625 0.380188634375 0.4418109109375 0.5021840453124999 0.5642252109375
1 0.7146987921875 0.6391247984375 0.6393842125 0.5405327796875 0.52937288125 0.5939836109375001 0.61527450625 0.6827062578125 0.7146987921875 0.6391247984375
1 0.749075553125 0.604152890625 0.882530934375 0.553286440625 0.8156280468749999 0.41328263125 0.6700112593750001 0.4857658734375 0.749075553125 0.604152890625
1 0.7945611421875001 0.3708620859375 0.68813625 0.1573478375 0.5272482890625 0.2785269515625 0.6450571203125001 0.4600935453125 0.7945611421875001 0.3708620859375