5 0.300635 0.787991 0.012519270678164319 0.017596727767481467
2 0.257247 0.763683 0.0176434183207995 0.02713541887447395
2 0.219038 0.766582 0.016789393713693812 0.025545637023308566
2 0.19523 0.658643 0.027508569892376045 0.021240082939624472
2 0.269725 0.712383 0.012373721463952592 0.014471727767481467
2 0.239507 0.651619 0.009175946856846907 0.012800100362819755
2 0.213231 0.5915 0.010702059553293708 0.012073414065150523
2 0.196714 0.556081 0.013154971463952591 0.014499009618646853
2 0.177707 0.517619 0.009612594499482086 0.022175100362819576
5 0.179937 0.733517 0.011483309553293708 0.012100695916316084
6 0.239167 0.728318 0.012992305624352607 0.02775297776748147
6 0.262138 0.818288 0.007540672249741043 0.01118303666048881
6 0.284466 0.810466 0.006795809553294063 0.011937004809323425
6 0.16687 0.671371 0.009066784946188022 0.010456350362819578
6 0.154079 0.665558 0.008285534946188023 0.010429068511654194
5 0.250609 0.671577 0.012373721463952592 0.014471727767481467
5 0.381055 0.86813 0.016789393713693812 0.025545637023308386
2 0.363707 0.915687 0.011592471463952592 0.014444445916316084
2 0.589586 0.741904 0.012482883374611476 0.01681547776748147
5 0.572651 0.714325 0.013082196856846907 0.012936509618646851
5 0.601393 0.692976 0.015826207195929066 0.021612105172143004
2 0.755566 0.60934 0.010665672249741043 0.011292164065150701
5 0.956048 0.461485 0.008649407981717361 0.018241568511654194
5 0.900504 0.428211 0.010883996071058588 0.01597966406515052
5 0.850466 0.395528 0.007722608767505657 0.01508928666048881
5 0.818905 0.373154 0.009321496071058543 0.015925100362819754
5 0.786673 0.353152 0.008394696856846906 0.012772818511654283
5 0.690538 0.28843 0.006941358767505612 0.015062004809323426
5 0.666337 0.272842 0.009357883374611475 0.016706350362819755
5 0.643661 0.256418 0.006832196856846906 0.012718254809323426
5 0.660172 0.190893 0.009394270678164496 0.01748760036281973
5 0.677052 0.200476 0.008576633374611476 0.016679068511654283
5 0.694749 0.210813 0.010211907981717339 0.01829613221398514
5 0.809034 0.278814 0.010883996071058544 0.01597966406515052
5 0.834725 0.292785 0.01322774607105861 0.01606150961864685
5 0.858036 0.306056 0.011774407981717338 0.018350695916315996
5 0.943135 0.251438 0.006941358767505656 0.015062004809323426
4 0.3881726515625 0.17494188125000001 0.39201041718749996 0.1844885828125 0.39933085 0.178469096875 0.3949594328125 0.171185625 0.389452846875 0.1652886734375 0.3811703046875 0.1684222328125 0.3697888609375 0.17372944375 0.3602088859375 0.1725391984375 0.3501202203125 0.16847886875 0.33788210625000004 0.169192440625 0.3261527140625 0.1727760984375 0.3119641328125 0.17399201250000002 0.301181090625 0.171048375 0.2872858546875 0.1705631421875 0.27158760000000004 0.1720115703125 0.2618086734375 0.1750928765625 0.25216081562500003 0.170762709375 0.25053177031249996 0.1735581484375 0.25336854999999997 0.1862074546875 0.2623056515625 0.1828115203125 0.2785773484375 0.1782455453125 0.29308736562500004 0.1793227125 0.3071963671875 0.179815409375 0.32579460312499997 0.180464875 0.334718440625 0.177353709375 0.33940594687500003 0.1738093765625 0.34924104218749996 0.1787165546875 0.36755918125 0.1807823984375 0.3777126140625 0.1788550984375 0.3823875203125 0.1750250921875 0.3881726515625 0.17494188125000001
4 0.10590993281250001 0.47226735781249995 0.0957789625 0.47687547500000005 0.09083199374999999 0.4809169046875 0.109371971875 0.51083355 0.127367215625 0.5184020890625 0.1647847609375 0.5320802546875 0.1714866578125 0.53895266875 0.19882906250000001 0.559822621875 0.22322434531250002 0.5771687156249999 0.2575161734375 0.613670296875 0.2910693828125 0.6519565796875 0.3270082578125 0.660299278125 0.3741179453125 0.7041886015625 0.42001191093749995 0.7589223359374999 0.46273564062499994 0.7899852421875 0.509880828125 0.8136589375 0.5446416593750001 0.8348099984375 0.60177364375 0.8823685031249999 0.616431159375 0.8837855890625 0.6046524984375 0.869192278125 0.5708358796875 0.842976915625 0.5346720609375 0.816971 0.496430834375 0.7917977703125 0.46927575624999995 0.781495425 0.4412004703125 0.7571070640625 0.425607021875 0.746604959375 0.412145465625 0.72923718125 0.3991081265625 0.7124877109375001 0.36885222500000003 0.6860846125 0.35728403124999997 0.6669724921875 0.33650319375 0.6559874984375 0.3123932046875 0.6445644484375 0.2902571421875 0.6383600453125 0.28043128125 0.6304733109375 0.271364746875 0.6111467953124999 0.2531383921875 0.5890864640625 0.22804344062499998 0.568596728125 0.2021323609375 0.5457947843750001 0.18419887343750002 0.5354706203124999 0.1754162484375 0.5217579859375 0.161639065625 0.516998384375 0.147221890625 0.5139278265625 0.1303720703125 0.5079199921875001 0.114685525 0.5045198875 0.11122068593750001 0.491563409375 0.10590993281250001 0.47226735781249995
3 0.1523402609375 0.3544601703125 0.13790615312500001 0.3656263515625 0.1440005796875 0.37719695 0.1611846234375 0.367843003125 0.16315154375000002 0.38370083906249997 0.1601729875 0.39509543125 0.16650984687499998 0.42500716875 0.18143684843750002 0.4447499921875 0.1824428328125 0.44804592187500003 0.17195431562500002 0.45471611718749994 0.173300178125 0.46454551874999994 0.178582690625 0.467304303125 0.1975505765625 0.455609959375 0.1938505203125 0.4493023921875 0.19029316093749998 0.43716469062499996 0.1774649875 0.41938299375000004 0.1756681234375 0.4095896703125 0.17207697500000002 0.392645396875 0.1748589203125 0.382705909375 0.17056784375 0.3641926109375 0.1684352109375 0.3574249125 0.1620589203125 0.3532549625 0.15512304999999998 0.3583330125 0.1523402609375 0.3544601703125
3 0.287608925 0.379154446875 0.2802912796875 0.38857139531249996 0.2883532921875 0.39254437656249996 0.28877699218749997 0.3834473953125 0.29897975 0.3895744765625 0.312634396875 0.3803320796875 0.4263576546875 0.4450485484375 0.42640335937499996 0.4538581875 0.43233758125 0.45862130468749995 0.4468869796875 0.44485427343749995 0.4465006640625 0.43846254062499995 0.43962766875000003 0.43427408593749994 0.43479418281250004 0.44503943437500004 0.4326856765625 0.43646147500000004 0.31294344375 0.36880128437500004 0.300356346875 0.3795995953125 0.297765996875 0.3764718796875 0.3029716421875 0.37240150625 0.2952022265625 0.3678780234375 0.2875790125 0.3749012328125 0.287608925 0.379154446875
3 0.5549230921875 0.341411759375 0.5664944078125 0.332040090625 0.5661568375 0.32540284375 0.562086040625 0.31979363906249997 0.55846135625 0.329082565625 0.5553010859375 0.3235051390625 0.44223744375 0.27399799062499997 0.434088365625 0.28252147031249997 0.4331479234375 0.2782364609375 0.426730175 0.2740639125 0.42094215625000003 0.28084749531250003 0.4205591671875 0.28417510468749996 0.41590931875 0.29099841249999997 0.422824690625 0.294277171875 0.42477120468749996 0.2867519921875 0.434404046875 0.2904293625 0.4439754265625 0.2807406484375 0.550494228125 0.3288043484375 0.5518915859375 0.3379649125 0.5549230921875 0.341411759375
3 0.462852734375 0.4139217984375 0.45560006093750005 0.42278029687499996 0.46149358124999995 0.43331278125 0.468290990625 0.4244383734375 0.47045102187500004 0.417224384375 0.611948790625 0.4926299890625 0.6153508390625 0.49791212656250006 0.6086522765625 0.5046639093749999 0.6071327937500001 0.512811440625 0.6142616609375 0.516401371875 0.6268329671874999 0.5010466250000001 0.6225204234375 0.49573269375000006 0.623711765625 0.48484016875 0.4752421046875 0.4073687421875 0.46614011250000004 0.41677013125 0.462852734375 0.4139217984375
3 0.59586238125 0.519853503125 0.5821279828125 0.5454943 0.59082205 0.5497463390624999 0.59251269375 0.5428196843750001 0.787288125 0.6541030765625 0.7827387890625 0.663663434375 0.7933968124999999 0.6698064125000001 0.805763784375 0.63925824375 0.797210934375 0.6319738796875 0.7923193046875 0.639092478125 0.60078888125 0.5315671171874999 0.6033476828125 0.52558194375 0.59586238125 0.519853503125
3 0.29812142812500003 0.56075711875 0.2891912171875 0.5723539671875 0.295533546875 0.58551391875 0.3047060890625 0.5734106390625 0.3069419296875 0.566480540625 0.46125253125 0.6779475015624999 0.4655978890625 0.68733729375 0.45713985625 0.6943686609374999 0.45377125156250003 0.7050818453125001 0.46421856874999995 0.7118177453125 0.48159383125 0.687895884375 0.476115771875 0.6822891765625 0.47460399531249997 0.6685385890625 0.31644210156249997 0.552477396875 0.303688378125 0.5644556093750001 0.29812142812500003 0.56075711875
3 0.6914998984375 0.8470679062500001 0.6807485046874999 0.8673984390625 0.6760677 0.8806142234375001 0.687888203125 0.888672290625 0.6915861515625 0.881156140625 0.6951690796875 0.8863781140625001 0.6907845296875 0.8932331796874999 0.6934569015625 0.8974677 0.731880153125 0.8118443703124999 0.7297723984375 0.8006213953125 0.7443123484374999 0.7759634171875 0.7568639234375001 0.7837284453125 0.7640654921875 0.76773371875 0.744947565625 0.757190946875 0.7244921046874999 0.806170959375 0.7238830468749999 0.8141135359374999 0.7164723359375 0.8294638640625 0.700027640625 0.8693458906249999 0.6986544218749999 0.8680237265624999 0.70157513125 0.856657796875 0.6914998984375 0.8470679062500001
2 0.294184 0.767088 0.008540246071058633 0.015897818511654192
3 0.699480784375 0.3909679953125 0.6954843046875 0.402082784375 0.7004791328125 0.4068913625 0.7033909359375 0.3977247328125 0.8751331765625 0.4715792796875 0.8717714031250001 0.47973715781250004 0.8778829 0.48723280625000004 0.8841890593749999 0.47454360624999997 0.8906971499999999 0.4628544953125 0.87897514375 0.46376919218749996 0.7116059921875 0.3920534375 0.7109061171875 0.38573978124999997 0.7045483484374999 0.38353170468750003 0.699480784375 0.3909679953125
3 0.8062362249999999 0.6117203499999999 0.8038667437499999 0.61991286875 0.8068917250000001 0.6243216390625 0.8148919156250001 0.6232769734375 0.815126396875 0.628912346875 0.8151916 0.6381829125 0.8193338406249999 0.6452787890625 0.8175854734374999 0.6561410828125 0.81944881875 0.6641504046875 0.8222374531250001 0.657627571875 0.82259146875 0.6500266921875 0.8265417718749999 0.639903309375 0.8269111812500001 0.6319719578125 0.820520828125 0.6251285984375 0.817432478125 0.6167454765625 0.820528984375 0.60361319375 0.812263528125 0.599683440625 0.8062362249999999 0.6117203499999999
3 0.31925957031249996 0.3683217109375 0.3388130484375 0.35044898281250003 0.35170059062500003 0.33956069843750003 0.3528546734375 0.32585756250000003 0.338027375 0.31193992656249997 0.3381194828125 0.2988868859375 0.40629387031249997 0.25282199375 0.40536440625000003 0.2174001953125 0.41508199531249995 0.20811912187499998 0.41424179062500005 0.198469384375 0.40915558281250003 0.19691742968749998 0.4021089296875 0.20423024375 0.396848846875 0.21194902031249999 0.39938723593750003 0.2460526625 0.3302467484375 0.290709490625 0.32813028593750004 0.31399941875000004 0.34202529375 0.3313203453125 0.31903298125 0.34872748750000004 0.313082125 0.3602016015625 0.31925957031249996 0.3683217109375
3 0.29407834843749997 0.2389853953125 0.291743696875 0.24263397812499998 0.2968675328125 0.24634066250000003 0.3012227890625 0.24949134687500002 0.311277003125 0.2468438515625 0.3184730390625 0.24586043281249997 0.3224572859375 0.2512911953125 0.3223916703125 0.2527000078125 0.3171375578125 0.2546331828125 0.31522215625 0.2587996015625 0.31523325468749996 0.26709021875 0.31890195 0.2679238828125 0.32732781875 0.263279259375 0.334390703125 0.25946898281249997 0.3346623484375 0.25647987968749997 0.3291501171875 0.25258324375 0.329319465625 0.2404184015625 0.326418375 0.2373185 0.316900190625 0.23698611718749998 0.310794534375 0.2373020640625 0.30625159062499996 0.24102395156249998 0.3016246890625 0.24086237656249998 0.3018461453125 0.23610764374999998 0.29407834843749997 0.2389853953125
3 0.28288022968750004 0.24814525625 0.27913239375 0.2575393203125 0.27636735 0.2657329921875 0.2833255453125 0.269856503125 0.284552940625 0.28330483906250004 0.28945338593750003 0.28612178125 0.2995066421875 0.2806520515625 0.3053049671875 0.27556290156249996 0.30364189375 0.26862570625000004 0.2997990203125 0.2658456890625 0.2917769703125 0.26750581875 0.289039921875 0.26088389218749997 0.2892705390625 0.25877529374999997 0.2932928984375 0.2548588390625 0.2932417671875 0.25027096718749997 0.288060515625 0.24779699375000003 0.28685336875 0.2452854125 0.28315282656249996 0.24797838906249997 0.28288022968750004 0.24814525625
0 0.2010545421875 0.4651759390625 0.296672434375 0.394802746875 0.26771307499999997 0.3732025203125 0.1880216609375 0.43176626875 0.2010545421875 0.4651759390625
0 0.4135282796875 0.443422778125 0.30836185625 0.5369077140625 0.3403121078125 0.5593574296875 0.4369387140625 0.4690310421875 0.4135282796875 0.443422778125
0 0.5669166328124999 0.5307079156250001 0.4702445453125 0.650781040625 0.5126457765625 0.680078375 0.6036924953125 0.5605645546875 0.5669166328124999 0.5307079156250001
0 0.76655055625 0.6542864453125 0.6882190375 0.8114736703125001 0.704157496875 0.8222814749999999 0.7815319374999999 0.6644737859375 0.76655055625 0.6542864453125
0 0.85916369375 0.47405136875 0.8078087125 0.574362325 0.820822403125 0.5861617046875 0.86989259375 0.480728759375 0.85916369375 0.47405136875
0 0.6479772890625 0.4988195359375 0.7154254421874999 0.41104676093750003 0.6802092046875 0.3951106015625 0.6117247765625 0.4771757375 0.6479772890625 0.4988195359375
0 0.36532426875 0.3461898078125 0.433202428125 0.2944108765625 0.403774590625 0.2785634375 0.3478679203125 0.321355540625 0.36532426875 0.3461898078125
1 0.1823218046875 0.4969305140625 0.26376984375 0.5639472890625 0.4048999703125 0.43703017187500004 0.3162378234375 0.387266684375 0.1823218046875 0.4969305140625
1 0.44220060937500005 0.29847613281249996 0.34923939375 0.36435843125 0.4322079484375 0.415607990625 0.5298370171875 0.32797908593749997 0.44970371093750006 0.2889165890625 0.44220060937500005 0.29847613281249996
1 0.472205715625 0.447236353125 0.346604909375 0.5668603437499999 0.4584448046875 0.65015475625 0.58631763125 0.4907087234375 0.48327004999999995 0.431468284375 0.472205715625 0.447236353125
1 0.5887840359375 0.33133990468749996 0.5002701703125 0.41809881562499995 0.6087625625 0.474132428125 0.6869731421874999 0.37725366875 0.5887840359375 0.33133990468749996
1 0.6378054609375 0.5296345875 0.781361246875 0.605537240625 0.8523629765624999 0.4670340390625 0.72034335 0.41304007968749995 0.6378054609375 0.5296345875
1 0.612095421875 0.554736415625 0.488960409375 0.7336342015625 0.646374775 0.8586080265625 0.7590521406249999 0.6474845859375 0.612095421875 0.554736415625