3 0.8075628109374999 0.982955271875 0.8115730546875 0.960676140625 0.8090666531249999 0.93750584375 0.77949110625 0.9401793390625001 0.7253528171875 0.6229245109375 0.737884828125 0.6220333453125 0.7388873890625 0.60510120625 0.7042990375 0.610448196875 0.7584373265625 0.9312676874999999 0.7609437296875 0.9838464374999999 0.8075628109374999 0.982955271875
3 0.347888634375 0.97404361875 0.35440528125 0.9535468187499999 0.3554078421875 0.9357235140625001 0.328338696875 0.9294853578125 0.3930038765625 0.6238156765625 0.4120525328125 0.6318361625 0.4125538140625 0.618468684375 0.381474425 0.6157951890625 0.30728491875 0.9223560359375 0.3122977234375 0.9499821578125 0.3097913203125 0.9615673062500001 0.347888634375 0.97404361875
3 0.46150688281249996 0.6206303937500001 0.44366027968750005 0.6167340578125 0.44459957499999997 0.633989253125 0.476222503125 0.6351024921875 0.476222503125 0.6111678671874999 0.49813938281250003 0.434162965625 0.47497010937499995 0.4363894421875 0.4743439125 0.44473873125 0.4849892546875 0.44251225312500003 0.4621330796875 0.6089413890625 0.46150688281249996 0.6206303937500001
3 0.424561284375 0.45197477968750005 0.4461650671875 0.4486350640625 0.4461650671875 0.4391725375 0.43551972499999997 0.43972915781250005 0.43489352812500004 0.43026663125000003 0.4561842125 0.3278487015625 0.4317625453125 0.322839128125 0.4289446609375 0.3361979890625 0.447417459375 0.3361979890625 0.42550057968750005 0.4324931078125 0.424561284375 0.45197477968750005
3 0.5285099171875001 0.28387578593749996 0.5285099171875001 0.26272425625 0.6393467125 0.25437496875 0.6384074187500001 0.202609384375 0.6575064140625 0.19314685781250002 0.65437543125 0.179787996875 0.643416990625 0.1820144734375 0.6409122046875 0.1925902390625 0.6308930593750001 0.19203361875 0.6312061578125 0.2410161078125 0.52256105 0.250478634375 0.520995559375 0.30836702968749996 0.47528320781250005 0.3161596984375 0.4740308140625 0.3295185578125 0.527883721875 0.322839128125 0.5291361140624999 0.30836702968749996 0.5285099171875001 0.28387578593749996
3 0.32925451093749997 0.255865121875 0.3287556390625 0.2656208109375 0.330002815625 0.2957747578125 0.331499428125 0.315729578125 0.32850620468749997 0.3303631109375 0.3207737125 0.333910634375 0.3192771015625 0.3427794421875 0.33524095625 0.3418925625 0.338234178125 0.333023753125 0.3419757078125 0.29843540156250004 0.33673756718750003 0.2789240234375 0.33598926093750003 0.26296016718750004 0.3402296609375 0.2527610375 0.3372364375 0.22659805312499998 0.32850620468749997 0.2243808515625 0.325263546875 0.21905956718750003 0.3147872671875 0.21950300625 0.3157850078125 0.23502342187499997 0.32925451093749997 0.232362778125 0.32925451093749997 0.24610943125 0.32925451093749997 0.255865121875
3 0.1676525453125 0.625840871875 0.1526648953125 0.625221228125 0.15092214531249998 0.63947305 0.1795032453125 0.6438105609375 0.1819430953125 0.6246015828125 0.25862409375 0.45419936562499996 0.24015094375 0.4473832765625 0.23666544374999998 0.4585368765625 0.24468209375 0.4616350984375 0.1676525453125 0.61654620625 0.1676525453125 0.625840871875
3 0.6776047171874999 0.4335806265625 0.7031174 0.42926101875 0.70250995625 0.4211617546875 0.687323834375 0.42224165625000004 0.6672781546875 0.3061521984375 0.63629846875 0.30507229687500004 0.638120803125 0.3201909234375 0.6602925390625 0.31263161093749997 0.6773009953125 0.416302196875 0.6776047171874999 0.4335806265625
4 0.664552609375 0.1505470125 0.6738470515625 0.1780861 0.674363409375 0.21296894375000003 0.674363409375 0.24509788124999998 0.682108778125 0.25152366718749997 0.6846905671875 0.24601584999999998 0.682108778125 0.21388691406250002 0.6795269890625 0.1845118875 0.675396125 0.1551368609375 0.6630035359375 0.13126965156249998 0.6366692828125 0.12208995625 0.6015569468749999 0.1257618328125 0.5638628203125 0.1257618328125 0.54579029375 0.1275977734375 0.5385612828124999 0.139531378125 0.57109183125 0.1422852859375 0.619113115625 0.1422852859375 0.650610946875 0.1413673171875 0.664552609375 0.1505470125
3 0.4695835546875 0.19998965625 0.4710540671875 0.2204678984375 0.4882100421875 0.21523941249999998 0.48894529843749995 0.201296778125 0.4764459453125 0.19998965625 0.48330833437500004 0.1904040953125 0.49654294375 0.1877898515625 0.4982585421875 0.17820428906250002 0.4967880296875 0.15380468125 0.48894529843749995 0.1533689734375 0.49017072500000003 0.1795114125 0.4759557734375 0.1851756078125 0.469828640625 0.186482728125 0.4695835546875 0.19998965625
3 0.5230121640625 0.1943254609375 0.5124734937500001 0.19781111875 0.515659603125 0.21306087499999998 0.5291392984375001 0.21044663125000002 0.5318352359375 0.1856113140625 0.5239925046875 0.17733287656250002 0.51811045625 0.17689716875 0.5144341765625 0.155111803125 0.5083070421875 0.1529332671875 0.5087972125 0.183432778125 0.5183555421875 0.1829970703125 0.5239925046875 0.1877898515625 0.5230121640625 0.1943254609375
0 0.42086650625 0.2095799140625 0.346754065625 0.2252813421875 0.34752207031250004 0.2942310859375 0.42969855937499996 0.2880870484375 0.42086650625 0.2095799140625
0 0.5437472375 0.1931958171875 0.544131240625 0.244396121875 0.6278437390625 0.23279071875000001 0.6232357109375 0.18500376875 0.5437472375 0.1931958171875
0 0.5483552656249999 0.14609153749999998 0.5544993015624999 0.18500376875 0.6312997593749999 0.175446378125 0.6282277406250001 0.1481395484375 0.5483552656249999 0.14609153749999998
1 0.442329946875 0.34407920625 0.2846717796875 0.35483168125 0.24354356250000003 0.4336831640625 0.42660445156250004 0.41934653125 0.442329946875 0.34407920625
1 0.6572450453124999 0.32400791875 0.48668390781250004 0.3390613828125 0.472571284375 0.41791286875000005 0.6689383609374999 0.403576234375 0.6572450453124999 0.32400791875
1 0.49901413124999994 0.45972304218750004 0.4813591046875 0.59265500625 0.7311258015625001 0.5788079265625 0.7087973859375001 0.448645378125 0.49901413124999994 0.45972304218750004
1 0.3936032375 0.6618904046874999 0.3499849359375 0.877904846875 0.7435881734375 0.883443678125 0.707239590625 0.6545052953125 0.3936032375 0.6618904046874999
1 0.311040025 0.8797511234375 0.36037024687499997 0.660967265625 0.13189343281250002 0.65819785 0.0420605046875 0.8566726578124999 0.311040025 0.8797511234375
1 0.254959353125 0.4763395375 0.20095574218749998 0.5963475609375 0.4585114234375 0.5889624515625 0.475647184375 0.46249245781250004 0.254959353125 0.4763395375
0 0.3515427328125 0.3138671375 0.3421959546875 0.33879188125000004 0.42527843125000003 0.33971501875 0.428913290625 0.3046357515625 0.3515427328125 0.3138671375
0 0.542113165625 0.29540436406250004 0.54055536875 0.32679107812499997 0.6319460953125 0.31940596875 0.6283112359375 0.2852498390625 0.542113165625 0.29540436406250004
0 0.27936483125 0.44033713125 0.2700180515625 0.46433873593749997 0.41489312187499994 0.46064618125 0.4200857765625 0.4292594671875 0.27936483125 0.44033713125
0 0.50576458125 0.422797496875 0.5005719265625 0.45418421093749994 0.6641405546875 0.44033713125 0.6605056968749999 0.412642971875 0.50576458125 0.422797496875
0 0.487071025 0.595424421875 0.47980130781249997 0.6508127406249999 0.6901038296875 0.6378888 0.684391909375 0.5889624515625 0.487071025 0.595424421875
0 0.2045906015625 0.6055789468749999 0.185377778125 0.6526590171875 0.3629665734375 0.6508127406249999 0.3749096796875 0.6037326703125 0.2045906015625 0.6055789468749999
0 0.2944235296875 0.9055990046875 0.071139371875 0.888059371875 0.059715531249999995 0.9166766687499999 0.0623118578125 0.9434476890625 0.289230875 0.9536022140625 0.2944235296875 0.9055990046875
0 0.726971678125 0.989604621875 0.7311258015625001 0.9083684218749999 0.46110775000000004 0.9028295890625 0.46110775000000004 0.9360625812500001 0.462665546875 0.9656030171875001 0.48343616562499997 0.9923740375 0.726971678125 0.989604621875
6 0.559385 0.246384 0.01171875 0.04453125