1 0.64795253125 0.6469997234375 0.4766407015625 0.866956334375 0.5146019296875 0.879658996875 0.555574965625 0.8194884953124999 0.6030018890625 0.751963821875 0.6465129984375 0.696473246875 0.6781244625 0.6516796515625 0.6638068953125 0.6229315234375 0.6673176265625 0.5941833953125 0.68398559375 0.5727894390625 0.7068351046875 0.553401165625 0.6927475453125 0.547384115625 0.6477682875 0.5614239000000001 0.6465690515625 0.541367065625 0.662633971875 0.5406985046874999 0.6810847703125 0.5193045484375001 0.67174608125 0.50325908125 0.651010103125 0.5112818140625001 0.6337036125 0.523984475 0.601375809375 0.562761021875 0.41995059843749993 0.7626607984375 0.428514590625 0.7746949 0.5759847953125 0.608223178125 0.6163158765625 0.57011519375 0.6324780640625 0.5661038265625 0.640053375 0.5814807328125 0.6462120359375 0.614908790625 0.64795253125 0.6469997234375
1 0.6375644968749999 0.483202246875 0.75146533125 0.367541171875 0.7365252640625 0.3601869984375 0.6639830984375 0.4330601625 0.6327996031249999 0.4631454125 0.6375644968749999 0.483202246875
0 0.360439134375 0.7630357671875 0.62387280625 0.5014731703125 0.5426108265625 0.3260048453125 0.19775520156249998 0.5678887515625 0.360439134375 0.7630357671875
0 0.7142626 0.6638223671875 0.5288279499999999 0.949983328125 0.602855309375 0.998360109375 0.757579025 0.7531964203125 0.7142626 0.6638223671875
0 0.799748821875 0.4686753515625 0.69076380625 0.6072461312499999 0.7408068 0.6908805671875 0.8346293156250001 0.5473901140625 0.799748821875 0.4686753515625
0 0.6335297015625 0.4325977515625 0.7448640375 0.3260048453125 0.7071374109375 0.1948135734375 0.5445152578125 0.2981266984375 0.6181524796875 0.43505758906249997 0.6335297015625 0.4325977515625
0 0.87081 0.539728 0.022420569279472245 0.01875
0 0.863376 0.499884 0.028738765439406323 0.02109375
0 0.852308 0.450666 0.03103705133278325 0.01953125
0 0.837106 0.409259 0.030346729546028683 0.02265625
0 0.823854 0.354572 0.03130983597251955 0.02890625
0 0.807567 0.296759 0.0327359436526514 0.02421875
0 0.796037 0.236603 0.02581835391920819 0.028125
0 0.774577 0.168634 0.034366639812585566 0.0265625
0 0.84050975 0.1139823875 0.94736358125 0.5417150265624999 0.9832703593750001 0.457696115625 0.9143963734374999 0.0747008171875 0.84050975 0.1139823875