1 0.314972575 0.35252435000000004 0.446787375 0.3972826125 0.450945140625 0.38863244375 0.3220223796875 0.343271409375 0.314972575 0.35252435000000004
1 0.25212308125 0.3366687765625 0.2555398078125 0.3273947015625 0.22845311875 0.3185627578125 0.117228740625 0.2844574359375 0.11314309062500001 0.29620600937499997 0.21497916250000002 0.33273509843750004 0.25212308125 0.3366687765625
1 0.42893191249999996 0.535348859375 0.4301399484375 0.5248227390625 0.29943222187499996 0.465200590625 0.294692071875 0.480043340625 0.42893191249999996 0.535348859375
1 0.2483582578125 0.42462964531249997 0.25466702343750003 0.4147527984375 0.22791752031249998 0.389193696875 0.2065572140625 0.3766774859375 0.188305290625 0.37285371875 0.1720168671875 0.35974741875 0.168778671875 0.34547784843749996 0.14975686562499999 0.339790809375 0.15007417812499999 0.3534237890625 0.15694545 0.367714496875 0.1818378703125 0.37591407656250003 0.1981839875 0.3914991 0.21784586875 0.3934722796875 0.237257103125 0.415890703125 0.2483582578125 0.42462964531249997
1 0.47891200781250004 0.1855673390625 0.346846559375 0.16125431875000001 0.3184668734375 0.31536885937500003 0.44435336562499994 0.35513585625 0.47673216093750004 0.18555465625 0.47891200781250004 0.1855673390625
1 0.24047384374999997 0.3043819609375 0.253262875 0.1359259859375 0.116953121875 0.11654505 0.099198621875 0.2589490625 0.24047384374999997 0.3043819609375
0 0.52420275625 0.8828774390625 0.5758161937499999 0.6656991765625 0.4332951203125 0.5979535390625 0.384054484375 0.79222051875 0.52420275625 0.8828774390625
0 0.60875398125 0.45770621718750004 0.668206984375 0.2027781453125 0.4996953859375 0.17329631406249998 0.45143553125 0.40970159375000004 0.60875398125 0.45770621718750004
0 0.574759 0.063656 0.03401197729857639 0.018164192720211768
0 0.506027 0.063275 0.024618793502986236 0.017328400565734103
0 0.667328 0.046713 0.0324131097073959 0.016592602361132157