6 0.198881 0.796839 0.027162565254479177 0.02686358893530496
2 0.252023 0.827455 0.026308580072118205 0.023706755437207506
2 0.164524 0.763897 0.020876197663298603 0.025046420950527094
2 0.184856 0.695164 0.026308580072118025 0.023706755437207506
2 0.197212 0.633781 0.026363131458888845 0.026050505437207504
5 0.370587 0.12641 0.022329594889756877 0.02042258794672147
5 0.34831 0.211613 0.025400043502986237 0.018206171939110227
5 0.258732 0.572736 0.027144381458888846 0.026082338935304605
5 0.234639 0.66894 0.02705346248093754 0.022176088935304605
2 0.335122 0.107562 0.015389263867708359 0.024042336463846726
2 0.304433 0.218864 0.02634494766329869 0.025269255437207504
2 0.296093 0.275401 0.01922277868534721 0.021076503954332713
2 0.212748 0.569927 0.021675631458888844 0.025859504448624372
2 0.502005 0.81805 0.019150043502986235 0.017951503954332537
2 0.53707 0.820524 0.019931293502986235 0.01798333745242999
2 0.608618 0.831657 0.02222049211621524 0.015735087946721647
2 0.550483 0.613142 0.017696646276527873 0.022575336958138337
2 0.569905 0.617034 0.01689721248093754 0.021762253460041237
2 0.648992 0.639568 0.015243793502986058 0.017792336463846682
2 0.587332 0.438368 0.019894925911805573 0.016420837452429993
2 0.601939 0.447919 0.01924096248093754 0.021857753954332714
2 0.683934 0.479701 0.012191528685347208 0.020790002471457923
2 0.705903 0.307094 0.019186411094166723 0.019514003954332716
2 0.649853 0.26723 0.016679006933854178 0.012387253460041148
2 0.621293 0.253564 0.016006859707395904 0.01704291996194396
5 0.576052 0.319409 0.02073072729857639 0.018796420950527092
2 0.752393 0.4894 0.020040396276527872 0.022670837452429992
2 0.816509 0.518007 0.019222778685347254 0.021076503954332713
2 0.834314 0.524307 0.017696646276527783 0.022575336958138337
2 0.843856 0.349084 0.013663109707395815 0.016947419467652304
2 0.793766 0.321465 0.016806293502986146 0.01785600346004106
2 0.866893 0.365316 0.018423344889756964 0.020263420456235436
2 0.91077 0.391627 0.02630858007211807 0.023706755437207506
2 0.890818 0.544639 0.013045513867708358 0.023946835969555026
3 0.451687434375 0.62309409375 0.3219207328125 0.661762121875 0.329403234375 0.671353409375 0.4562490515625 0.6319472703125 0.451687434375 0.62309409375
3 0.2228215609375 0.6769160296875001 0.12265858437499999 0.70874210625 0.1272923171875 0.7206936875000001 0.2369589859375 0.6917312296875 0.263641825 0.6841511671875 0.2597924015625 0.6747079171875 0.2228215609375 0.6769160296875001
4 0.312972515625 0.558008946875 0.30771313125 0.550365525 0.2649816078125 0.585769940625 0.226955934375 0.6362243421875 0.1918854453125 0.6577017781250001 0.20002244687499998 0.6642242671874999 0.244409125 0.6375545984375 0.27823376093749996 0.5937390421875001 0.312972515625 0.558008946875
3 0.42909763593749994 0.49464043125 0.42739921093750005 0.4840466421875 0.2956978578125 0.5331604249999999 0.3011303234375 0.548240015625 0.42909763593749994 0.49464043125
3 0.1572531078125 0.6668152015625 0.1760152953125 0.6620078640625 0.178590021875 0.64787363125 0.1942726703125 0.63551169375 0.2123515140625 0.6325337921874999 0.233134890625 0.6209987859375 0.2587016890625 0.59665773125 0.2519313796875 0.586476371875 0.2412340765625 0.5947077953125001 0.22286131406249998 0.6162465171875 0.20328597187500003 0.6173061625 0.1876610171875 0.6321468234375 0.1631436 0.6391960265625001 0.156935796875 0.6531822218750001 0.1572531078125 0.6668152015625
3 0.45121498437499996 0.6651731796875 0.3271458203125 0.6991206203125 0.3627082765625 0.854723884375 0.493677559375 0.8365349328124999 0.4914977125 0.8364461109375 0.45121498437499996 0.6651731796875
3 0.27027845 0.8757213859374999 0.2496431796875 0.7064872140625 0.11044490468749998 0.7453900296875 0.134834090625 0.888775246875 0.27027845 0.8757213859374999
2 0.725264 0.648948 0.02614492591180557 0.016675505437207506
2 0.793468 0.669585 0.01604322729857639 0.01860541996194378
2 0.811364 0.671977 0.016860844889756966 0.020199753460041058
2 0.86636 0.69003 0.019131859707395858 0.017170253954332713
2 0.837524 0.855892 0.018314242116215285 0.015575920456235792
2 0.784544 0.851807 0.015915940729444467 0.013136669961943782
2 0.761216 0.848074 0.015952308320624997 0.014699169961944137
2 0.700569 0.838057 0.019204594889756964 0.020295253954332536
1 0.5682545796875 0.36039558125000004 0.5065160328125 0.14057821718750002 0.3705504984375 0.224806559375 0.42884892499999994 0.42157730156250006 0.5682545796875 0.36039558125000004
1 0.6822225265624999 0.828121128125 0.6108847796875 0.5701479421875 0.4557586609375 0.6108781203125 0.515037865625 0.8497871625 0.6822225265624999 0.828121128125
1 0.53865 0.853241 0.03401197729857639 0.01933759041817922
1 0.469882 0.856823 0.024618793502986236 0.018174338441013304
1 0.630456 0.865891 0.0324131097073959 0.017711423421985017