5 0.742621 0.675332 0.02734375 0.02734375
5 0.720746 0.579238 0.04140625 0.0203125
5 0.634028 0.222207 0.0328125 0.02265625
5 0.617621 0.141738 0.02734375 0.03515625
5 0.59809 0.0558 0.03671875 0.02890625
5 0.642621 0.064394 0.021875 0.0296875
5 0.67309 0.173769 0.0296875 0.02421875
5 0.769965 0.801113 0.02734375 0.02421875
2 0.653559 0.115957 0.0296875 0.01953125
2 0.680903 0.228457 0.025 0.02734375
2 0.778559 0.640957 0.03359375 0.03828125
2 0.787153 0.701894 0.01875 0.02421875
2 0.81059 0.767519 0.0296875 0.028125
2 0.358246 0.271425 0.028125 0.01796875
2 0.332465 0.292519 0.02578125 0.0109375
2 0.273871 0.331582 0.02265625 0.01484375
2 0.187934 0.352675 0.0296875 0.01484375
2 0.14184 0.383144 0.02265625 0.01796875
2 0.116059 0.3933 0.02578125 0.0140625
2 0.070746 0.420644 0.02109375 0.015625
2 0.245746 0.675332 0.01875 0.02109375
2 0.180121 0.697988 0.01640625 0.01640625
2 0.162934 0.701894 0.015625 0.01640625
2 0.107465 0.722207 0.01328125 0.01640625
2 0.271528 0.869082 0.0171875 0.0203125
2 0.208246 0.876113 0.02109375 0.01796875
2 0.180121 0.880019 0.02109375 0.0140625
2 0.133246 0.887832 0.02734375 0.01640625
2 0.426215 0.634707 0.021875 0.01640625
2 0.407465 0.639394 0.0171875 0.01875
2 0.323871 0.662832 0.0296875 0.01875
2 0.356684 0.853457 0.02265625 0.0234375
2 0.431684 0.840957 0.02265625 0.01875
2 0.466059 0.834707 0.02265625 0.01953125
2 0.44156987656249996 0.6508876578125 0.311824653125 0.6862215593750001 0.33254027656249996 0.8452241171875 0.46991757187500005 0.8182587703124999 0.44156987656249996 0.6508876578125
2 0.2355039328125 0.7038885109375 0.1090295984375 0.7401522515625001 0.111210190625 0.8842773765624999 0.2485874859375 0.8545225125 0.2355039328125 0.7038885109375
1 0.41213188437500003 0.43888425 0.37179093281250003 0.3003381625 0.254038965625 0.3579882125 0.2758448859375 0.49932381875000004 0.354346196875 0.457481040625 0.41213188437500003 0.43888425
2 0.384028 0.465175 0.04453125 0.01328125
2 0.224653 0.519082 0.0296875 0.01640625
2 0.150434 0.547988 0.04375 0.02109375
2 0.08559 0.575332 0.025 0.0203125
1 0.18862120625 0.37844468125 0.058875982812500005 0.44725280625 0.06977894375 0.561623065625 0.211517421875 0.509552053125 0.18862120625 0.37844468125
1 0.5287935546875 0.114370259375 0.3630685640625 0.20642437187499998 0.418673659375 0.40076082968750004 0.5778568749999999 0.316145434375 0.5287935546875 0.114370259375
1 0.5963919062499999 0.5486053125 0.4524728359375 0.5988166453125 0.4928137875 0.8266273265624999 0.6672611453124999 0.7968724625 0.5963919062499999 0.5486053125