2 0.1293422211827486 0.3339707175158624 0.046044931411743886 0.08827381551642936
2 0.17608262783772616 0.45897815199943304 0.04673072402541769 0.08283234736759475
2 0.3987780137964224 0.3190897288637898 0.029365946022240498 0.07207589664195542
2 0.41792130032101626 0.5201065918404811 0.01618410754848192 0.03257688702330839
2 0.4297821465054126 0.6174081777753306 0.018486947240056395 0.030314982576804893
2 0.19230369155471833 0.5373660468272898 0.02542273985373029 0.025091769237293705
2 0.22497191558013602 0.6175247727806727 0.015375584009531628 0.030987105172143183
2 0.26947193790127033 0.6589657391154088 0.019844895697928955 0.018650796279135663
2 0.4408929703686744 0.6717410137101801 0.020063084009531627 0.03115079627913566
2 0.445027091309837 0.7294443863055184 0.014430692775829534 0.02158482332097762
2 0.29809754423193635 0.7314483743246188 0.02235228693163096 0.02810764183263199
2 0.5050372909855254 0.674191401914615 0.01681535308425506 0.02401041887447395
2 0.5410566116023764 0.6776239367610053 0.020598872158978664 0.017115578130301047
2 0.6758041639585782 0.3359944535512283 0.024750584009531628 0.03131448738612832
2 0.944935993503883 0.34848449675032106 0.025463650162155814 0.027435519237293704
2 0.889209919233584 0.4700346037365627 0.02159831047058134 0.02964285998146643
2 0.8626843754020943 0.5178644685273527 0.019967626623205347 0.025682046279135663
2 0.6471724236978108 0.48708572759784535 0.02462785308425506 0.02428323738612832
2 0.6437980077073424 0.5176908868536725 0.025518197240056394 0.030560519237293703
2 0.6219560097359373 0.6099155923886354 0.018527857548481918 0.03265873257680489
2 0.8234503258885615 0.5989706247879549 0.02394206047058134 0.029724705534962936
2 0.7710480746707455 0.6422320406672041 0.01913182954530477 0.022529764427970278
2 0.7574083145244759 0.6669418639881817 0.01755569277582971 0.02169395072563951
2 0.7364060677708866 0.7177057558208138 0.025340919236879245 0.020404269237293705
2 0.6008310320570718 0.6536482342212674 0.01835057954530477 0.022502482576804893
2 0.5887498177708868 0.7228620256910796 0.01682898985373029 0.024791668874474128
2 0.7712447179330425 0.7430678543695348 0.02153012662320535 0.02573660998146643
3 0.45592498125 0.698646240625 0.4637656703125 0.7225759968750001 0.4750752140625 0.7089791171875001 0.4682507171875 0.6960154937499999 0.46773254062499997 0.666329221875 0.4647415421875 0.6367293046875 0.469572040625 0.6299596484375 0.4727539875 0.6232475609375 0.48339279062499996 0.6184754 0.48626767343750005 0.5941714484375 0.4681336296875 0.594804703125 0.46232532343750005 0.592807209375 0.45310476875 0.5843279046875 0.4528552765625 0.5700345140625 0.4524714421875 0.5480446828125001 0.4477743203125 0.5152038578125 0.446412678125 0.4844468796875 0.44599045937500004 0.460258065625 0.4455106671875 0.4327707765625 0.445069259375 0.40748247031249996 0.44292172656249995 0.378953259375 0.4351961875 0.361620453125 0.4196501171875 0.3687643046875 0.4250755578125 0.3960788875 0.43293543906250004 0.42110813281250004 0.43517893125 0.455134803125 0.4342404734375 0.495873559375 0.4361769 0.5123083640625 0.4368294171875 0.5496910765624999 0.43895775937500003 0.5771207953124999 0.43916886875000005 0.589215203125 0.44783383125 0.613116175 0.45076725624999997 0.63941761875 0.4495793078125 0.665862984375 0.45592498125 0.698646240625
3 0.46972363437500003 0.5441417390625001 0.47016504374999996 0.56943004375 0.47950075 0.5845062984375 0.4907719109375 0.5687104359374999 0.48889306250000003 0.55557410625 0.48356357968749997 0.53375698125 0.4815311953125 0.51182471875 0.48097463749999997 0.4799394640625 0.480590803125 0.45794963437499997 0.476775528125 0.4283784984375 0.47644927031249995 0.4096871421875 0.476027053125 0.3854983296875 0.46895306249999996 0.3582413140625 0.46469734999999995 0.3506887953125 0.4516624875 0.359945275 0.455266653125 0.3774220015625 0.45731822656250004 0.40045375625 0.4611718859375 0.43222387500000004 0.46216888593750005 0.4420905140625 0.46190117031250005 0.47400455468749997 0.4621698546875 0.4893974359375 0.4633011953125 0.506960515625 0.46696293593749993 0.5277357171875 0.46972363437500003 0.5441417390625001
3 0.5773620375 0.7098078296875 0.5833421000000001 0.674393825 0.586657421875 0.628071259375 0.5963184171875 0.61453195 0.6101583609375 0.60414719375 0.61278375 0.56554985 0.6221376796875 0.5344186750000001 0.6239771765625 0.49804910312499995 0.6333886796875 0.4702164015625 0.6376626187500001 0.43156149062500004 0.6446396812499999 0.4060141265625 0.6458468203125001 0.38066825312499997 0.64885604375 0.3640607421875 0.6348241828125001 0.3634505828125 0.6212145390625 0.3870292390625 0.6160779421875 0.42351395 0.6132798296875 0.4522158671875 0.6089099328125 0.48537332031249997 0.6051340093750001 0.505308090625 0.5991155625 0.538523109375 0.5977548890625 0.555073053125 0.5982154890625 0.5814608484375 0.5842028203125 0.5819501812500001 0.571934659375 0.58787940625 0.5730276171875001 0.6032435031250001 0.575098384375 0.6273747484375 0.5761145765625 0.6383408796875 0.574696328125 0.651592346875 0.5723578453125 0.659375140625 0.56608990625 0.678296771875 0.567298015625 0.7002578171875 0.5773620375 0.7098078296875
1 0.71538054375 0.725891190625 0.7495001265625 0.6487885484375 0.7605409875 0.6197987890625 0.8091156156249999 0.614802040625 0.9311600296875 0.3299989109375 0.693500246875 0.3228959109375 0.6658808406250001 0.48888466093750005 0.6299227296875001 0.6496637984375 0.6121351046875 0.7173948218749999 0.71538054375 0.725891190625
1 0.264270078125 0.633828465625 0.31804178437499997 0.73756624375 0.43424531718750004 0.7324081640625 0.404068571875 0.5156299343749999 0.209099315625 0.5444416453125 0.264270078125 0.633828465625
1 0.1592349703125 0.2865447765625 0.2091549546875 0.45312627968749997 0.3937348984375 0.4433801203125 0.3744858015625 0.285629021875 0.1592349703125 0.2865447765625
1 0.308728175 0.8655102421875001 0.333457384375 0.9119536328125 0.6994928984375 0.902471878125 0.7307375984375 0.8496731859375 0.308728175 0.8655102421875001
4 0.29191545625000004 0.80008765 0.33646466875000003 0.8007322828125 0.4329815703125 0.801762484375 0.5415363296875 0.783669565625 0.6198040375 0.7787360734375001 0.6552670375 0.778597840625 0.68066601875 0.76890959375 0.7096115890625 0.7733996015625 0.7326145140625 0.7681956750000001 0.7346651203125 0.7439205078125 0.7320387625 0.7352109265625 0.7030356171875 0.727422446875 0.66676753125 0.72868895625 0.6338925046874999 0.7353377859375 0.547190134375 0.72956420625 0.520813346875 0.7304853046875001 0.46723549374999995 0.732356284375 0.41956190624999995 0.7417222140625 0.38411809531249996 0.7429599390625 0.3329171109375 0.7392471078125 0.289595196875 0.761663015625 0.29191545625000004 0.80008765
5 0.5079502366040242 0.4380083652541261 0.021475579545304768 0.02261160998146643
5 0.5594718262955987 0.4338640130772079 0.019967626623205347 0.025682046279135663
6 0.9758626651763942 0.28408469085253857 0.02464148985373029 0.02506448738612832
6 0.9347779691541538 0.21438231526197535 0.021475579545304768 0.022611609981466517
6 0.7779512706962812 0.23158471734622638 0.030151150162155815 0.027599210344286185
6 0.618644454543657 0.24105646498397365 0.026998876623205346 0.02592758293962456
6 0.4568166103878557 0.24045380817521722 0.03005569277582971 0.022130460344286274
6 0.2910688794625792 0.23920631062228798 0.019186376623205437 0.025654764427970277
6 0.13454614407307583 0.22903768085537352 0.028506829545304768 0.022857146641955418
6 0.0780155004037418 0.3044940378416152 0.0190772824674041 0.01940476442797028
6 0.1325002232113435 0.4253224038135315 0.02391478693163096 0.028162205534962938