5 0.8887 0.577093 0.021875 0.01640625
5 0.858232 0.606781 0.021875 0.0109375
5 0.787138 0.671624 0.0203125 0.0203125
5 0.8262 0.638812 0.0140625 0.02265625
5 0.744169 0.714593 0.0296875 0.0203125
5 0.697294 0.758343 0.02421875 0.0203125
5 0.64495 0.807562 0.03359375 0.01328125
2 0.743388 0.0 0.0296875 0.0140625
2 0.605106 0.0 0.02734375 0.01953125
2 0.177763 0.040374 0.028125 0.0203125
2 0.433231 0.002874 0.034375 0.025
2 0.256669 0.213031 0.034375 0.0234375
2 0.290263 0.280999 0.03828125 0.02734375
2 0.49495 0.177093 0.04296875 0.02421875
2 0.501982 0.204437 0.03046875 0.015625
2 0.35745 0.423187 0.03203125 0.021875
2 0.5637 0.358343 0.03203125 0.02578125
2 0.341825 0.516937 0.025 0.028125
2 0.397294 0.628656 0.03828125 0.02578125
2 0.529325 0.410687 0.03203125 0.02421875
2 0.573075 0.532562 0.034375 0.01484375
2 0.580107 0.558343 0.034375 0.0171875
2 0.416825 0.678656 0.034375 0.02109375
2 0.46995 0.784124 0.034375 0.01875
2 0.629325 0.666937 0.0328125 0.0125
2 0.648857 0.143499 0.034375 0.0203125
2 0.652763 0.166156 0.028125 0.02109375
2 0.767607 0.106781 0.0234375 0.01953125
2 0.779325 0.148968 0.0234375 0.0125
2 0.800419 0.247406 0.02265625 0.01875
2 0.698856 0.302874 0.0453125 0.0328125
2 0.659794 0.355218 0.0234375 0.01953125
2 0.774638 0.312249 0.0328125 0.0171875
2 0.795732 0.400531 0.01640625 0.0125
2 0.797294 0.430218 0.02109375 0.01875
2 0.828544 0.503656 0.0203125 0.01484375
2 0.73245 0.592718 0.034375 0.0265625
1 0.620607596875 0.0417488890625 0.48085245 0.4166006140625 0.634819984375 0.4761149890625 0.8172122937499999 0.074615034375 0.620607596875 0.0417488890625
1 0.5163834203125 0.47433843906249995 0.403868684375 0.733714515625 0.5353332703125 0.8243184875 0.66679785625 0.5507300234375 0.5163834203125 0.47433843906249995
1 0.2676666359375 0.3606393375 0.20015779375 0.5676072343749999 0.265297903125 0.6209036890624999 0.3458347671875 0.3899523875 0.2676666359375 0.3606393375
1 0.3055663359375 0.0426371625 0.229766934375 0.3055663359375 0.3043819703125 0.342873853125 0.3967624890625 0.0373075171875 0.3055663359375 0.0426371625
4 0.4701931609375 0.8047764546874999 0.41689670625 0.75858619375 0.375443909375 0.7274965953125 0.357678425 0.7026249171875001 0.3482034984375 0.6644291250000001 0.351756596875 0.6351160765625 0.3434660359375 0.61468576875 0.3150412609375 0.61468576875 0.31267252968750003 0.6120209453125 0.2949070453125 0.64399881875 0.2984601421875 0.660876028125 0.277141559375 0.64311054375 0.2617448078125 0.62889815625 0.24161059062499998 0.6120209453125 0.210817084375 0.5933671859375 0.17410175 0.5835961703125 0.1788392125 0.603138203125 0.184761040625 0.6200154140625 0.19660469687499998 0.6306747046875001 0.21673891250000002 0.65732293125 0.240426225 0.6697587703125001 0.258191709375 0.68663598125 0.28187902343750004 0.7070662875 0.3067507015625 0.7292731453125 0.31977872343749997 0.7434855328125 0.3529409609375 0.7648041125 0.36952208125 0.7754634046875 0.3849188328125 0.7923406140625 0.4192654375 0.8252067609375 0.43584655625 0.8376426 0.44650584843749996 0.849190165625 0.46782442812499997 0.8713970218749999 0.48440554843749994 0.8882742312499999 0.5388863671874999 0.8829445859374999 0.5448081953125 0.857184634375 0.4974335703125 0.827871584375 0.4701931609375 0.8047764546874999
3 0.3624158875 0.29934841562500003 0.3434660359375 0.3482034984375 0.370706446875 0.357086240625 0.40860614687499996 0.373075178125 0.44769021249999996 0.394393759375 0.45479640625 0.3810696453125 0.5637580453125 0.089715696875 0.5400707328125 0.0923805203125 0.4595338703125 0.357974515625 0.43110909375000006 0.35264487031249997 0.44058401875 0.3446504015625 0.44650584843749996 0.3375442078125 0.45479640625 0.3268849171875 0.4536120421875 0.31267252968750003 0.43347782500000004 0.3162256265625 0.42992472812500004 0.32244354531249997 0.418081071875 0.33221456250000003 0.41215924375 0.350868321875 0.395578125 0.3419855796875 0.387287565625 0.3277731921875 0.38965629687500003 0.30290151249999997 0.40860614687499996 0.227398203125 0.4536120421875 0.0950453421875 0.42755599687499996 0.076391584375 0.3979468546875 0.1536714421875 0.3624158875 0.29934841562500003
3 0.3861032 0.6662056734374999 0.3861032 0.6804180609375 0.40268431875 0.675976690625 0.41689670625 0.632451253125 0.46664006249999995 0.49921011875000004 0.47966808437499997 0.45479640625 0.455980771875 0.4459136640625 0.44532148125 0.5063163125 0.4192654375 0.5773782515625 0.3861032 0.6662056734374999
1 0.36715334843749997 0.9904613 0.399131221875 0.9451237828125001 0.0829055953125 0.618238865625 0.050927721875 0.733750046875 0.265297903125 0.9949026703125 0.36715334843749997 0.9904613
5 0.2887 0.489593 0.034375 0.025