1 0.6320882578125 0.7681513265625 0.5822717796875 0.5084167421875 0.4219170421875 0.5700392078125 0.460376553125 0.8026353328125 0.6320882578125 0.7681513265625
1 0.5489007328125 0.30628582656250003 0.5149224734375 0.07120617500000001 0.5078783453125 0.0715753421875 0.35558345 0.1792480140625 0.395998625 0.3810097640625 0.5489007328125 0.30628582656250003
1 0.3665773765625 0.267119709375 0.238277271875 0.342053425 0.257252371875 0.47822812499999995 0.3984717640625 0.41086247656249997 0.3665773765625 0.267119709375
1 0.18693113125 0.503650690625 0.1628040515625 0.3639982046875 0.0379211171875 0.441751065625 0.04918135625 0.57233361875 0.18693113125 0.503650690625
1 0.22399382499999998 0.8517519765625 0.208735421875 0.6846506078125 0.06710753124999999 0.7385456171875 0.08131292812499999 0.8854641000000001 0.22399382499999998 0.8517519765625
1 0.2884014390625 0.668482559375 0.3149492125 0.839489625 0.444579709375 0.80196409375 0.4251285109375 0.6290859953125 0.4006576234375 0.625121553125 0.2884014390625 0.668482559375
5 0.563499 0.059861 0.022638891832631992 0.0230214201718165
5 0.580811 0.144734 0.02635416887447395 0.01775738805964091
5 0.549258 0.0 0.020967264427970277 0.019814533016686776
5 0.595778 0.0 0.028697918874473947 0.017880218792335523
5 0.652882 0.492655 0.029779269237293703 0.0265149123699004
5 0.672827 0.591427 0.03061508293962447 0.02811835594746519
5 0.709293 0.552085 0.02420139183263199 0.023103307326946165
2 0.723516 0.613725 0.02897073738612832 0.02569271879233561
5 0.603298 0.03672 0.023365578130301046 0.02149986374938142
2 0.330384 0.393364 0.014526291469812236 0.014018234396167627
2 0.312142 0.402118 0.012291668874473949 0.017020403663473082
2 0.233598 0.440546 0.012881945916315996 0.01159259724103805
2 0.15967 0.458457 0.014553573320977708 0.014799484396167628
2 0.095352 0.491461 0.012291668874473994 0.01702040366347326
2 0.078755 0.49779 0.00983879146981228 0.013772572930778538
2 0.357222 0.562738 0.015334823320977709 0.014840427973732773
2 0.338254 0.56997 0.016170637023308565 0.016443871551297562
2 0.256076 0.600791 0.012264387023308565 0.01623915366347326
2 0.395414 0.764269 0.01681547776748147 0.012578565128862351
2 0.359231 0.773184 0.01996775961864685 0.013523589439121863
2 0.285411 0.78797 0.015225695916315996 0.011715427973732772
2 0.194295 0.806782 0.018377977767481467 0.01266045228399193
2 0.133003 0.820132 0.016006945916315997 0.011756371551297207
2 0.107894 0.824567 0.013799605172143136 0.01553979081860284
2 0.055196 0.837467 0.012936509618646851 0.01315509724103805
2 0.179886 0.616481 0.017061014427970277 0.01960981512886235
2 0.110399 0.641178 0.014389882213985138 0.010111984396167806
2 0.098489 0.647261 0.009893355172143136 0.015335072930778538
2 0.036088 0.670027 0.014553573320977708 0.014799484396167805
2 0.645414 0.751167 0.023120041469812235 0.014468613749381376
2 0.736096 0.677791 0.032467759618646855 0.014178686680159914
5 0.698068 0.717215 0.027080855172143183 0.016235831637205676
5 0.745887 0.71003 0.02169395072563951 0.01829297659425162
2 0.130325 0.293894 0.016034227767481424 0.012537621551297562
2 0.080015 0.327723 0.012963791469812237 0.013936347241038049
2 0.05684 0.343754 0.01687004146981228 0.014141065128862351
2 0.009791 0.373514 0.022311509618646853 0.013646420171816586
2 0.022276 0.529603 0.012291668874473994 0.01702040366347326
2 0.626069 0.143921 0.02083085517214318 0.015908283016686807
2 0.635042 0.199598 0.017033732576804895 0.01882856512886235
2 0.2146 0.269981 0.018405259618646853 0.013441702283992107
2 0.280027 0.227562 0.020912700725639423 0.01825203301668683
2 0.309452 0.211203 0.01541666887447395 0.017184177973732596
5 0.259156 0.825218 0.026971727767481468 0.013110831637205677
5 0.143204 0.840652 0.03176835517214309 0.016481493102595123
4 0.1624944359375 0.6330511578125 0.1645418875 0.6465485156249999 0.19990521249999998 0.6196339859375 0.23401211875 0.5806127125 0.254360253125 0.5509049234375001 0.27593975312499996 0.534021225 0.2897736796875 0.5225556984375 0.27817313125 0.5181514140625 0.24961404375 0.54256124375 0.22681765468749998 0.5702492375 0.20636931875000003 0.6028264171875 0.18483992031250002 0.6182754218750001 0.1624944359375 0.6330511578125
3 0.41400457812499997 0.5955248890625 0.41272311406249995 0.5841354921875 0.28512489375 0.6316366109375 0.2846990375 0.6438315203125 0.41400457812499997 0.5955248890625
3 0.242201921875 0.6346021421875 0.23494678125 0.6500190984375 0.21792366406250002 0.6566395218750001 0.20362435781250002 0.657388915625 0.18091369531249998 0.65857913125 0.1348911609375 0.678175903125 0.0812984046875 0.6981694140625 0.0825297703125 0.71099350625 0.12085683124999999 0.695380209375 0.17358340156250002 0.676148128125 0.19995921249999998 0.6661734140625 0.240458975 0.6604707390625 0.2451406109375 0.6466207234375 0.242201921875 0.6346021421875
3 0.1181146484375 0.629648725 0.1183545765625 0.6468209859375 0.132829234375 0.6410501578125001 0.140574809375 0.6356319859374999 0.1408002625 0.6291758578125 0.151985528125 0.621429315625 0.171632253125 0.6118072578125 0.19043784218749998 0.60222928125 0.20687032656249998 0.5884794671875 0.218946828125 0.579254146875 0.21766536250000001 0.56786475 0.1995506078125 0.5817027296874999 0.1667858421875 0.60633296875 0.1439248765625 0.6118272703125001 0.13256425624999998 0.624595246875 0.11643237656250001 0.6297368890625 0.1181146484375 0.629648725
3 0.4044898859375 0.45926089687499994 0.399969128125 0.44446109062500005 0.26343349531250004 0.5074673296875 0.26632208125 0.5209206046875 0.4044898859375 0.45926089687499994
3 0.06996759531249999 0.6001616703125 0.17686629375000001 0.54557959375 0.229881603125 0.5435664890624999 0.23946081718749998 0.5262276734375 0.2068819640625 0.534057528125 0.17898561875000002 0.536284821875 0.0657134703125 0.5934968421875 0.06996759531249999 0.6001616703125