5 0.134978 0.577708 0.021875 0.01640625
5 0.165447 0.607395 0.021875 0.0109375
5 0.23654 0.672239 0.0203125 0.0203125
5 0.197478 0.639427 0.0140625 0.02265625
5 0.279509 0.715208 0.0296875 0.0203125
5 0.326384 0.758958 0.02421875 0.0203125
5 0.378728 0.808177 0.03359375 0.01328125
2 0.28029 0.0 0.0296875 0.0140625
2 0.418572 0.0 0.02734375 0.01953125
2 0.845915 0.040989 0.028125 0.0203125
2 0.590447 0.003489 0.034375 0.025
2 0.767009 0.213645 0.034375 0.0234375
2 0.733415 0.281614 0.03828125 0.02734375
2 0.528728 0.177708 0.04296875 0.02421875
2 0.521697 0.205052 0.03046875 0.015625
2 0.666228 0.423802 0.03203125 0.021875
2 0.459978 0.358958 0.03203125 0.02578125
2 0.681853 0.517552 0.025 0.028125
2 0.626384 0.62927 0.03828125 0.02578125
2 0.494353 0.411302 0.03203125 0.02421875
2 0.450603 0.533177 0.034375 0.01484375
2 0.443572 0.558958 0.034375 0.0171875
2 0.606853 0.67927 0.034375 0.02109375
2 0.553728 0.784739 0.034375 0.01875
2 0.394353 0.667552 0.0328125 0.0125
2 0.374822 0.144114 0.034375 0.0203125
2 0.370915 0.16677 0.028125 0.02109375
2 0.256072 0.107395 0.0234375 0.01953125
2 0.244353 0.149583 0.0234375 0.0125
2 0.223259 0.24802 0.02265625 0.01875
2 0.324822 0.303489 0.0453125 0.0328125
2 0.363884 0.355833 0.0234375 0.01953125
2 0.24904 0.312864 0.0328125 0.0171875
2 0.227947 0.401145 0.01640625 0.0125
2 0.226384 0.430833 0.02109375 0.01875
2 0.195134 0.50427 0.0203125 0.01484375
2 0.291228 0.593333 0.034375 0.0265625
1 0.620607596875 0.0417488890625 0.48085245 0.4166006140625 0.634819984375 0.4761149890625 0.8172122937499999 0.074615034375 0.620607596875 0.0417488890625
1 0.5163834203125 0.47433843906249995 0.403868684375 0.733714515625 0.5353332703125 0.8243184875 0.66679785625 0.5507300234375 0.5163834203125 0.47433843906249995
1 0.2676666359375 0.3606393375 0.20015779375 0.5676072343749999 0.265297903125 0.6209036890624999 0.3458347671875 0.3899523875 0.2676666359375 0.3606393375
1 0.3055663359375 0.0426371625 0.229766934375 0.3055663359375 0.3043819703125 0.342873853125 0.3967624890625 0.0373075171875 0.3055663359375 0.0426371625
4 0.4701931609375 0.8047764546874999 0.41689670625 0.75858619375 0.375443909375 0.7274965953125 0.357678425 0.7026249171875001 0.3482034984375 0.6644291250000001 0.351756596875 0.6351160765625 0.3434660359375 0.61468576875 0.3150412609375 0.61468576875 0.31267252968750003 0.6120209453125 0.2949070453125 0.64399881875 0.2984601421875 0.660876028125 0.277141559375 0.64311054375 0.2617448078125 0.62889815625 0.24161059062499998 0.6120209453125 0.210817084375 0.5933671859375 0.17410175 0.5835961703125 0.1788392125 0.603138203125 0.184761040625 0.6200154140625 0.19660469687499998 0.6306747046875001 0.21673891250000002 0.65732293125 0.240426225 0.6697587703125001 0.258191709375 0.68663598125 0.28187902343750004 0.7070662875 0.3067507015625 0.7292731453125 0.31977872343749997 0.7434855328125 0.3529409609375 0.7648041125 0.36952208125 0.7754634046875 0.3849188328125 0.7923406140625 0.4192654375 0.8252067609375 0.43584655625 0.8376426 0.44650584843749996 0.849190165625 0.46782442812499997 0.8713970218749999 0.48440554843749994 0.8882742312499999 0.5388863671874999 0.8829445859374999 0.5448081953125 0.857184634375 0.4974335703125 0.827871584375 0.4701931609375 0.8047764546874999
3 0.3624158875 0.29934841562500003 0.3434660359375 0.3482034984375 0.370706446875 0.357086240625 0.40860614687499996 0.373075178125 0.44769021249999996 0.394393759375 0.45479640625 0.3810696453125 0.5637580453125 0.089715696875 0.5400707328125 0.0923805203125 0.4595338703125 0.357974515625 0.43110909375000006 0.35264487031249997 0.44058401875 0.3446504015625 0.44650584843749996 0.3375442078125 0.45479640625 0.3268849171875 0.4536120421875 0.31267252968750003 0.43347782500000004 0.3162256265625 0.42992472812500004 0.32244354531249997 0.418081071875 0.33221456250000003 0.41215924375 0.350868321875 0.395578125 0.3419855796875 0.387287565625 0.3277731921875 0.38965629687500003 0.30290151249999997 0.40860614687499996 0.227398203125 0.4536120421875 0.0950453421875 0.42755599687499996 0.076391584375 0.3979468546875 0.1536714421875 0.3624158875 0.29934841562500003
3 0.3861032 0.6662056734374999 0.3861032 0.6804180609375 0.40268431875 0.675976690625 0.41689670625 0.632451253125 0.46664006249999995 0.49921011875000004 0.47966808437499997 0.45479640625 0.455980771875 0.4459136640625 0.44532148125 0.5063163125 0.4192654375 0.5773782515625 0.3861032 0.6662056734374999
1 0.36715334843749997 0.9904613 0.399131221875 0.9451237828125001 0.0829055953125 0.618238865625 0.050927721875 0.733750046875 0.265297903125 0.9949026703125 0.36715334843749997 0.9904613
5 0.734978 0.490208 0.034375 0.025