2 0.517076 0.791125 0.033398881087432386 0.03359375
2 0.403561 0.6255 0.020857970779006862 0.03125
2 0.364686 0.570031 0.020076720779006862 0.03125
2 0.291608 0.459875 0.01929547077900686 0.03125
2 0.589537 0.44425 0.022515928165332967 0.03671875
2 0.614869 0.470031 0.022529564934808198 0.0375
2 0.763195 0.610656 0.023297178165332964 0.03671875
2 0.255712 0.457531 0.025436376623205526 0.025
2 0.210132 0.383312 0.025463650162155814 0.0265625
2 0.191147 0.352062 0.024010244317957154 0.0328125
2 0.153011 0.298937 0.025463650162155814 0.0265625
2 0.368732 0.293468 0.013690353084255235 0.0234375
2 0.383303 0.309093 0.018459673701106107 0.028125
2 0.486541 0.347375 0.02320172077900686 0.03125
2 0.737254 0.351281 0.014403419236879244 0.01953125
2 0.758843 0.367687 0.019240923701106104 0.028125
2 0.912566 0.467687 0.015457404626382653 0.03515625
2 0.848801 0.271593 0.01682898985373029 0.02421875
2 0.759857 0.220031 0.018323306006354477 0.0203125
2 0.893664 0.297375 0.025381829545304768 0.021875
2 0.629174 0.277062 0.01761023985373029 0.02421875
2 0.547776 0.151281 0.016706258928453722 0.0171875
2 0.316589 0.237218 0.02391478693163087 0.02734375
1 0.6880658656249999 0.23641171718749998 0.56991931875 0.38048497812500004 0.512687509375 0.351670325 0.2493387640625 0.6374156265625001 0.4316314796875 0.81510598125 0.8133978468749999 0.297642853125 0.6880658656249999 0.23641171718749998
1 0.0570571859375 0.45492282968750003 0.34107591249999997 0.27002881093750003 0.3875231828125 0.300044075 0.5331654718750001 0.18358485468750002 0.44889897031250003 0.1535695921875 0.31630250000000004 0.24361537968750002 0.24478910781250002 0.222004390625 0.011195340625 0.3552721578125 0.0570571859375 0.45492282968750003
1 0.4695243109375 0.045514645312500004 0.862083396875 0.146365928125 0.8988547921875 0.086335403125 0.523844496875 0.010696940625 0.4695243109375 0.045514645312500004
4 0.5448288296875 0.12955738125 0.49220409375 0.1067457828125 0.43989371093749996 0.10194334062499999 0.4350567953125 0.13435982500000002 0.45698213593750003 0.15236898125 0.49507380312500004 0.16797691718750002 0.557477834375 0.18358485468750002 0.572932315625 0.191989128125 0.6112545078125 0.22080377968749998 0.6534712453125 0.214800728125 0.7034155625 0.23881293750000002 0.786676821875 0.2628251484375 0.8319505171875001 0.22560622187499998 0.7187855359374999 0.19078851875 0.6463088124999999 0.165575696875 0.6018301140625 0.14516531875 0.5448288296875 0.12955738125
3 0.3453064453125 0.3060471265625 0.12934529687500002 0.46933015468750006 0.1505587890625 0.49814480781250003 0.362143390625 0.342065440625 0.4008211640625 0.339664221875 0.43730052812500003 0.3660776515625 0.2333806390625 0.5485704484375 0.24900277499999998 0.56657960625 0.472334559375 0.361275209375 0.438367959375 0.324056284375 0.4495499921875 0.2940410203125 0.459098765625 0.27363064375 0.41736403437499997 0.3072477375 0.403061490625 0.3132507890625 0.368529740625 0.29524163125 0.3453064453125 0.3060471265625
5 0.887591 0.6005 0.024873314934808155 0.0375
5 0.08048 0.157531 0.02218864569792913 0.01796875