2 0.677575 0.316936 0.02980859734092922 0.029560866641249996
2 0.944064 0.337963 0.03705965521931955 0.04689383700597229
2 0.888845 0.461508 0.03696864995764768 0.04533133700597212
2 0.872734 0.506384 0.03215234734092921 0.029615418028020812
2 0.835324 0.587433 0.036839847340929224 0.02972452080156245
2 0.40121 0.287098 0.024824965728545756 0.06455346248093755
2 0.130116 0.280788 0.045349568331146985 0.09545862357510426
2 0.180448 0.421614 0.03842473414439729 0.07033133700597212
2 0.653218 0.474748 0.029921989406069115 0.07169381525447918
2 0.425958 0.484282 0.029618881541796326 0.03969893284565984
2 0.447634 0.588552 0.03586888154179633 0.03984440321038196
2 0.461666 0.641932 0.03849335260260105 0.03132338839274311
2 0.464116 0.697382 0.030081613125944883 0.03424836664124999
2 0.236841 0.572723 0.02336888154179615 0.03955346248093754
2 0.196126 0.489856 0.03564907366340577 0.022675087005972296
2 0.635643 0.588247 0.023558597340929223 0.029415396276527873
2 0.617279 0.634631 0.029391368387616624 0.03579268284565984
2 0.609246 0.69764 0.020805323663405862 0.022329594889756877
2 0.75176 0.693155 0.03586888154179624 0.03984440321038196
2 0.283094 0.61671 0.02911835260260105 0.03110518284565984
2 0.314351 0.684534 0.02746484734092931 0.029506315254479176
1 0.7744872671875 0.4501749890625 0.8192769515625 0.271299334375 0.6102777328125 0.2831104515625 0.5882007109375 0.44756425 0.7744872671875 0.4501749890625
1 0.645316628125 0.7366030765625 0.747409459375 0.521660634375 0.5865593359375 0.5115112468749999 0.5392577640625 0.7335143390625001 0.645316628125 0.7366030765625
1 0.34775635781249997 0.7310249734375 0.28324 0.33656995156249997 0.0747975796875 0.35670404218749996 0.1752424828125 0.6350091250000001 0.21525969687500002 0.663253465625 0.240128928125 0.6654532718749999 0.24690194375000002 0.7458762812499999 0.34775635781249997 0.7310249734375
3 0.463154 0.45316 0.07545981548854944 0.3177336670780903
3 0.3610920875 0.3754730296875 0.3332297640625 0.3826915640625 0.35761388437499997 0.58016353125 0.3714250234375 0.596736440625 0.374441278125 0.62951639375 0.384298559375 0.6414884468750001 0.38192365625 0.718506946875 0.395741825 0.72287820625 0.3969531328125 0.68999985625 0.3974809265625 0.6205329546875 0.3964619484375 0.6017851546874999 0.3798254046875 0.5974794953125 0.3610920875 0.3754730296875
5 0.511941 0.406704 0.022595336817585476 0.02627221248093754
5 0.560978 0.404725 0.022231315770898163 0.02002221248093754
2 0.557896 0.646512 0.015109060509226424 0.01829605832062491
2 0.518007 0.644803 0.016026818401734033 0.02065799211621524
4 0.3053134015625 0.74964196875 0.2483495046875 0.75453401875 0.24867160781250003 0.7673648515625 0.2604457953125 0.7763629328125 0.2651292203125 0.7969379 0.2757386671875 0.8259338250000001 0.29932864062500003 0.8432157765625 0.319222859375 0.8413262515625 0.34344214375000004 0.83862281875 0.36083092968749997 0.8246665203125 0.3813075203125 0.8127780734375 0.40759067968749996 0.802180959375 0.42443869218749997 0.7975093734375001 0.45265559375000003 0.790433453125 0.489600478125 0.7895735515625 0.524528421875 0.7866208734375 0.5410020546875 0.7883771671875001 0.57249873125 0.807614809375 0.6151253890625 0.810188865625 0.635887825 0.8025732078125 0.6646817578124999 0.794770615625 0.669152975 0.7547250765625 0.657092940625 0.741454209375 0.609974828125 0.7425508953125 0.5727441015625 0.7391380046875 0.5329919171874999 0.7514750968749999 0.49749228125 0.7458821953125 0.46223689375 0.7452762921875 0.4222042078125 0.7440683406249999 0.39967441875 0.74530596875 0.3465001515625 0.7493965765625 0.3053134015625 0.74964196875
1 0.6577669453125 0.85840996875 0.2428116421875 0.8587960328124999 0.2579797171875 0.910509553125 0.6361149328125 0.9088407625 0.6577669453125 0.85840996875
5 0.349627 0.794582 0.018696792093374624 0.012918227298576567
5 0.401971 0.7958 0.0166260578783902 0.01755117591180557
5 0.459048 0.797909 0.02039579998588259 0.015298344889756876
5 0.510474 0.796765 0.014373313140062294 0.019059124525034575
5 0.562954 0.800327 0.01805204998588259 0.015243793502986236
5 0.616724 0.799238 0.01419130261671846 0.015934124525034576
5 0.720676 0.802438 0.013592063140062205 0.0190409407294446