5 0.68268 0.342147 0.028617305624352517 0.02782103693163096
5 0.66528 0.437859 0.04235231989237605 0.02103524878218401
5 0.595191 0.793377 0.03386773180303493 0.023228994317957153
5 0.582532 0.873559 0.028981178659881833 0.035633536931631224
5 0.567004 0.959156 0.03806508023145838 0.029547178165332966
5 0.611135 0.951339 0.023257717535011223 0.03006932954530477
5 0.636509 0.842496 0.030815506410140792 0.024736947240056394
5 0.704165 0.216843 0.02847175641014079 0.02469603693163096
2 0.61967 0.899968 0.030597182588823203 0.020049447240056396
2 0.641774 0.787945 0.026273555624352518 0.027780126623205347
2 0.720218 0.37715 0.03537672787409356 0.0388676310874323
2 0.725974 0.316362 0.019878006410140793 0.0245460324674041
2 0.746355 0.251146 0.030997442927905537 0.028643197240056484
2 0.317117 0.739344 0.028961907981717338 0.018459673701106107
2 0.290353 0.717801 0.02629067224974104 0.011387513392680581
2 0.22994 0.677715 0.023347608767505613 0.015239216314779824
2 0.14302 0.655122 0.030378858767505634 0.015361947240056396
2 0.095507 0.623848 0.02349315798171734 0.018364216314779823
2 0.069253 0.613242 0.02643622146395268 0.014512513392680582
2 0.022667 0.585107 0.021821496071058565 0.015993192775829713
2 0.185805 0.333474 0.019732457195929066 0.0214210324674041
2 0.119124 0.309673 0.017170383374611475 0.016692622158978487
2 0.101755 0.305466 0.016389133374611474 0.01667898538950343
2 0.04534 0.284186 0.01404538337461152 0.016638075081077907
2 0.202562 0.140174 0.018133569892376133 0.020612508928453722
2 0.138953 0.132039 0.021930657981717384 0.01833694277582958
2 0.110646 0.127641 0.02174872146395268 0.01443069277582958
2 0.063407 0.119011 0.028107883374611474 0.01688353693163096
2 0.368166 0.37725 0.022639133374611476 0.016788079545304768
2 0.349197 0.372235 0.01806079528527036 0.01905000892845372
2 0.264512 0.347338 0.030560795285270358 0.019268197240056396
2 0.288446 0.157286 0.02374786910658786 0.023832966314779915
2 0.364028 0.171095 0.02352954528527036 0.019145466314779914
2 0.398694 0.177945 0.023565932588823203 0.019926716314779915
2 0.32643911875 0.3192213609375 0.45783004531250004 0.3568199734375 0.47838230625 0.189943671875 0.3397490796875 0.16058039531249998 0.32643911875 0.3192213609375
2 0.1211322015625 0.2617508671875 0.249295546875 0.300222225 0.255363209375 0.1498165984375 0.1166000578125 0.1176638046875 0.1211322015625 0.2617508671875
1 0.2839411453125 0.6464460546875 0.40437820625 0.7061514718749999 0.4382662703125 0.5683095390624999 0.37961442343749996 0.5487040953125 0.299164253125 0.5054910718750001 0.2839411453125 0.6464460546875
2 0.333874 0.546044 0.04514983416039975 0.014058545860084593
2 0.171988 0.489356 0.030451633374611476 0.016924447240056394
2 0.096423 0.459154 0.04473245719592907 0.021857409090609535
2 0.030306 0.430679 0.025946069892376133 0.020748876623205348
1 0.084620596875 0.553774878125 0.21757061093750002 0.6248477140625 0.2343604015625 0.494139996875 0.090196678125 0.4395949296875 0.084620596875 0.553774878125
1 0.40002994375 0.7999130140624999 0.5700424234375 0.8948598671875001 0.6097079140624999 0.6939410953125 0.44658367187500003 0.606547146875 0.40002994375 0.7999130140624999
1 0.4711582515625 0.409081296875 0.6174159515625 0.46180474687500006 0.6767219625 0.2147746234375 0.50088875 0.1819747703125 0.4711582515625 0.409081296875