2 0.160652 0.644299 0.024891550436840416 0.02932898985373029
2 0.19508 0.580083 0.02492791802802081 0.030891489853730292
2 0.216173 0.546871 0.029197843939826384 0.046584673701106284
2 0.296713 0.48424 0.028143837005972294 0.03485228693163087
2 0.366678 0.369883 0.026145579122187533 0.04965512662320539
2 0.407647 0.318276 0.03110518284565984 0.027875584009531627
2 0.515475 0.153038 0.03731881525447918 0.026422178165332967
2 0.769003 0.342545 0.028016550436840326 0.02938353693163105
2 0.624602 0.479811 0.023492704597152782 0.03633296631477982
2 0.59615 0.498838 0.03195916802802081 0.03101422077900686
2 0.49448 0.593118 0.02316539627652787 0.022270466314779823
2 0.383162 0.641936 0.04227907218833345 0.03822274878218401
2 0.318174 0.701714 0.017787565254479176 0.02608125892845372
2 0.912083 0.484048 0.04605803561920141 0.03282218262956001
2 0.768281 0.579936 0.028143837005972273 0.03485228693163087
2 0.736832 0.604377 0.03130520459715278 0.03646933400953163
2 0.638286 0.665131 0.03722789627652778 0.022515928165332967
2 0.765449 0.726702 0.028597778685347207 0.020803423701106282
2 0.860343 0.676816 0.023201763867708357 0.023832966314779824
2 0.592413 0.774442 0.020985300436840326 0.0292608060063543
1 0.6665710765624999 0.7506994890625001 0.7886826609375001 0.6971361578125 0.409697221875 0.186003934375 0.2257270609375 0.3560829734375 0.3845092296875 0.5316085515625 0.4963540046875 0.6245195109375 0.5316464609375 0.618188828125 0.6665710765624999 0.7506994890625001
1 0 0.6303372859375 0.1158747421875 0.7067502 0.22280057343749998 0.7687646124999999 0.3116286015625 0.726147878125 0.0545808078125 0.5465970921875 0 0.6118669390625 0 0.6303372859375
1 0.30746130156249996 0.7581610234375 0.4208447171875 0.8367934078125 0.506142921875 0.798801203125 0.3703606453125 0.7023081312499999 0.30746130156249996 0.7581610234375
1 0.5268222312499999 0.988561703125 0.9006217203125001 0.9059884234375 0.8520383640625001 0.8368717531250001 0.4478241484375 0.951916328125 0.5268222312499999 0.988561703125
4 0.50426590625 0.8794454640625 0.5779396984375 0.8507819921875001 0.7066386312499999 0.810511253125 0.820856215625 0.75528356875 0.7933180375 0.71317704375 0.77156455 0.7165986953125 0.6185818390625 0.7709820546875 0.555143365625 0.8009878390624999 0.4724816984375 0.8237243078125 0.50426590625 0.8794454640625
3 0.43801626406249994 0.7157242296875 0.42762437656249996 0.6655574359374999 0.4489956109375 0.674432025 0.4640557046875 0.6895818593749999 0.478148109375 0.6800882500000001 0.46925560624999996 0.664830759375 0.4542672890625 0.6465971296874999 0.4484346546875 0.6323137453125 0.22663259062500002 0.4275999796875 0.214129934375 0.43501081093750005 0.42699164375 0.62652295 0.3943725453125 0.6373674578124999 0.36373133750000003 0.6625626375 0.346698690625 0.6659424859375 0.327855628125 0.647776140625 0.3360196984375 0.6281108703125 0.2757607375 0.60141981875 0.1482271625 0.5183622671875 0.12940802812500002 0.499167990625 0.1130798890625 0.538498528125 0.3414509375 0.6927494484375 0.3679981484375 0.67790086875 0.39346338125 0.676428859375 0.42278869218750004 0.7077699156249999 0.43801626406249994 0.7157242296875
5 0.132874 0.759392 0.023892094889756875 0.019940353084255236
5 0.196628 0.780809 0.022475065254479176 0.02616307954530477
5 0.25882 0.802199 0.029488131458888844 0.02550456047058134
5 0.318558 0.818861 0.027780161094166544 0.019227286931631227
5 0.365724 0.832179 0.025509146276527873 0.02231137662320535
5 0.412127 0.846265 0.027162565254479177 0.026244900162155815
5 0.460892 0.861173 0.024019381458888843 0.025409103084255237
5 0.248002 0.438096 0.03294043977951393 0.039621607548481916