2 0.078912 0.132448 0.0328125 0.0265625
2 0.25938 0.211355 0.02734375 0.02890625
2 0.328912 0.244948 0.0234375 0.03203125
2 0.47188 0.30823 0.025 0.0296875
2 0.401568 0.516823 0.021875 0.02421875
2 0.250005 0.46448 0.021875 0.02734375
2 0.221099 0.451198 0.02109375 0.03203125
2 0.044537 0.392605 0.02578125 0.03671875
2 0.459381 0.484011 0.02578125 0.01953125
2 0.578912 0.534011 0.03046875 0.02421875
2 0.678131 0.354323 0.0265625 0.02734375
2 0.556255 0.30198 0.0265625 0.0359375
2 0.725787 0.37073 0.0296875 0.02734375
2 0.832037 0.421511 0.0296875 0.02109375
2 0.715631 0.584792 0.02109375 0.021875
2 0.604693 0.542605 0.02265625 0.0234375
2 0.036724 0.562917 0.0234375 0.0265625
2 0.038287 0.698855 0.01953125 0.0265625
2 0.145318 0.723855 0.0265625 0.0171875
2 0.188287 0.602761 0.0171875 0.025
2 0.212505 0.617605 0.01484375 0.02109375
2 0.345318 0.651198 0.0296875 0.02421875
2 0.29063 0.759011 0.0171875 0.0265625
2 0.354693 0.724636 0.0140625 0.0296875
2 0.399224 0.61448 0.025 0.02421875
2 0.443756 0.748855 0.01953125 0.02109375
2 0.474224 0.75823 0.01796875 0.02109375
2 0.552349 0.782448 0.02109375 0.02109375
2 0.630474 0.688698 0.021875 0.01484375
5 0.848443 0.607448 0.021875 0.02734375
5 0.797662 0.657448 0.021875 0.02734375
5 0.757037 0.702761 0.021875 0.02109375
5 0.716412 0.743386 0.02265625 0.021875
5 0.680474 0.780886 0.01953125 0.0234375
5 0.645318 0.813698 0.01484375 0.02421875
5 0.620318 0.844167 0.01875 0.025
5 0.597662 0.868386 0.01875 0.01953125
5 0.207465496875 0.6166335578125001 0.2411786390625 0.6431430359375 0.2593318703125 0.681178378125 0.29823165 0.7099930296875 0.312062684375 0.7318921656249999 0.333673671875 0.75955423125 0.3552846609375 0.792979228125 0.377760090625 0.82064129375 0.395913321875 0.8321671546875 0.414930990625 0.8379300859375001 0.42098206875 0.8148783640625 0.407151034375 0.782605953125 0.39504888125000004 0.75955423125 0.3794889703125 0.742265440625 0.3604712984375 0.721518890625 0.34231806875 0.7053826859375001 0.351826903125 0.6950094109375 0.38294672812499997 0.696161996875 0.388133365625 0.6927042390625 0.3760312109375 0.676568034375 0.3665223765625 0.6615844140625 0.3561491 0.65812665625 0.3379958703125 0.655821484375 0.308604925 0.654668896875 0.260196309375 0.6120232125 0.249823034375 0.5947344203125 0.21697433125 0.5578516671875 0.1970922203125 0.5301896 0.167701275 0.4933068453125 0.1564635609375 0.4806283984375 0.1391747703125 0.45411891875 0.12361485781249999 0.43337236875 0.082121759375 0.5071378796875 0.129665934375 0.5186637390625 0.1720234734375 0.559004253125 0.207465496875 0.6166335578125001
3 0.654062525 0.6556198156249999 0.672750025 0.6501692953125 0.7031172140625 0.6431614812500001 0.7340683859375 0.62914585625 0.7761152625000001 0.6221380437499999 0.8391855781249999 0.60111460625 0.8806484703124999 0.5863203343750001 0.913351596875 0.5754192921875 0.9226953468750001 0.5668541874999999 0.9086797203125 0.53492970625 0.8350976875 0.56451825 0.756843778125 0.58943491875 0.7007812765625 0.612015646875 0.679173853125 0.61279429375 0.6657422125 0.61513023125 0.654062525 0.607343771875 0.6517265875 0.598000021875 0.65756643125 0.58476304375 0.669830103125 0.5754192921875 0.6815097906250001 0.5707474171875 0.688517603125 0.5660755421875 0.69026955625 0.54583075 0.67625393125 0.5520599171875 0.6610703375 0.5668541874999999 0.65055861875 0.5754192921875 0.6417988515624999 0.5684114796874999 0.6412148671875 0.5582890828125 0.6569824468750001 0.5388229359375 0.8514492499999999 0.47497397656249996 0.9069277671875 0.45550782968750003 0.9075117515625 0.4407135578125 0.7638515906250001 0.494440121875 0.6651582281249999 0.5240286656250001 0.6219433828125001 0.5419375203125 0.6137676 0.5528385625000001 0.6248633046875 0.5855416890625 0.6388789296875 0.61279429375 0.6435508046875 0.6447187734375001 0.654062525 0.6556198156249999
3 0.48587501718750004 0.5536172078125 0.5536172078125 0.5364869984375 0.5471933796874999 0.5240286656250001 0.536681659375 0.5201354359375 0.493466815625 0.5388229359375 0.411709 0.5715260625 0.34922266875 0.590992209375 0.31943946562500003 0.6018932515625 0.3252793078125 0.6112370015625 0.3731660296875 0.598000021875 0.42455665624999994 0.578533875 0.48587501718750004 0.5536172078125
3 0.5302578312499999 0.6065651265625001 0.5471933796874999 0.595664084375 0.5565371296875 0.61045835625 0.5501133015625 0.6252526281249999 0.5407695515625 0.627588565625 0.5431054890625 0.643940128125 0.58690431875 0.6260312734375 0.58924025625 0.61746616875 0.5804804906250001 0.602671896875 0.576976584375 0.595664084375 0.5863203343750001 0.5855416890625 0.579312521875 0.578533875 0.5647129109375 0.58009116875 0.5565371296875 0.5637396046875 0.5355136921875 0.5668541874999999 0.536681659375 0.5808698140625 0.519162128125 0.5832057515625 0.5302578312499999 0.6065651265625001
1 0.4590117359375 0.3355963671875 0.175779303125 0.4632942875 0.263960946875 0.598000021875 0.5355136921875 0.48587501875 0.4590117359375 0.3355963671875
1 0.9343750343749999 0.16585156875 0.5220820515625 0.3519479296875 0.57989650625 0.52792189375 0.9565664406250001 0.3792005359375 0.9343750343749999 0.16585156875
1 0.60442385 0.6431614812500001 0.3679101703125 0.7186901296875 0.42572462499999997 0.8012265921875 0.6435508046875 0.7389349234375 0.60442385 0.6431614812500001
1 0.9636326531250001 0.602671896875 0.652310571875 0.6914375265625 0.6944158453125 0.7654088828125001 0.970640465625 0.7093463796874999 0.9636326531250001 0.602671896875
1 0.37187650156249996 0.91971270625 0.0615577875 0.603772278125 0.0607145296875 0.7870402140625 0.2555069828125 0.951194315625 0.37187650156249996 0.91971270625
5 0.529693 0.249636 0.028125 0.02421875