1 0.578962809375 0.654593359375 0.7059913203125 0.7770615921874999 0.839420265625 0.7286842609375 0.736898653125 0.5736729265625 0.578962809375 0.654593359375
1 0.2509505453125 0.3873137625 0.5271387187500001 0.650709990625 0.691365953125 0.571160340625 0.43087371250000006 0.21201543125 0.2509505453125 0.3873137625
1 0.028789506250000003 0.6409603921875 0.26069722031250003 0.779545228125 0.36686650468750004 0.739876490625 0.075360946875 0.537796053125 0.028789506250000003 0.6409603921875
1 0.34310609375 0.7688781515625001 0.48017812031249996 0.8536315546875001 0.5584381656249999 0.8285911125000001 0.4132622875 0.71984749375 0.34310609375 0.7688781515625001
1 0.657367221875 1 0.9576453609375 0.941163121875 0.9188022859375 0.8842100265624999 0.510935503125 0.97448630625 0.5523074296875 1 0.657367221875 1
5 0.075527 0.831567 0.017233920950527094 0.02078987311953817
5 0.140293 0.850752 0.026273339923887563 0.03197742570596276
5 0.196751 0.863155 0.023579421444818748 0.023315479546028684
5 0.254644 0.878637 0.015081171939110228 0.025409176959604096
5 0.3016 0.894438 0.024456171939110226 0.025681961599340043
5 0.349624 0.903185 0.026050505437207504 0.02650867570596276
5 0.396771 0.914298 0.021363005437207504 0.026372283386094965
3 0.14586539062499998 0.5410352421875 0.3869141625 0.7072036328125 0.495468271875 0.6604779625 0.2585789421875 0.4433586046875 0.2488458328125 0.46682981718749994 0.4717472359375 0.646722821875 0.40983117656249995 0.679365153125 0.3925468921875 0.6705481859375 0.16087236875 0.49396307031250003 0.14586539062499998 0.5410352421875
3 0.6690379265625 0.7664845921875 0.5551251796875001 0.659838359375 0.5447137234375 0.6666617421875001 0.659663678125 0.7769013171875 0.6690379265625 0.7664845921875
3 0.479743571875 0.7336591109375 0.47378227656250005 0.6966663078125 0.47276475625 0.671694565625 0.49448859531249995 0.702019684375 0.5226688703125 0.7159045765625 0.521263721875 0.6814197875 0.5074983750000001 0.6715174890625 0.4858033046875 0.6637599046875 0.4464453984375 0.6816182375000001 0.4358688953125 0.7062526296875 0.479743571875 0.7336591109375
4 0.8821986734375 0.81663260625 0.8568499109375001 0.741068621875 0.8020883218750001 0.7525401515625 0.676802603125 0.782150890625 0.59203766875 0.8224424328125 0.504597190625 0.862656125 0.5383995859375 0.9052099 0.8821986734375 0.81663260625
2 0.109495 0.706508 0.022398923421985018 0.03264501543940632
2 0.146816 0.65236 0.017856003460041237 0.01690635517284953
2 0.169773 0.625161 0.021953254448624192 0.02170751543940632
2 0.219018 0.546476 0.01914658942959626 0.029429087226160888
2 0.25105 0.545544 0.020454421444818748 0.023224551332783606
2 0.333663 0.433114 0.026368840418179395 0.034321175705962756
2 0.372865 0.371108 0.03408583992388792 0.03220474623907634
2 0.50058 0.205085 0.030960839923887918 0.03211381802583091
2 0.738253 0.385447 0.026273339923887827 0.03197742570596294
2 0.580242 0.528942 0.02396142342198502 0.03269047954602886
2 0.557444 0.552235 0.028617089923887874 0.03204562186589684
2 0.4435 0.648409 0.024201503954332536 0.01943196159934022
2 0.693564 0.639572 0.023611254942915848 0.024096729546028862
2 0.715389 0.62099 0.02592317144481866 0.023383675705962937
2 0.871027 0.51658 0.02523742193911027 0.02570469365265158
2 0.580383 0.716996 0.02429700444862428 0.02177571159934022
2 0.495507 0.846659 0.018732753954332715 0.01927283722616089
2 0.551068 0.804465 0.015512253460041236 0.016838159012915455
2 0.709277 0.77099 0.01811067144481866 0.02315635517284953
2 0.802721 0.71833 0.02582767095052709 0.021039925705962935
2 0.84277 0.692975 0.03139192144481866 0.02354280007914227
5 0.210549 0.505365 0.021363005437207504 0.026372283386094965