0 0.6479256953125 0.6069218625 0.6997910593750001 0.447309321875 0.6082639453125 0.41216283125000003 0.533821890625 0.5569713328125 0.6479256953125 0.6069218625
0 0.5271099015625 0.868164278125 0.6198573796875 0.6278287515625001 0.5106350203125001 0.571211871875 0.39287013125 0.785970890625 0.5271099015625 0.868164278125
0 0.262291446875 0.7070751765625001 0.39409049375 0.505510409375 0.29890229375 0.46540675625 0.165882884375 0.6304698984375 0.262291446875 0.7070751765625001
0 0.42643007343750006 0.33937351875 0.3361233203125 0.4519143109375 0.41666718124999996 0.5037195750000001 0.5014823093749999 0.3721266265625 0.42643007343750006 0.33937351875
1 0.3881842203125 0.7326681078124999 0.363633025 0.7840020671875 0.36134158125 0.802266146875 0.3754176 0.7745855625 0.3911303640625 0.7566885390625 0.392767109375 0.7548984562500001 0.39735 0.7419627281250001 0.40586108125000003 0.729894425 0.41633625781249994 0.7142535750000001 0.42484733906249994 0.696843590625 0.4340131171875 0.6772040953125 0.44547034218750003 0.6548804296874999 0.45561816874999994 0.637460921875 0.46412924999999994 0.623612059375 0.4700215375 0.60532703125 0.4860616515625 0.5785252984375 0.475259125 0.577697865625 0.45398142343750003 0.61076203125 0.43663191250000005 0.6509255875 0.4189550515625 0.67417571875 0.4081525265625 0.7005018390625 0.3881842203125 0.7326681078124999
1 0.41240806562500004 0.6537373578125 0.4287755296875 0.64073306875 0.42059179843749994 0.6358841390625 0.4052063828125 0.6457667328125 0.37803639375000003 0.6917742453125 0.35512194531249996 0.7052617640625 0.348574959375 0.7226603218750001 0.3354809890625 0.7463289328125 0.3187861765625 0.7735796125000001 0.3433373703125 0.7894618265625 0.3646150734375 0.72924410625 0.37214410625 0.708278715625 0.3881842203125 0.704179134375 0.3996414453125 0.676513784375 0.41240806562500004 0.6537373578125
1 0.392767109375 0.5349991890625 0.289979440625 0.694512246875 0.3001272671875 0.7011303125 0.401605540625 0.540734590625 0.392767109375 0.5349991890625
1 0.3187861765625 0.7713539109374999 0.341700625 0.787245646875 0.37214410625 0.7087238546875 0.38556542656250004 0.7046395078125001 0.41142601875 0.6550784937499999 0.42779348125 0.6411839234375 0.4706762359375 0.587962753125 0.4644566 0.58087669375 0.45561816874999994 0.5951726015625 0.3996414453125 0.652921353125 0.3744355515625 0.694020896875 0.3564313421875 0.702138165625 0.3187861765625 0.7713539109374999
1 0.5054972203125 0.3939766203125 0.4327762234375 0.5103378046875 0.45283718906250003 0.521132915625 0.45735090468750006 0.506784890625 0.44832347187500005 0.4966075765625 0.5110139859375 0.400082425 0.5054972203125 0.3939766203125
0 0.757262328125 0.2711178765625 0.48292863593749996 0.1840553515625 0.43678841718749994 0.24638477343749998 0.7241617359375 0.351103146875 0.757262328125 0.2711178765625
0 0.459375 0.2707649344305924 0.01640625 0.01572044877033605
