5 0.172991071875 0.05859375 0.36830357187499996 0.48270089218749995 0.5375744046875 0.417131696875 0.3813244046875 0.0446428578125 0.172991071875 0.05859375
5 0.5952380953125 0.0376674109375 0.6919642859375 0.34458705312500004 0.7924107140625 0.31110491093750003 0.7087053562500001 0.0404575890625 0.5952380953125 0.0376674109375
5 0.3422619046875 0.5538504468750001 0.46502976250000005 0.8244977671875 0.5933779765625 0.7338169640625 0.49665178593750003 0.46875 0.3422619046875 0.5538504468750001
5 0.6473214281249999 0.40178571406249997 0.723586309375 0.6277901781249999 0.799851190625 0.5650111609375 0.7366071437499999 0.36969866093750003 0.6473214281249999 0.40178571406249997
5 0.9188582421874999 0.61805065625 0.6023796140625 0.936822609375 0.7399790171875 0.9953023546875001 0.9570803 0.7464767671875 0.9188582421874999 0.61805065625
3 0.5688405140625 0.35755689375 0.5760638859375 0.379227009375 0.660938503125 0.3562025125 0.57425804375 0.078554165625 0.5471704 0.08397169531250001 0.6139865875 0.33724116249999997 0.5688405140625 0.35755689375
3 0.6230158015625 0.369746334375 0.6103749015625 0.3399499265625 0.5489762421875 0.3589112765625 0.45326656875 0.0975155171875 0.43340229687500004 0.096161134375 0.54536455625 0.3846445375 0.6230158015625 0.369746334375
3 0.617598271875 0.6758367062499999 0.5399470281250001 0.452363646875 0.5218885984375 0.47132499843750003 0.6103749015625 0.68531738125 0.617598271875 0.6758367062499999
4 0.8234643625 0.6392683875 0.8541636921875 0.5837387171875 0.832493578125 0.57425804375 0.742201434375 0.625724565625 0.6916378328125 0.6541665921875001 0.684414459375 0.6243701828125 0.6302391734375 0.6717735593749999 0.6482976015624999 0.7232400812499999 0.5850931 0.7611627828125 0.44965488281250005 0.8478432437500001 0.541752871875 0.8695133578125 0.592316471875 0.807211778125 0.7259488468749999 0.7015699671875 0.8234643625 0.6392683875
2 0.578125 0.04296875 0.0359375 0.02734375
2 0.7265625 0.04765625 0.02734375 0.0328125
2 0.6328125 0.20546875 0.04140625 0.05546875
2 0.67421875 0.3484375 0.0484375 0.0328125
2 0.78828125 0.30078125 0.034375 0.03515625
2 0.153125 0.0875 0.0578125 0.03671875
2 0.41015625 0.0484375 0.05078125 0.0328125
2 0.23359375 0.26171875 0.06328125 0.0390625
2 0.471875 0.22109375 0.04140625 0.0390625
2 0.265625 0.32734375 0.05078125 0.03359375
2 0.33203125 0.478125 0.03984375 0.0296875
2 0.54296875 0.403125 0.0484375 0.0390625
2 0.50390625 0.4609375 0.0359375 0.03125
2 0.31640625 0.56796875 0.0328125 0.03671875
2 0.37578125 0.67734375 0.04296875 0.03515625
2 0.3984375 0.7296875 0.03828125 0.02265625
2 0.4453125 0.8359375 0.03828125 0.0296875
2 0.56171875 0.590625 0.0359375 0.05703125
5 0.63125 0.85546875 0.0484375 0.03359375
5 0.67421875 0.803125 0.03828125 0.03828125
5 0.725 0.75859375 0.0453125 0.03828125
5 0.77109375 0.72421875 0.05078125 0.0390625
5 0.8 0.6875 0.04296875 0.03359375
5 0.840625 0.6546875 0.034375 0.03671875
5 0.86796875 0.6234375 0.04140625 0.02265625
2 0.2671875 0.53984375 0.04296875 0.0390625
4 0.6111544203125 0.4231745828125 0.62640395625 0.45924559687500005 0.64048045 0.46012537656249997 0.6533839015625 0.4557264734375 0.6369613249999999 0.4293330484375 0.61467354375 0.4020598421875 0.5947318453125 0.380945103125 0.5747901453125001 0.3765461984375 0.5923857625 0.41173743125 0.6111544203125 0.4231745828125