2 0.183786 0.787857 0.021875 0.01796875
2 0.31113 0.755044 0.0203125 0.015625
2 0.375193 0.741763 0.02265625 0.02109375
2 0.494724 0.705044 0.01171875 0.01640625
2 0.66738 0.6652 0.01796875 0.01875
2 0.721286 0.653482 0.01875 0.01484375
2 0.779099 0.643325 0.021875 0.0171875
2 0.836911 0.630044 0.021875 0.0171875
5 0.272849 0.72145 0.025 0.01953125
5 0.37363 0.69645 0.02890625 0.0234375
5 0.727536 0.6152 0.0203125 0.0328125
5 0.812693 0.594888 0.01875 0.02265625
5 0.404388309375 0.451956225 0.1705094484375 0.49485376406250003 0.1992543359375 0.6626137875 0.4546918640625 0.5997995328125 0.404388309375 0.451956225
5 0.5579121421875 0.052089870312499995 0.4181074609375 0.072006584375 0.48670321562499996 0.206827425 0.6330408281250001 0.176186325 0.5579121421875 0.052089870312499995
5 0.5030355390625 0.2811320921875 0.565098365625 0.41365485 0.7107826828125 0.3730553921875 0.6461066859375 0.255853184375 0.5030355390625 0.2811320921875
2 0.227536 0.084732 0.01796875 0.02421875
2 0.247068 0.144107 0.01796875 0.01328125
2 0.253318 0.158169 0.01484375 0.01484375
2 0.275193 0.2277 0.01640625 0.01953125
2 0.083786 0.247232 0.0171875 0.01953125
2 0.075193 0.190982 0.0203125 0.02109375
2 0.527536 0.050357 0.01953125 0.02109375
2 0.555661 0.093325 0.01640625 0.01953125
2 0.568161 0.1152 0.01953125 0.01484375
2 0.599411 0.169107 0.015625 0.01953125
2 0.446286 0.276138 0.015625 0.01953125
2 0.618943 0.250357 0.01875 0.01640625
2 0.656443 0.312857 0.01796875 0.0234375
2 0.675974 0.344888 0.0140625 0.01640625
2 0.49238 0.369888 0.0203125 0.0203125
2 0.483786 0.350357 0.01796875 0.02109375
2 0.286911 0.3027 0.01796875 0.0203125
2 0.311911 0.382388 0.021875 0.015625
2 0.318161 0.4027 0.0234375 0.0171875
2 0.114255 0.44645 0.01796875 0.01953125
2 0.108786 0.409732 0.0171875 0.02109375
2 0.095505 0.339419 0.01796875 0.01875
1 0.2521710625 0.4573184171875 0.2704632640625 0.46421266406250006 0.34951170625 0.4488921140625 0.312927303125 0.3102411375 0.15025736875 0.3347540171875 0.1776956703125 0.4795332140625 0.2358387390625 0.4688088296875 0.2430249625 0.4565523890625 0.2521710625 0.4573184171875
1 0.11497955156249999 0.11184001562500001 0.138498096875 0.2543211296875 0.3037812015625 0.2321063328125 0.2587039921875 0.091157271875 0.11497955156249999 0.11184001562500001
3 0.45926491406250003 0.24589482812500002 0.45730503593750005 0.22368002968749998 0.45273198593749997 0.1938049578125 0.40569489531249997 0.087327134375 0.3939356234375 0.091157271875 0.44227929843749997 0.20299728749999998 0.4448924703125 0.24972496562500002 0.46122479375000003 0.25815126718750003 0.45926491406250003 0.24589482812500002
3 0.3240332828125 0.222147975 0.326646453125 0.25815126718750003 0.324686575 0.2719397625 0.351471584375 0.2719397625 0.351471584375 0.26351345937500004 0.3377524328125 0.25815126718750003 0.3331793828125 0.21908386562499998 0.2939818078125 0.10954193281249999 0.288102171875 0.11413809687500001 0.31554047500000004 0.199933178125 0.3240332828125 0.222147975
3 0.36780390625 0.3715233375 0.3749901296875 0.41365485 0.38478952187500004 0.443529921875 0.395242209375 0.433571565625 0.3521248765625 0.3087090828125 0.3410188984375 0.314071275 0.3599643921875 0.3615649796875 0.36780390625 0.3715233375
3 0.53831335625 0.42054909687500003 0.47625052968750003 0.2857282578125 0.46579784375 0.2949205875 0.5245942046875001 0.4274433453125 0.53831335625 0.42054909687500003
4 0.385442815625 0.240532634375 0.4135344109375 0.261215378125 0.4318266125 0.2750038734375 0.44227929843749997 0.2964526421875 0.45926491406250003 0.3010488078125 0.47037089375 0.2933885328125 0.4514253984375 0.2742378453125 0.43574636875 0.2566192125 0.39850867343749996 0.23593647031249998 0.366497321875 0.2083594796875 0.3534314625 0.176952353125 0.35016499843750004 0.19916715000000002 0.36323085625 0.2244460578125 0.385442815625 0.240532634375
4 0.366497321875 0.1417150875 0.34363206874999996 0.1424811140625 0.3482051203125 0.1639298859375 0.3645374421875 0.176186325 0.36911049218750003 0.1899748203125 0.37368354375 0.209891534375 0.38478952187500004 0.2206159203125 0.3932823296875 0.232872359375 0.40961465312499995 0.2435967453125 0.42202721875 0.2504909921875 0.42464039062500003 0.2428307171875 0.40765477499999997 0.2259781125 0.3919757453125 0.20299728749999998 0.38740269375 0.186910709375 0.366497321875 0.1417150875
1 0.591883375 0.40905868593749994 0.661785715625 0.5607321296875 0.8982777484375 0.514004453125 0.8035502765625001 0.3653951171875 0.591883375 0.40905868593749994
2 0.113474 0.694888 0.01796875 0.01875
5 0.079099 0.410513 0.0234375 0.025
5 0.06113 0.313638 0.01484375 0.021875
5 0.050974 0.219888 0.01328125 0.021875
5 0.050974 0.192544 0.01015625 0.0140625
2 0.059568 0.111294 0.01171875 0.01640625
2 0.069724 0.162857 0.01640625 0.01484375
2 0.433005 0.201919 0.01328125 0.0140625
2 0.404099 0.134732 0.01484375 0.0125
2 0.397849 0.12145 0.0140625 0.01328125
2 0.370505 0.064419 0.01484375 0.01640625
2 0.250974 0.772232 0.021875 0.02890625
5 0.146286 0.748794 0.0296875 0.03046875
2 0.14238 0.705044 0.0234375 0.02890625
2 0.418161 0.595669 0.00859375 0.01015625
5 0.207224 0.458169 0.03203125 0.03046875
5 0.615818 0.385513 0.02578125 0.0328125
5 0.895505 0.573794 0.021875 0.02734375
5 0.887693 0.618325 0.021875 0.0328125
5 0.419724 0.599575 0.00625 0.0125