2 0.931731 0.66321 0.04453125 0.08671875
2 0.887199 0.536647 0.0453125 0.08125
2 0.662199 0.668679 0.028125 0.07109375
2 0.646574 0.467116 0.015625 0.03203125
2 0.636418 0.36946 0.01796875 0.0296875
2 0.872355 0.457741 0.025 0.02421875
2 0.841105 0.376491 0.01484375 0.03046875
2 0.797356 0.333522 0.01953125 0.01796875
2 0.626262 0.314772 0.01953125 0.03046875
2 0.623137 0.25696 0.0140625 0.02109375
2 0.770012 0.260085 0.021875 0.02734375
2 0.562199 0.310085 0.01640625 0.0234375
2 0.526262 0.305397 0.0203125 0.01640625
2 0.385637 0.642116 0.02421875 0.03046875
2 0.116887 0.620241 0.025 0.0265625
2 0.174699 0.50071 0.02109375 0.02890625
2 0.202043 0.453835 0.01953125 0.025
2 0.416887 0.492116 0.02421875 0.0234375
2 0.420793 0.461647 0.025 0.0296875
2 0.44423 0.370241 0.01796875 0.03203125
2 0.242668 0.374147 0.0234375 0.02890625
2 0.295793 0.332741 0.01875 0.021875
2 0.309855 0.308522 0.0171875 0.02109375
2 0.331731 0.258522 0.025 0.01953125
2 0.466105 0.327272 0.01796875 0.021875
2 0.479387 0.258522 0.01640625 0.02421875
2 0.297356 0.23196 0.02109375 0.025
3 0.436865559375 0.37162814375000003 0.4286228140625 0.39581695781250004 0.4286228140625 0.40791136562499997 0.4269742640625 0.43539865312500003 0.4269742640625 0.47278136562500006 0.4253257140625 0.48927373906250005 0.4269742640625 0.5299549265625 0.4253257140625 0.564039165625 0.4179072421875 0.5893274703125 0.41296159374999997 0.616814759375 0.4286228140625 0.6234117078125 0.43604128593749997 0.60581984375 0.437689834375 0.5772330640625001 0.437689834375 0.5519447578125 0.437689834375 0.52445746875 0.437689834375 0.5002686546875 0.43851410937499996 0.46948289218749995 0.44263548124999996 0.4364981453125 0.44263548124999996 0.4145083140625 0.44263548124999996 0.4002149234375 0.45170250312500004 0.3914189921875 0.457472425 0.3892200078125 0.47560646875 0.3892200078125 0.47230936874999996 0.36503119375000004 0.4615937984375 0.360633228125 0.4582967015625 0.354036278125 0.453351053125 0.347439328125 0.4558238765625 0.31775305781249996 0.4558238765625 0.2880667859375 0.46241807343749997 0.2748728875 0.4508782296875 0.2616789890625 0.4434597578125 0.28586780312500004 0.437689834375 0.31885255 0.43933838437499995 0.345240346875 0.436865559375 0.37162814375000003
3 0.453351053125 0.49477119687500004 0.453351053125 0.5101640781250001 0.45417532656250004 0.5420493343749999 0.453351053125 0.5519447578125 0.450053953125 0.5838300140625 0.4484054046875 0.6069193359375 0.44510830625000003 0.6245111999999999 0.4582967015625 0.63330713125 0.46241807343749997 0.6256106906250001 0.4690122703125 0.5981234015625 0.4690122703125 0.5739345890625 0.4690122703125 0.5552432328125 0.47230936874999996 0.525556959375 0.47230936874999996 0.5035671296875 0.47230936874999996 0.471681875 0.47395791875000004 0.44969204375 0.47890356718750005 0.4277022125 0.480552115625 0.4145083140625 0.4690122703125 0.3991154328125 0.4599452484375 0.4145083140625 0.4599452484375 0.43979661875 0.457472425 0.45628899375 0.45417532656250004 0.47717933281249997 0.453351053125 0.49477119687500004
3 0.56050675625 0.3210515328125 0.5629795796875 0.3287479734375 0.5646281296875 0.34194187187499997 0.5638038546875 0.3529367875 0.5621553046875001 0.3771256015625 0.5613310296875 0.3925184828125 0.57369515 0.39801594218749997 0.58770781875 0.39801594218749997 0.58770781875 0.42440373749999993 0.5893563671875001 0.44089611250000005 0.595950565625 0.4738808578125 0.6000719390625 0.49367170624999995 0.6050175875 0.526656453125 0.608314684375 0.5552432328125 0.6140846062499999 0.5915264546875 0.6280972765625 0.6146157765625 0.6421099453125 0.6135162843749999 0.638812846875 0.5970239109375 0.6371642984375 0.5717356062500001 0.6297458265625 0.5464473 0.624800178125 0.5079650953125 0.6149088828125 0.48047780625 0.612436059375 0.4441945859375 0.6025447625 0.41340882343749996 0.5992476640625 0.3749266171875 0.5852349953125 0.36503119375000004 0.5753437 0.3518372953125 0.5712223265625 0.3056586515625 0.5646281296875 0.270474921875 0.5547368328125 0.2803703453125 0.5539125578124999 0.302360175 0.56050675625 0.3210515328125
1 0.6569468890625 0.48817424843749996 0.68744505 0.6530979796875 0.9248361484375 0.6377050984375 0.7978978515625 0.357334753125 0.7492656484375 0.354036278125 0.737725803125 0.3254494984375 0.70228199375 0.24958458125 0.5992476640625 0.2616789890625 0.61820598125 0.3287479734375 0.6569468890625 0.48817424843749996
1 0.4212043421875 0.25288305625 0.3049816171875 0.2517835640625 0.2530523140625 0.357334753125 0.1994744625 0.448592553125 0.394827553125 0.470582384375 0.4212043421875 0.25288305625
1 0.2011230125 0.53985035 0.15413935781250002 0.7080725578125 0.36927503906250003 0.701475609375 0.38576053125 0.5431488250000001 0.2011230125 0.53985035
1 0.3173457375 0.076964409375 0.293441771875 0.12424254531250001 0.7154703875 0.1253420375 0.6833236765625 0.0736659328125 0.3173457375 0.076964409375
4 0.3709235875 0.2440871234375 0.40636739843749997 0.2440871234375 0.45417532656250004 0.2517835640625 0.5077531796875 0.2517835640625 0.5341299671875 0.2517835640625 0.6206788046875 0.24298763281250002 0.6536497890625 0.24848509062500002 0.689917875 0.24848509062500002 0.7187674875 0.239689159375 0.7212403109375 0.23089322499999998 0.7187674875 0.20670441093749997 0.6956877968749999 0.2023064453125 0.666838184375 0.207803903125 0.6412856703125 0.1990079703125 0.6058418609375 0.20010746250000003 0.5275357703125 0.1979084796875 0.41873151875000003 0.1836150890625 0.322291384375 0.18801305468750001 0.27778055468749996 0.1902120390625 0.2761320046875 0.2286942421875 0.3198185609375 0.24958458125 0.3709235875 0.2440871234375
5 0.555168 0.546022 0.02109375 0.021875
5 0.503606 0.548366 0.01953125 0.025
6 0.084855 0.683522 0.02421875 0.02421875
6 0.124699 0.754616 0.02109375 0.021875
6 0.28173 0.742897 0.0296875 0.0265625
6 0.441106 0.738991 0.0265625 0.025
6 0.602824 0.745241 0.0296875 0.02109375
6 0.768449 0.752272 0.01875 0.025
6 0.924699 0.767897 0.028125 0.021875
6 0.982512 0.69446 0.01875 0.01875
6 0.930168 0.571804 0.0234375 0.02734375