2 0.129967 0.858972 0.021875 0.0203125
2 0.309654 0.78319 0.0265625 0.028125
2 0.372936 0.746472 0.02421875 0.0203125
2 0.519811 0.680847 0.02265625 0.02265625
2 0.609654 0.697253 0.01640625 0.02734375
2 0.728404 0.641003 0.0203125 0.01796875
2 0.773717 0.616784 0.01640625 0.02265625
2 0.879186 0.568347 0.01640625 0.02109375
2 0.765904 0.410534 0.01953125 0.0234375
2 0.653404 0.449597 0.01953125 0.01796875
2 0.628404 0.461315 0.015625 0.02109375
2 0.504967 0.505065 0.0234375 0.01953125
2 0.451842 0.473815 0.015625 0.0203125
2 0.301061 0.527722 0.028125 0.0203125
2 0.273717 0.537878 0.0203125 0.0234375
2 0.093248 0.603503 0.0296875 0.02109375
2 0.086998 0.429284 0.0265625 0.03046875
2 0.089342 0.294909 0.025 0.02421875
2 0.194811 0.268347 0.01953125 0.01953125
2 0.242467 0.255847 0.021875 0.02421875
2 0.337779 0.23319 0.0203125 0.0203125
2 0.397936 0.344128 0.021875 0.01796875
2 0.263561 0.379284 0.02265625 0.015625
2 0.235436 0.385534 0.0171875 0.02265625
2 0.405748 0.262878 0.021875 0.0203125
2 0.447936 0.376159 0.015625 0.01953125
2 0.521373 0.233972 0.01953125 0.0171875
2 0.488561 0.242565 0.01953125 0.01796875
2 0.599498 0.210534 0.021875 0.02421875
2 0.681529 0.302722 0.01875 0.02421875
3 0.345346996875 0.38626006875 0.361356459375 0.45131439531249995 0.0907202921875 0.5448299921875 0.09453206875 0.5580441515625 0.3880388984375 0.450297921875 0.35220819375 0.344584640625 0.0800473171875 0.42285312812500003 0.09148264687499999 0.4624956078125 0.327812821875 0.3811777 0.345346996875 0.38626006875
3 0.6266561375 0.4157378109375 0.6815457265625 0.3954083328125 0.6708727515625 0.384227121875 0.45283910625 0.4604626609375 0.4642744375 0.47672624218750004 0.5222134484375001 0.4553802921875 0.6266561375 0.4157378109375
4 0.58853836875 0.19211355937500002 0.5946372109375 0.2134595125 0.6030231203125 0.22972309375000002 0.6144584515625 0.243953728125 0.6281808484375 0.260217309375 0.6403785359375 0.271398521875 0.6556256421875 0.2785138390625 0.66096213125 0.28054678593750004 0.6647739078125 0.2907115265625 0.6617244859375 0.3049421609375 0.6312302703125 0.30697510625 0.6121713859375 0.311041003125 0.6053101859375001 0.3181563203125 0.60988431875 0.3293375328125 0.6129337406250001 0.3456011140625 0.6258937828125 0.3547493796875 0.635042046875 0.3425516921875 0.6647739078125 0.3374693234375 0.6838327921875 0.34153521875 0.7044163890624999 0.3456011140625 0.7105152312499999 0.361864696875 0.7310988265625 0.37609533125 0.7371976703125 0.3964248078125 0.7509200671875 0.42590255 0.77226601875 0.44826497343750005 0.8027602359375001 0.4828250859375 0.831729740625 0.5051875109374999 0.8469768468750001 0.5275499359375 0.8736592875 0.5712583125 0.9064405687500001 0.5793901031249999 0.915588834375 0.562110046875 0.9087276359375001 0.540764096875 0.8690851546875 0.4828250859375 0.8561251125 0.467577978125 0.8263932515624999 0.44826497343750005 0.8111461453125001 0.42285312812500003 0.7974237468750001 0.3994742296875 0.7821766390625 0.3821941734375 0.7684542421875 0.3699964875 0.752444778125 0.3435681671875 0.735672959375 0.321205740625 0.7006046109375 0.29681036875 0.686119859375 0.2764808921875 0.669348040625 0.24700315 0.63809146875 0.2195583546875 0.6175078734375 0.19211355937500002 0.585488946875 0.136207496875 0.5839642359375 0.1585699234375 0.5839642359375 0.17381703125 0.58853836875 0.19211355937500002
4 0.43073079999999997 0.3882930171875 0.455888528125 0.3781282765625 0.4680862140625 0.372029434375 0.466561503125 0.3577988 0.4635120828125 0.3547493796875 0.45970030624999997 0.3516999578125 0.45131439687499997 0.3516999578125 0.43682964375 0.358815275 0.42768137968750003 0.3689800125 0.4162460484375 0.37609533125 0.40252365 0.383210646875 0.38880125312499997 0.38727654375 0.383464765625 0.39744128125 0.3933753859375 0.421836653125 0.4070977828125 0.4065895453125 0.417008403125 0.39744128125 0.43073079999999997 0.3882930171875
1 0.31332806875 0.22972309375000002 0.0381177703125 0.299859790625 0.0327812828125 0.3964248078125 0.349158771875 0.3090080546875 0.31332806875 0.22972309375000002
1 0.372029434375 0.26326673125 0.39108831875 0.3435681671875 0.6281808484375 0.27444794375 0.5694794828124999 0.20939361562499997 0.372029434375 0.26326673125
1 0.729574115625 0.4126883890625 0.4741850578125 0.5072204578124999 0.5527076640625 0.657658590625 0.8241061859375 0.5356817265625 0.729574115625 0.4126883890625
5 0.668248 0.144909 0.01796875 0.03125
5 0.697936 0.178503 0.0203125 0.0203125
5 0.729186 0.209753 0.01796875 0.02421875
5 0.765904 0.249597 0.0140625 0.02421875
5 0.804967 0.293347 0.01640625 0.0296875
5 0.850279 0.337878 0.015625 0.0203125
5 0.901061 0.385534 0.02109375 0.02421875
1 0.73872238125 0.053873114062500005 0.6159831625 0.08030143437500001 0.9407465625 0.40252365156250003 0.9956361515625 0.3791447515625 0.993349084375 0.2581843625 0.73872238125 0.053873114062500005
1 0.41472133749999995 0.484858034375 0.0548895890625 0.6261479015625 0.0655625640625 0.8162285140625001 0.477996834375 0.6403785359375 0.41472133749999995 0.484858034375
5 0.583873 0.740222 0.03203125 0.03671875