1 0.4078504484375 0.445486884375 0.1726934328125 0.49115575156249996 0.1998834625 0.67727793125 0.46810943437499997 0.614375528125 0.4078504484375 0.445486884375
1 0.809821971875 0.37052100625 0.5937714640625 0.415328196875 0.6738718218749999 0.5678449828125001 0.9031499125 0.516144378125 0.809821971875 0.37052100625
1 0.10582065624999999 0.1111563015625 0.13595015 0.2645347640625 0.3101133140625 0.23868446250000003 0.2616121796875 0.0896143828125 0.10582065624999999 0.1111563015625
1 0.4284266875 0.073242525 0.42475235937500005 0.068934140625 0.4879508078125 0.21197248281249997 0.6312496140625 0.182675471875 0.5548235828125 0.05256228281250001 0.4284266875 0.073242525
1 0.512201375 0.27918326875 0.5695208968750001 0.411881490625 0.70326645 0.362765915625 0.6532955828125 0.25419464375 0.512201375 0.27918326875
2 0.560511 0.331103 0.01875 0.021875
2 0.527698 0.405322 0.01875 0.015625
2 0.520667 0.421728 0.01875 0.0140625
2 0.398792 0.438916 0.01796875 0.01484375
2 0.332386 0.395947 0.015625 0.01796875
2 0.349573 0.365478 0.01171875 0.02421875
2 0.385511 0.306103 0.015625 0.0203125
2 0.411292 0.218603 0.01484375 0.025
2 0.440198 0.170947 0.0140625 0.01484375
2 0.455042 0.143603 0.0171875 0.01796875
2 0.480042 0.101416 0.0140625 0.01171875
2 0.637855 0.117041 0.01796875 0.01640625
2 0.611292 0.175635 0.015625 0.01328125
2 0.607386 0.189697 0.01640625 0.0140625
2 0.575355 0.252978 0.01875 0.0140625
2 0.72223 0.354541 0.01796875 0.01953125
2 0.698011 0.434228 0.015625 0.01953125
2 0.691761 0.457666 0.02109375 0.015625
2 0.894886 0.49751 0.015625 0.021875
2 0.899573 0.465478 0.01953125 0.0171875
2 0.911292 0.393603 0.01875 0.01640625
2 0.925355 0.300635 0.01875 0.0140625
2 0.93473 0.24126 0.0109375 0.01875
2 0.94098 0.213916 0.01640625 0.0234375
2 0.949573 0.163916 0.01953125 0.01640625
2 0.779261 0.137353 0.0125 0.01796875
5 0.802698 0.515478 0.01953125 0.01875
4 0.35420525468749997 0.20852577499999997 0.36375850781249996 0.21714254375 0.37331176250000003 0.23092937187499998 0.38580447812499996 0.2395461390625 0.40270638906249995 0.25419464375 0.420343165625 0.2645347640625 0.435040478125 0.2722898546875 0.44606346406249997 0.28866171406249996 0.45561671718749996 0.299001834375 0.465169971875 0.29986351093749997 0.4585561796875 0.2903850671875 0.4504726578125 0.27659823906250003 0.44165426874999997 0.265396440625 0.41225964218750005 0.24988625937500003 0.37772095625 0.2197275734375 0.3600841796875 0.20335571562500002 0.3527355234375 0.18353714999999998 0.3453868671875 0.18353714999999998 0.3453868671875 0.1964623015625 0.35420525468749997 0.20852577499999997
3 0.32554549375 0.2705665015625 0.3549401203125 0.2722898546875 0.29394626874999996 0.10340121093750002 0.28439301562499997 0.112017978125 0.32407576250000003 0.22403595781250002 0.32554549375 0.2705665015625
3 0.4534121203125 0.20421739218749999 0.41078991093750006 0.087029353125 0.3975623296875 0.0913377359375 0.44532859843750006 0.2076640984375 0.44826806093749993 0.252471290625 0.462230509375 0.2550563203125 0.4534121203125 0.20421739218749999
3 0.47031403125000004 0.2860766828125 0.4659048375 0.289523390625 0.52836841875 0.43170005624999996 0.5379216734375001 0.4230832875 0.47986728437500004 0.2878000375 0.47031403125000004 0.2860766828125
3 0.340977671875 0.311065309375 0.3850696125 0.44634856093749997 0.3990320609375 0.4420401765625 0.35420525468749997 0.311065309375 0.340977671875 0.311065309375
2 0.895667 0.748291 0.0203125 0.0265625
2 0.826136 0.838916 0.01640625 0.01875
2 0.762073 0.824072 0.01953125 0.02265625
2 0.700355 0.804541 0.02109375 0.025
2 0.633167 0.792822 0.01953125 0.02109375
2 0.287073 0.708447 0.01484375 0.021875
2 0.176917 0.684228 0.01484375 0.0296875
5 0.736292 0.769385 0.02734375 0.025
5 0.638636 0.74751 0.02265625 0.02890625
5 0.279261 0.662353 0.028125 0.03671875
5 0.193323 0.649072 0.02734375 0.03125
2 0.75973 0.202197 0.01484375 0.02890625