2 0.368607 0.756936 0.022330918320799496 0.027176265439406055
2 0.4928 0.593136 0.01642552067816432 0.017642141066226812
2 0.537571 0.538895 0.02024187944567011 0.032576819279472244
2 0.617702 0.430921 0.0168621683207995 0.027017141066226814
2 0.648843 0.434174 0.01753425641014079 0.02469612311953817
2 0.700919 0.357458 0.02634633023145838 0.029633675705962936
2 0.721724 0.330683 0.018424668320799496 0.02706260517284953
2 0.760281 0.275478 0.019987168320799498 0.02710806927947216
2 0.607651 0.210017 0.02556508023145838 0.02961094365265158
2 0.548182 0.260701 0.019732457195929066 0.021639319279472158
2 0.533501 0.273573 0.01611730562435252 0.027775659012915455
2 0.426848 0.312715 0.022476467535011223 0.030301265439406144
2 0.314596 0.40489 0.026200781017246655 0.026508675705962936
2 0.292338 0.429277 0.024274407981717337 0.01865071159934022
2 0.128158 0.561403 0.021804379445670107 0.03262228338609478
5 0.799588 0.153799 0.023330492142117264 0.031886497492717526
5 0.735909 0.126913 0.028835629445670106 0.032826871865896924
5 0.675371 0.116546 0.017607031017246654 0.026258623119538173
5 0.617469 0.099997 0.02002355562435234 0.027889319279472156
5 0.571285 0.083789 0.03252355562435252 0.028253032132453625
5 0.524811 0.073832 0.024111742142117264 0.03190922954602886
5 0.475757 0.052064 0.022003432588823202 0.020145015439406187
5 0.437313 0.037647 0.024892992142117088 0.03193196159934022
1 0.391154003125 0.7946143140624999 0.792364865625 0.30796443125 0.6737667640625 0.2596964390625 0.520153140625 0.3790074125 0.49842011875000003 0.364503075 0.2024914609375 0.6354660234375 0.391154003125 0.7946143140624999
1 0 0.372078259375 0.0352043078125 0.4641347984375 0.317273890625 0.28453702187499996 0.2970845828125 0.2540714796875 0.42963081875000003 0.17469634843749998 0.29798307031250004 0.251963475 0.21870599687499997 0.23578477343749998 0 0.35045724843750004 0 0.372078259375
1 0.37758008125 0.30516303906250003 0.522747946875 0.203015575 0.43212775312499996 0.1726348515625 0.301328859375 0.24885960312500002 0.37758008125 0.30516303906250003
2 0.292587 0.239183 0.023112168320799497 0.0271989974927175
2 0.175885 0.309324 0.026909256410140792 0.024968907759274295
2 0.150756 0.328151 0.02999786910658786 0.02427858597251955
2 0.0 0.423718 0.028289819892376146 0.021108121865896834
2 0.162993 0.182997 0.029888707195929065 0.02193483597251964
2 0.071784 0.2265 0.02193065798171734 0.018582515439406144
2 0.022927 0.250894 0.017388707195929064 0.021571123119538172
4 0.451447796875 0.1358493890625 0.54582615 0.20582123125 0.5604157953125 0.21905064375 0.5931890375 0.23707744375 0.610374884375 0.2461141 0.635498225 0.23937559218749999 0.6897461203125 0.24308819375000001 0.7170788046875 0.2748286609375 0.762838146875 0.2889650203125 0.7801728890625 0.2948047828125 0.808195325 0.294553078125 0.8281707968750001 0.27806110781250004 0.8422984437500001 0.24966116249999998 0.74888351875 0.22773571874999998 0.67684398125 0.19362733906250001 0.615298709375 0.17476335625 0.525731003125 0.1561510828125 0.48981050000000004 0.13696562968749998 0.451447796875 0.1358493890625
3 0.1878902203125 0.416290840625 0.13295257031250002 0.44457041249999996 0.1006909578125 0.467107340625 0.11728121093749999 0.4889315625 0.1429008765625 0.47153674843750004 0.200082196875 0.42945048750000003 0.26256028124999997 0.393920796875 0.358148834375 0.3348118015625 0.3880777171875 0.3623595140625 0.4234471609375 0.37619355625 0.399227409375 0.3978974046875 0.3985414203125 0.3988166828125 0.45551534374999997 0.3749924953125 0.43448228125000005 0.36264267499999997 0.4111011828125 0.3491574546875 0.3767294921875 0.3310841453125 0.3593451171875 0.32631001249999997 0.3310197828125 0.31588215625 0.2902696171875 0.34884284062500004 0.23912955 0.381501209375 0.1878902203125 0.416290840625
3 0.41136975312499996 0.4121226828125 0.3958558171875 0.402415590625 0.3813021796875 0.421918553125 0.3085385640625 0.4720880125 0.2536556484375 0.5163752984375 0.2031162734375 0.5533194453125 0.2150600890625 0.571807246875 0.24711806875 0.5364594968749999 0.3200802140625 0.4820275140625 0.35993189375 0.45117483593749996 0.41136975312499996 0.4121226828125
3 0.6279628921875 0.2636990546875 0.6177715234375001 0.2591342171875 0.55929465625 0.311853528125 0.50101631875 0.3603103171875 0.510860259375 0.3723345703125 0.6279628921875 0.2636990546875
1 0.913587 0.1108815734375 0.534382371875 0.0219513890625 0.4514222859375 0.0504826640625 0.8643037484375 0.1724049921875 0.913587 0.1108815734375
5 0.657253 0.471969 0.030143418320799496 0.027403585972519552