2 0.516399 0.893155 0.01875 0.02510908430895533
2 0.474212 0.778847 0.015625 0.02118465359079611
2 0.457024 0.734997 0.01484375 0.02586760841125635
2 0.422649 0.648078 0.01796875 0.02432328912941557
2 0.380462 0.554864 0.0125 0.014916472872636888
2 0.369524 0.526675 0.01484375 0.01961760841125635
2 0.345305 0.467159 0.01796875 0.014167039129415571
2 0.457806 0.417814 0.0109375 0.017251132513557366
2 0.489056 0.482058 0.01171875 0.015693177693097127
2 0.497649 0.496952 0.01171875 0.013349427693097127
2 0.532805 0.572156 0.00859375 0.011768746974937905
2 0.551556 0.573828 0.0125 0.013353972872636889
2 0.603899 0.667882 0.01015625 0.016465337334017605
2 0.611712 0.68824 0.0125 0.01804147287263689
2 0.676556 0.80268 0.01484375 0.017273858411256348
2 0.725774 0.623279 0.01171875 0.014911927693097127
2 0.714837 0.604465 0.0203125 0.019649424668035032
2 0.66093 0.522902 0.015625 0.015715903590796287
2 0.770306 0.475882 0.01640625 0.01806419877033605
2 0.818743 0.53632 0.01328125 0.02195226805217665
2 0.844524 0.564595 0.01015625 0.013340337334017604
2 0.902337 0.639931 0.01328125 0.01882726805217665
2 0.734368 0.465516 0.01484375 0.014148858411256349
2 0.696868 0.418423 0.01875 0.016515334308955375
2 0.678899 0.397225 0.0109375 0.014126132513557366
2 0.643743 0.351708 0.01171875 0.015693177693097127
2 0.546868 0.382394 0.01171875 0.013349427693097127
2 0.593743 0.453761 0.015625 0.014153403590796287
2 0.585931 0.440434 0.009375 0.021148292154477666
1 0.6479256953125 0.6069218625 0.6997910593750001 0.447309321875 0.6082639453125 0.41216283125000003 0.533821890625 0.5569713328125 0.6479256953125 0.6069218625
1 0.5271099015625 0.868164278125 0.6198573796875 0.6278287515625001 0.5106350203125001 0.571211871875 0.39287013125 0.785970890625 0.5271099015625 0.868164278125
1 0.262291446875 0.7070751765625001 0.39409049375 0.505510409375 0.29890229375 0.46540675625 0.165882884375 0.6304698984375 0.262291446875 0.7070751765625001
1 0.42643007343750006 0.33937351875 0.3361233203125 0.4519143109375 0.41666718124999996 0.5037195750000001 0.5014823093749999 0.3721266265625 0.42643007343750006 0.33937351875
3 0.3881842203125 0.7326681078124999 0.363633025 0.7840020671875 0.36134158125 0.802266146875 0.3754176 0.7745855625 0.3911303640625 0.7566885390625 0.392767109375 0.7548984562500001 0.39735 0.7419627281250001 0.40586108125000003 0.729894425 0.41633625781249994 0.7142535750000001 0.42484733906249994 0.696843590625 0.4340131171875 0.6772040953125 0.44547034218750003 0.6548804296874999 0.45561816874999994 0.637460921875 0.46412924999999994 0.623612059375 0.4700215375 0.60532703125 0.4860616515625 0.5785252984375 0.475259125 0.577697865625 0.45398142343750003 0.61076203125 0.43663191250000005 0.6509255875 0.4189550515625 0.67417571875 0.4081525265625 0.7005018390625 0.3881842203125 0.7326681078124999
3 0.41240806562500004 0.6537373578125 0.4287755296875 0.64073306875 0.42059179843749994 0.6358841390625 0.4052063828125 0.6457667328125 0.37803639375000003 0.6917742453125 0.35512194531249996 0.7052617640625 0.348574959375 0.7226603218750001 0.3354809890625 0.7463289328125 0.3187861765625 0.7735796125000001 0.3433373703125 0.7894618265625 0.3646150734375 0.72924410625 0.37214410625 0.708278715625 0.3881842203125 0.704179134375 0.3996414453125 0.676513784375 0.41240806562500004 0.6537373578125
3 0.392767109375 0.5349991890625 0.289979440625 0.694512246875 0.3001272671875 0.7011303125 0.401605540625 0.540734590625 0.392767109375 0.5349991890625
3 0.3187861765625 0.7713539109374999 0.341700625 0.787245646875 0.37214410625 0.7087238546875 0.38556542656250004 0.7046395078125001 0.41142601875 0.6550784937499999 0.42779348125 0.6411839234375 0.4706762359375 0.587962753125 0.4644566 0.58087669375 0.45561816874999994 0.5951726015625 0.3996414453125 0.652921353125 0.3744355515625 0.694020896875 0.3564313421875 0.702138165625 0.3187861765625 0.7713539109374999
4 0.3835732765625 0.647771890625 0.370609078125 0.6666138171875 0.373536478125 0.6813825171875 0.38859167656250004 0.65286083125 0.43919387031249996 0.5985416531250001 0.4872868640625 0.5459431171875 0.520742859375 0.512196240625 0.54290745625 0.48249583124999995 0.5617264546875 0.4494027921875 0.573436053125 0.42033188906249996 0.578036253125 0.40551939531250003 0.5905822515625 0.38554253906249997 0.60521925 0.3786331984375 0.627383846875 0.387603159375 0.65707604375 0.3959606453125 0.680913440625 0.40207746406249995 0.7060054375 0.399088075 0.7122784359375001 0.403601034375 0.726079034375 0.40352074375 0.729006434375 0.39269875625 0.7156240359375 0.39277661406250003 0.6942958390625 0.392900696875 0.6708766421875 0.387350125 0.65498504375 0.38630521562500003 0.6424390453125 0.38126007031250003 0.629056646875 0.371101653125 0.6127468484375 0.3689218125 0.60145545 0.3706935484375 0.5884912515625 0.37645579218749997 0.5788726515625 0.3844732984375 0.5713450531250001 0.40271491406250004 0.5621446546875 0.4164168078125 0.55043505625 0.455155303125 0.5311978578125001 0.4899568203125 0.5132152609375 0.5082592625 0.47014066562499995 0.551729690625 0.41619287343750005 0.6083430609375 0.3835732765625 0.647771890625
4 0.44170307031249995 0.2982629921875 0.43041167187499996 0.2932105453125 0.4320844703125 0.302299725 0.44546686874999997 0.31018341562499996 0.4563400671875 0.3163756578125 0.46637686718750004 0.32769090312500004 0.48310486406250003 0.33271172187500003 0.5132152609375 0.345047546875 0.5257612593750001 0.351798740625 0.5328706578125 0.363131015625 0.5299432578125 0.37565905 0.5240884593749999 0.38137993125 0.5115424609375 0.38998315156249996 0.518651859375 0.39960938281249997 0.5240884593749999 0.39559697968749996 0.5341252578125 0.388145721875 0.5374708578125 0.3613982078125 0.5303614578125 0.34949724843749996 0.521997459375 0.3410156796875 0.5161426609374999 0.3353629234375 0.4939780625 0.329236371875 0.48686866406249996 0.3292777328125 0.47515906562500004 0.32422771875 0.46637686718750004 0.316317265625 0.45215806875000003 0.30559503125 0.44170307031249995 0.2982629921875
4 0.647428546875 0.382239065625 0.660969696875 0.38625221875000004 0.67751999375 0.39161184375 0.678023228125 0.39183702187499997 0.6872322109375 0.3834775890625 0.66297579375 0.37942066093750004 0.6499361671874999 0.369948678125 0.6298752015625 0.3502877140625 0.611820334375 0.336752975 0.5952700375 0.3368492625 0.5807258390625 0.3417078 0.575710596875 0.34310095625 0.5611663984375 0.33568369374999996 0.5506343921875 0.34597479999999997 0.5466221984375 0.357591953125 0.5406039093749999 0.34671514375 0.5340840953125 0.3269753984375 0.5215459921875001 0.3202284546875 0.5130200828125 0.3052743015625 0.519539896875 0.29637051406250003 0.5245551374999999 0.2874754828125 0.5215459921875001 0.2847650328125 0.50700179375 0.293033515625 0.5075033171875 0.3128082765625 0.5130200828125 0.32641595625000003 0.5270627578125 0.3365640921875 0.5441145781250001 0.367836375 0.5416069578125 0.37671681874999996 0.53508714375 0.3897125390625 0.5431115296875 0.4019416546875 0.5506343921875 0.3964419765625 0.558157253125 0.393670253125 0.558157253125 0.3854863859375 0.55665268125 0.379357240625 0.554646584375 0.3732310125 0.554646584375 0.36368316875 0.558157253125 0.35138694375 0.5641755421875 0.3472599984375 0.572199928125 0.35130524531249996 0.575710596875 0.3546947671875 0.576212121875 0.3676496359375 0.5772151703125 0.377873634375 0.5807258390625 0.3798991765625 0.5872456515625 0.3737233453125 0.5872456515625 0.3675854453125 0.588750225 0.3580288484375 0.59226089375 0.34914256875 0.6027929000000001 0.34567135000000004 0.6113188093749999 0.350395671875 0.6173371000000001 0.3537706 0.6273675812499999 0.3673520234375 0.6389026359375001 0.3781967359375 0.647428546875 0.382239065625
3 0.5054972203125 0.3939766203125 0.4327762234375 0.5103378046875 0.45283718906250003 0.521132915625 0.45735090468750006 0.506784890625 0.44832347187500005 0.4966075765625 0.5110139859375 0.400082425 0.5054972203125 0.3939766203125
1 0.757262328125 0.2711178765625 0.48292863593749996 0.1840553515625 0.43678841718749994 0.24638477343749998 0.7241617359375 0.351103146875 0.757262328125 0.2711178765625
1 0.599993 0.285047 0.01640625 0.01572044877033605