1 0.8358797234375 0.5055964421875 0.5999255546875 0.45582289375 0.5426145296875 0.6236597125000001 0.8119384671875001 0.6912440171875 0.8358797234375 0.5055964421875
1 0.4134781171875 0.4224189421875 0.196645496875 0.3738405765625 0.105859421875 0.517834903125 0.33603994843749996 0.573537571875 0.4134781171875 0.4224189421875
1 0.8686673218750001 0.2796168109375 0.896119584375 0.126764259375 0.7399520453124999 0.10250299062499998 0.6940529390625 0.2507264796875 0.8686673218750001 0.2796168109375
1 0.5157491859375 0.220910334375 0.576450890625 0.07897512500000001 0.5728517656250001 0.083219375 0.4460938953125 0.060332865624999996 0.3719389984375 0.189112034375 0.5157491859375 0.220910334375
1 0.43766852187499994 0.41939553125 0.49267178749999996 0.287697825 0.3511414015625 0.2602463921875 0.303065653125 0.36794541875000003 0.43766852187499994 0.41939553125
2 0.5166552605500115 0.2917445840062364 0.01913182954530477 0.0222022824674041
2 0.4851382536501527 0.3653905896882792 0.019022735389503432 0.0159522824674041
2 0.47839337580913116 0.3816741087630027 0.01899546185055314 0.0143897824674041
2 0.356818384737585 0.3967342727248761 0.018227848620028197 0.015157395697928955
2 0.2896621124164507 0.35260639731948673 0.015938645697928955 0.01824148538950343
2 0.306317778406919 0.32243765624794046 0.012141489853730291 0.02442330154212762
2 0.3412188839268061 0.2636899476437983 0.01597955600635448 0.02058523538950343
2 0.36547281574558704 0.1766399610364789 0.015280126623205437 0.02525909862002824
2 0.3935472228076017 0.12948827150706016 0.014321598620028287 0.015089211850553053
2 0.4079136858759707 0.10240362012708841 0.017501145697928953 0.018268758928453734
2 0.4321773003243116 0.06065249675029383 0.014267051542127618 0.011964211850553052
2 0.5902625357138149 0.07903212418427817 0.018255122158978666 0.01671989569792891
2 0.5647227934244528 0.1371622240221224 0.015856825081077906 0.013553985389503387
2 0.5610620052750057 0.15115654017474656 0.01665171185055314 0.014348872158978575
2 0.5301353336024945 0.21387868262626455 0.01899546185055314 0.014389782467404012
2 0.6787831136342667 0.3180048952875965 0.018309669236879246 0.019844895697928955
2 0.6559553141207339 0.3972696554338663 0.015965919236879244 0.019803985389503342
2 0.6501144172049891 0.420598061278065 0.02136648538950343 0.015993192775829713
2 0.8539348924482228 0.4639873713416091 0.016006829545304767 0.02214773538950343
2 0.8580632848997407 0.43203794195846007 0.01983125892845372 0.017528419236879245
2 0.8685274521080253 0.36036749350058767 0.01903637215897831 0.0167335324674041
2 0.8809671765404798 0.26764420535114075 0.01899546185055314 0.014389782467404012
2 0.8893057820603669 0.20843284658484276 0.01126478246740419 0.018940914772652383
2 0.895078495128736 0.18119819074064414 0.016815353084255236 0.023723872158978577
2 0.9027994918823252 0.131348195204871 0.019817622158978664 0.016747169236879245
2 0.7320233417201694 0.10181287945928394 0.012813645697928954 0.01818693831160272
5 0.7620610381461516 0.480346982543539 0.01985853246740419 0.019090919236879243
4 0.6504681296875 0.19483519375 0.6434654078125 0.2145254875 0.626114403125 0.2305894953125 0.5921021390625001 0.26014530625 0.56297824375 0.2751424015625 0.5543553828125 0.286190275 0.5465125109375 0.2998360046875 0.540064165625 0.309199003125 0.5496023796875 0.3085040796875 0.5589751453125 0.2983307125 0.569712359375 0.282151259375 0.58427430625 0.2746527125 0.6017305953125 0.26462044218749997 0.618376815625 0.25026696249999997 0.6307191249999999 0.24186825625 0.6400317296875 0.2282481796875 0.6494345765625 0.21979816406250002 0.6580423953125 0.207888615625 0.6578167859375 0.1949634640625 0.6504681296875 0.19483519375
3 0.7078586062500001 0.115725425 0.6498127171875 0.28354941718750004 0.6791772625 0.2823391484375 0.6798348 0.23583425937500002 0.717562265625 0.12450894374999999 0.7078586062500001 0.115725425
3 0.5582961921875 0.2173459234375 0.6040319765625 0.101853325 0.5907291921875 0.097314053125 0.5501525078125 0.21375811875 0.542221515625 0.26444312187499996 0.5561388421875 0.26210180781250003 0.5582961921875 0.2173459234375
3 0.47916693437499996 0.43993241562499996 0.5391488125 0.29884605625 0.53467945625 0.2953223859375 0.5251562843750001 0.2968789875 0.46946327343750005 0.4311488953125 0.47916693437499996 0.43993241562499996
3 0.62272143125 0.4570822109375 0.66445199375 0.3225685875 0.6512244109374999 0.32233769843750004 0.6086837796875 0.45253011093750006 0.62272143125 0.4570822109375
2 0.8590935454497522 0.7147822581110843 0.02077615016215546 0.026917056006354478
2 0.7911441607088721 0.8041935856277942 0.016733532467404187 0.019036372158978666
2 0.7268225620888439 0.7882316205308302 0.019926716314779824 0.022997169236879243
2 0.6647628928519647 0.7676230657422918 0.02153012662320535 0.02536819277582971
2 0.597370841309837 0.7547315535674272 0.019899442775829536 0.021434669236879245
2 0.24980432020651863 0.6643154646899269 0.015225579545304768 0.022134098620028197
2 0.1392253303527884 0.6381739301939279 0.015361947240056484 0.029946598620028197
5 0.700086738225582 0.7330941071381496 0.027780126623205347 0.02547728693163087
5 0.6020486586802771 0.7095145109537533 0.023160810470581338 0.029301716314779826
5 0.24118725080748363 0.6180853469951751 0.028765928165332966 0.0372096737011061
5 0.15501792572640571 0.6033040523529065 0.027889220779006775 0.03172728693163087
2 0.7136239435866084 0.1663157102224047 0.015348310470581338 0.029165348620028196