2 0.333866 0.385173 0.025 0.02734375
2 0.066679 0.402361 0.0265625 0.0390625
2 0.132304 0.522673 0.03515625 0.03203125
2 0.152616 0.570329 0.01875 0.03125
2 0.193241 0.652361 0.025 0.021875
2 0.368241 0.532829 0.02890625 0.03125
2 0.372148 0.560173 0.03359375 0.0296875
2 0.396366 0.653923 0.03125 0.03671875
2 0.419804 0.707048 0.02578125 0.0265625
2 0.611991 0.363298 0.01875 0.0671875
2 0.882304 0.370329 0.03203125 0.0640625
2 0.837773 0.505486 0.03515625 0.06875
2 0.827616 0.570329 0.02421875 0.03515625
2 0.790116 0.650017 0.0203125 0.0375
2 0.747929 0.698454 0.01953125 0.05390625
2 0.724491 0.767204 0.01484375 0.0265625
2 0.576054 0.712517 0.01953125 0.03203125
2 0.585429 0.653142 0.01796875 0.025
2 0.599491 0.553923 0.02578125 0.0640625
5 0.694804 0.873454 0.01953125 0.02734375
5 0.636991 0.873454 0.0171875 0.0296875
5 0.584648 0.871111 0.02421875 0.02265625
5 0.536991 0.877361 0.0234375 0.025
5 0.478398 0.875798 0.01796875 0.0265625
5 0.425273 0.867204 0.0234375 0.02421875
5 0.325273 0.867204 0.028125 0.0265625
4 0.7252297999999999 0.80157331875 0.73123051875 0.7855647234375 0.7278015375 0.7706995953125 0.720943571875 0.7581214125 0.7029414140625 0.747830171875 0.6712233249999999 0.7443997578125 0.641219728125 0.7489736421875001 0.6077871484374999 0.7512605859375 0.5932139734375 0.7512605859375 0.5306350421875 0.7443997578125 0.5246343234374999 0.753547528125 0.5186336046875 0.7626952984375001 0.5083466578125 0.7626952984375001 0.5006314453125 0.7626952984375001 0.48005755 0.7626952984375001 0.48005755 0.754691 0.47834305937500005 0.7386824015625 0.47405683125 0.7386824015625 0.4414814984375 0.73753893125 0.42776556875000005 0.7409693453124999 0.40547718125000004 0.7466867015624999 0.392618496875 0.7501171156249999 0.3694728640625 0.75240405625 0.360900409375 0.7512605859375 0.3377547765625 0.7455432296875 0.3077511796875 0.7443997578125 0.28803453125 0.764982240625 0.28460554843749997 0.7878516640625 0.3103229171875 0.7832777796875 0.3206098640625 0.8130080312500001 0.3274678296875 0.8335905125 0.3446127421875 0.8484556390625 0.35747142656249997 0.8541729953124999 0.3763308296875 0.8564599359375 0.38576053125 0.845025225 0.4063344265625 0.8427382828125 0.4320517953125 0.8313035703124999 0.4509111984375 0.8107210890625 0.469770603125 0.8050037328125 0.4929162359375 0.8050037328125 0.523777078125 0.8004298484374999 0.56235313125 0.8050037328125 0.6017864296875 0.8152949734374999 0.6249320609375 0.825586215625 0.666937096875 0.825586215625 0.690939975 0.808434146875 0.7072276421875 0.8164384453125001 0.7140856062500001 0.8130080312500001 0.7252297999999999 0.80157331875
1 0.283748303125 0.7443997578125 0.4106206546875 0.7432562875000001 0.30089321562500004 0.35676301875 0.09515426406250001 0.3647673171875 0.206596196875 0.6369134640625 0.2477439859375 0.6369134640625 0.283748303125 0.7443997578125
1 0.59149948125 0.7398258734375001 0.7029414140625 0.7386824015625 0.7226580625000001 0.6392004078125 0.7620913609375 0.634626521875 0.7689493265625 0.5454357671875 0.8015246609375 0.5408618828125 0.795523940625 0.459675428125 0.8298137656250001 0.295015571875 0.6360762546875 0.3087372265625 0.6129306234375 0.459675428125 0.624074815625 0.52256634375 0.609501640625 0.6392004078125 0.59149948125 0.7398258734375001
3 0.5332067796875 0.6700741296875 0.5477799546875 0.6803653703125 0.5460654640625 0.7192433921875 0.561495884375 0.7192433921875 0.5794980437499999 0.33618053593749997 0.5383502546875001 0.34075442031250003 0.5280633046875 0.56030089375 0.5246343234374999 0.6117570984375 0.5332067796875 0.6700741296875
3 0.414906884375 0.6563524765625 0.43119455 0.7341085171875 0.4414814984375 0.7295346328125001 0.42690832187499994 0.6483481765625 0.42776556875000005 0.61290056875 0.4131923921875 0.614044040625 0.3737590921875 0.38306285625 0.35661417968750003 0.3842063265625 0.3986192171875 0.6369134640625 0.414906884375 0.6563524765625
1 0.7003696765625 0.8736120046875 0.30603668906250003 0.8736120046875 0.3171808828125 0.9227812671875 0.6849392546875 0.9227812671875 0.7003696765625 0.8736120046875