1 0.1815753421875 0.49979376875000003 0.4175295109375 0.5331385796875 0.474840534375 0.3610918953125 0.20551659687499998 0.3122466203125 0.1815753421875 0.49979376875000003
1 0.6039769484375 0.553553559375 0.82080956875 0.587038021875 0.9115956437499999 0.436523540625 0.681415115625 0.3968388921875 0.6039769484375 0.553553559375
1 0.14878774374999998 0.728340390625 0.12133548125 0.8832978734375001 0.2775030203125 0.896675103125 0.3234021265625 0.7450631875 0.14878774374999998 0.728340390625
1 0.5017058796875 0.7624550984375 0.44100417500000005 0.90880553125 0.4446033 0.904304584375 0.5713611703125 0.9183606453125 0.6455160671875 0.7842421374999999 0.5017058796875 0.7624550984375
1 0.5797865437499999 0.558271184375 0.5247832781249999 0.6939733953125 0.6663136640625 0.7115675859375 0.7143894125 0.6003774515625 0.5797865437499999 0.558271184375
2 0.529609 0.725161 0.01913182954530477 0.022857645861557075
2 0.561126 0.649223 0.019022735389503432 0.016607645861557073
2 0.567871 0.632448 0.01899546185055314 0.015045145861557075
2 0.689446 0.608873 0.018227848620028197 0.015785452283992286
2 0.756602 0.648362 0.01593864569792878 0.01878762155129756
2 0.739946 0.679731 0.012141489853730291 0.024832903663473082
2 0.705045 0.74099 0.0159795560063543 0.021131371551297563
2 0.680791 0.829841 0.015280126623205348 0.025777927973732774
2 0.652717 0.879012 0.014321598620028197 0.015580734396167629
2 0.63835 0.907134 0.017501145697928953 0.018869508706427496
2 0.614087 0.950631 0.014267051542127618 0.012455734396167628
2 0.456002 0.943277 0.018255122158978666 0.01734795228399193
2 0.481541 0.883291 0.015856825081077906 0.014100121551297562
2 0.485202 0.869024 0.01665171185055314 0.014922315128862352
2 0.516129 0.804064 0.01899546185055314 0.015045145861557075
2 0.367481 0.710199 0.018309669236879246 0.020472952283992107
2 0.390309 0.629242 0.015965919236879244 0.020350121551297562
2 0.39615 0.605477 0.02136648538950343 0.01673047659425162
2 0.192329 0.576278 0.016006829545304767 0.02269387155129756
2 0.188201 0.608555 0.01983125892845372 0.018211089439121864
2 0.177737 0.681045 0.019036372158978576 0.017388895861557074
2 0.165297 0.77475 0.018995461850553053 0.015045145861557075
2 0.156958 0.834617 0.011264782467404099 0.019323210085908114
2 0.151186 0.862288 0.0168153530842551 0.02429731512886235
2 0.143465 0.912738 0.019817622158978577 0.017429839439121863
2 0.314241 0.930375 0.012813645697928954 0.01862384724103805
5 0.284203 0.553478 0.0198585324674041 0.019773589439121865
4 0.3669869359375 0.7979767640625 0.37398965781250004 0.777773071875 0.3913406625 0.760476909375 0.42535292656249996 0.728508128125 0.454476821875 0.711457440625 0.4630996828125 0.6997934890625 0.4709425546875 0.6855830218750001 0.47739089999999995 0.6757579640625 0.4678526859375 0.6771203046875 0.45847992031249996 0.687961090625 0.44774270625 0.704910640625 0.433180759375 0.713435984375 0.41572447031250004 0.724700409375 0.39907824999999997 0.7402347046875 0.386735940625 0.7495061875 0.3774233359375 0.7637936812499999 0.36802048906249996 0.7729111140625 0.3594126703125 0.7854367390625 0.3596382796875 0.7983618906250001 0.3669869359375 0.7979767640625
3 0.309596459375 0.8811937171875 0.3676423484375 0.709108521875 0.338277803125 0.7123723828124999 0.33762026562499997 0.7589799515625 0.29989279999999996 0.873077615625 0.309596459375 0.8811937171875
3 0.45915887343749995 0.7689972187499999 0.4134230890625 0.8878269046874999 0.4267258734375 0.891442059375 0.4673025578125 0.7720202859375 0.47523355 0.7207192046875 0.4613162234375 0.7240359749999999 0.45915887343749995 0.7689972187499999
3 0.5382881312500001 0.5406093281250001 0.47830625312499997 0.686059571875 0.48277560937499997 0.689275203125 0.49229878125 0.687051184375 0.5479917921874999 0.5487254328125 0.5382881312500001 0.5406093281250001
3 0.394733634375 0.5334707953125 0.353003071875 0.6710648078125 0.3662306546875 0.6703715796874999 0.4087712859375 0.5370474390625 0.394733634375 0.5334707953125
2 0.187171 0.325538 0.020776150162155817 0.02762703301668683
2 0.25512 0.231269 0.01673353246740401 0.01960981512886235
2 0.319442 0.242756 0.019926716314779915 0.023679839439121865
2 0.381501 0.259052 0.021530126623205435 0.02610547659425162
2 0.448893 0.26725 0.019899442775829713 0.022117339439121864
2 0.79646 0.333487 0.015225579545304768 0.022652927973732594
2 0.907039 0.351933 0.015361947240056396 0.030465427973732594
5 0.346177 0.296092 0.027780126623205437 0.026433025214770645
5 0.444215 0.312849 0.023160810470581338 0.030093613749381375
5 0.805077 0.379171 0.028765928165332966 0.038192718792335524
5 0.891246 0.387949 0.027889220779006508 0.03268302521477064
2 0.33264 0.864508 0.015348310470581338 0.029684177973732774