2 0.532824 0.839918 0.019331881458888846 0.025436411094166545
2 0.572357 0.724873 0.01611596248093754 0.02145742591180557
2 0.588526 0.680723 0.015443815254479177 0.02612674211621524
2 0.620883 0.593205 0.01853244766329869 0.02463697729857639
2 0.660906 0.499254 0.01284549211621524 0.0151346907294446
2 0.671189 0.470874 0.015298344889756964 0.01987674211621524
2 0.694026 0.410936 0.018296058320624996 0.01448072729857639
2 0.580362 0.363554 0.011337543502986148 0.017442073138263937
2 0.550603 0.428344 0.012082425911805573 0.015897756933854267
2 0.542355 0.443388 0.012027874525034576 0.013554006933854269
2 0.508944 0.519206 0.008866506933854268 0.01191877175149294
2 0.490231 0.521205 0.012809124525034576 0.013572190729444423
2 0.440069 0.616173 0.010538109707395904 0.016642639342673606
2 0.432729 0.636667 0.01291822729857639 0.0182596907294446
2 0.370541 0.752239 0.015243793502986236 0.01753299211621524
2 0.317139 0.573697 0.01206424211621524 0.015116506933854268
2 0.327641 0.554693 0.020767094889756876 0.02000402868534721
2 0.379656 0.472188 0.015988675911805573 0.015988675911805573
2 0.269171 0.427078 0.01682447729857639 0.018350609707395903
2 0.222134 0.488361 0.013790396276527872 0.022184124525034755
2 0.197008 0.517086 0.010465374525034755 0.013517639342673604
2 0.140941 0.593432 0.013717661094166545 0.019059124525034575
2 0.304873 0.416085 0.015171058320624908 0.01440799211621524
2 0.341282 0.368337 0.019131859707395903 0.01684266109416672
2 0.358759 0.346825 0.011264808320624908 0.014317073138263848
2 0.392861 0.300694 0.012082425911805573 0.01589775693385418
2 0.490463 0.329689 0.012027874525034754 0.013554006933854178
2 0.445243 0.401874 0.015952308320624907 0.014426175911805571
2 0.452746 0.388411 0.00986596248093754 0.02131195554708327
1 0.453142171875 0.5709274328125 0.3820604921875 0.424819365625 0.289702940625 0.45836802812500005 0.3378603046875 0.6188860046875 0.453142171875 0.5709274328125
1 0.58878299375 0.802387646875 0.4760007296875 0.58557275625 0.36544580781249997 0.64028289375 0.45261197343750004 0.882237553125 0.58878299375 0.802387646875
1 0.819420303125 0.6508492671874999 0.69022476875 0.48346394843749996 0.59409025625 0.5219058609375 0.721215678125 0.7257715015625 0.819420303125 0.6508492671874999
1 0.48978844062500004 0.38664729375 0.57155219375 0.5197208953125 0.6533127421875 0.4693217203125 0.5656131765625 0.355204403125 0.48978844062500004 0.38664729375
3 0.511230453125 0.592676321875 0.5004072046875 0.5933151703124999 0.5158256734375 0.6203969218750001 0.5212931703125 0.6387848140625 0.5294830671875 0.652782259375 0.539226825 0.6703789203125 0.5501660125 0.6929026 0.5588759171875 0.71270210625 0.5669829296875 0.7302606734375 0.5770954796875001 0.74608439375 0.5853268203125 0.7583012765625 0.5896092484375 0.7713170109374999 0.5912045515625 0.7731356671875 0.606502884375 0.7913069953125 0.6199365375 0.8192333093749999 0.618069884375 0.800929228125 0.594710175 0.7491666671874999 0.5754878437500001 0.7166518046875 0.565296603125 0.6901371000000001 0.5481585015625 0.6665783750000001 0.5317414578124999 0.626111940625 0.511230453125 0.592676321875
3 0.6382412093750001 0.8067432968749999 0.663165390625 0.7912896843749999 0.647102584375 0.76374755625 0.634557734375 0.7398503578125 0.6284148171874999 0.7223375062499999 0.6058111921875 0.7084499609375 0.579708359375 0.6619681296875 0.56455088125 0.6518169453125 0.55625318125 0.6565230093750001 0.572320184375 0.6698130328125 0.58455840625 0.6928123296875001 0.5953732640625 0.72067769375 0.6113201312500001 0.72505729375 0.6183622078125001 0.7461541234375 0.6382412093750001 0.8067432968749999
3 0.585754340625 0.55699885 0.683513103125 0.7191661203125 0.693816340625 0.7127252109375 0.5947274609375001 0.55141774375 0.585754340625 0.55699885
3 0.5219604515625 0.596043734375 0.51557504375 0.6030212140625 0.55722486875 0.6569910078125 0.5732711484374999 0.6711713109375 0.597981696875 0.7211837859375 0.6113097703125 0.7255024328124999 0.639929759375 0.8045556906250001 0.6632171953125 0.7890639828125 0.6271779453125 0.7191910484374999 0.6093602296875 0.710759471875 0.585107525 0.6692198984375 0.5304673390625 0.6104939390624999 0.5219604515625 0.596043734375
4 0.4388965515625 0.46882138125 0.42808701562499996 0.42987846718749995 0.41920428593750003 0.41601595781249995 0.412100246875 0.39764292968750004 0.40266695468749997 0.38945750625 0.38983511718749997 0.3834689421875 0.378583428125 0.3815000859375 0.362220684375 0.3833952 0.348600034375 0.3933199953125 0.33593490937500003 0.39814612031249996 0.3200168390625 0.398913603125 0.29646527968749997 0.4040553359375 0.2751370828125 0.403558915625 0.261754684375 0.40324743749999997 0.264430596875 0.4141205296875 0.27823119531249996 0.41444174218749996 0.2846100828125 0.41003829375 0.3096358984375 0.413465725 0.33361889375 0.4077650453125 0.363509634375 0.399925909375 0.3858860109375 0.39134288437500003 0.400364175 0.39850774843750003 0.4124469046875 0.418703628125 0.41670296406249996 0.433596428125 0.42773751562499995 0.46287175156249993 0.4457888125 0.49629332187499997 0.4672651265625 0.52638066875 0.49994018437500004 0.5607116000000001 0.5468154468749999 0.614149715625 0.5961601984375 0.6693522781250001 0.6105535859375 0.6981367890625 0.613825128125 0.68341919375 0.601297725 0.6643509453124999 0.5695914281250001 0.6243526609375001 0.5169540203125 0.5667975015625 0.47488537812500003 0.5225751015625 0.457326340625 0.5039587296875 0.4388965515625 0.46882138125
4 0.4982919859375 0.3438880421875 0.47598178906250005 0.3496276578125 0.469994628125 0.3551782046875 0.46143208593749996 0.363513759375 0.45404472656249995 0.3752906078125 0.4567682234375 0.40209652656249995 0.46663295156249995 0.40972300156249997 0.47197689687500005 0.4138303125 0.4793113125 0.40432819374999995 0.46696385625000003 0.395505953125 0.4612414203125 0.3896828625 0.4586052171875 0.3771037234375 0.465979340625 0.365895559375 0.47868417343749997 0.3593633859375 0.5090857671875 0.3475532109375 0.5259328890625 0.3428244203125 0.5362344140624999 0.3316843921875 0.5472532109375 0.32568196718750003 0.560820915625 0.3180319 0.56270549375 0.3089719234375 0.5512949703125 0.31382725 0.5406679 0.320976771875 0.5261976140625 0.3314507828125 0.5172301078125 0.33920792187500004 0.505401384375 0.34405351562500003 0.4982919859375 0.3438880421875
4 0.38907988437499996 0.3584233953125 0.3995325234375 0.362078475 0.40283683750000004 0.3710260421875 0.40411918281250003 0.38060890468749997 0.403976321875 0.3867468046875 0.41035327187500004 0.3930364546875 0.4139115609375 0.3910722 0.4151527125 0.3808657125 0.4159558328125 0.3679195984375 0.41954586875000005 0.364591365625 0.4276654953125 0.3606862015625 0.43358854375 0.3649182125 0.43681349062499997 0.37727572343750004 0.4365912625 0.3868235671875 0.434442303125 0.392914775 0.4327948703125 0.3990176546875 0.4326043890625 0.40720152187499997 0.44006375625 0.4101045734375 0.44745963125 0.41573558125 0.4557697390625 0.4036465515625 0.44955152187499997 0.3905370125 0.44725025625 0.3816127921875 0.46503225625000005 0.3506381890625 0.4793130328125 0.340735203125 0.4851472671875 0.32722383125 0.48610912187500005 0.3074578265625 0.4717554046875 0.2989354390625 0.468682765625 0.30159335625 0.47349165156249995 0.3105759421875 0.479805109375 0.3195935484375 0.470929984375 0.33439886093750004 0.45823314687499994 0.340926921875 0.4512530015625 0.3605528484375 0.4449807375 0.37132459375 0.44123839218749994 0.359637396875 0.43094448906249994 0.3491624296875 0.41622568125 0.3563257875 0.4112421859375 0.354845078125 0.396809103125 0.34973263593750004 0.38025880624999997 0.34934742343749997 0.36188646874999997 0.36256697031249996 0.3413651734375 0.38187772343750004 0.32810331718749997 0.39112206562499996 0.303749190625 0.39475554062499996 0.3127648515625 0.4032757375 0.3132733953125 0.40305934375 0.32995067968749997 0.3979886453125 0.3435870703125 0.39421188749999997 0.352208221875 0.39031839687500003 0.36399725312500003 0.37967505625000003 0.37434520312499997 0.366268740625 0.3804428609375 0.362998875 0.38907988437499996 0.3584233953125
3 0.5552869296875 0.526057903125 0.485264421875 0.40842719687500006 0.4796047953125 0.41443669375000003 0.54005715 0.5120562609375 0.530791615625 0.522075978125 0.5349719890625 0.5365028015625 0.5552869296875 0.526057903125
1 0.2675681875 0.361736403125 0.5574177671875 0.2620348296875 0.5127220343750001 0.19889991875 0.23632479062499998 0.28117328124999996 0.2675681875 0.361736403125
1 0.435065 0.23327 0.016769925911805574 0.016006859707395814