1 0.4078504484375 0.445486884375 0.1726934328125 0.49115575156249996 0.1998834625 0.67727793125 0.46810943437499997 0.614375528125 0.4078504484375 0.445486884375
1 0.809821971875 0.37052100625 0.5937714640625 0.415328196875 0.6738718218749999 0.5678449828125001 0.9031499125 0.516144378125 0.809821971875 0.37052100625
1 0.10582065624999999 0.1111563015625 0.13595015 0.2645347640625 0.3101133140625 0.23868446250000003 0.2616121796875 0.0896143828125 0.10582065624999999 0.1111563015625
1 0.4284266875 0.073242525 0.42475235937500005 0.068934140625 0.4879508078125 0.21197248281249997 0.6312496140625 0.182675471875 0.5548235828125 0.05256228281250001 0.4284266875 0.073242525
1 0.512201375 0.27918326875 0.5695208968750001 0.411881490625 0.70326645 0.362765915625 0.6532955828125 0.25419464375 0.512201375 0.27918326875
2 0.543782 0.235056 0.01875 0.021875
2 0.510969 0.309275 0.01875 0.015625
2 0.503938 0.325681 0.01875 0.0140625
2 0.382063 0.342869 0.01796875 0.01484375
2 0.315657 0.2999 0.015625 0.01796875
2 0.332844 0.269431 0.01171875 0.02421875
2 0.368782 0.210056 0.015625 0.0203125
2 0.394563 0.122556 0.01484375 0.025
2 0.423469 0.0749 0.0140625 0.01484375
2 0.438313 0.047556 0.0171875 0.01796875
2 0.463313 0.005369 0.0140625 0.01171875
2 0.621126 0.020994 0.01796875 0.01640625
2 0.594563 0.079587 0.015625 0.01328125
2 0.590657 0.09365 0.01640625 0.0140625
2 0.558626 0.156931 0.01875 0.0140625
2 0.705501 0.258494 0.01796875 0.01953125
2 0.681282 0.338181 0.015625 0.01953125
2 0.675032 0.361619 0.02109375 0.015625
2 0.878157 0.401462 0.015625 0.021875
2 0.882844 0.369431 0.01953125 0.0171875
2 0.894563 0.297556 0.01875 0.01640625
2 0.908626 0.204587 0.01875 0.0140625
2 0.918001 0.145212 0.0109375 0.01875
2 0.924251 0.117869 0.01640625 0.0234375
2 0.932844 0.067869 0.01953125 0.01640625
2 0.762532 0.041306 0.0125 0.01796875
5 0.785969 0.419431 0.01953125 0.01875
4 0.35420525468749997 0.20852577499999997 0.36375850781249996 0.21714254375 0.37331176250000003 0.23092937187499998 0.38580447812499996 0.2395461390625 0.40270638906249995 0.25419464375 0.420343165625 0.2645347640625 0.435040478125 0.2722898546875 0.44606346406249997 0.28866171406249996 0.45561671718749996 0.299001834375 0.465169971875 0.29986351093749997 0.4585561796875 0.2903850671875 0.4504726578125 0.27659823906250003 0.44165426874999997 0.265396440625 0.41225964218750005 0.24988625937500003 0.37772095625 0.2197275734375 0.3600841796875 0.20335571562500002 0.3527355234375 0.18353714999999998 0.3453868671875 0.18353714999999998 0.3453868671875 0.1964623015625 0.35420525468749997 0.20852577499999997
3 0.32554549375 0.2705665015625 0.3549401203125 0.2722898546875 0.29394626874999996 0.10340121093750002 0.28439301562499997 0.112017978125 0.32407576250000003 0.22403595781250002 0.32554549375 0.2705665015625
3 0.4534121203125 0.20421739218749999 0.41078991093750006 0.087029353125 0.3975623296875 0.0913377359375 0.44532859843750006 0.2076640984375 0.44826806093749993 0.252471290625 0.462230509375 0.2550563203125 0.4534121203125 0.20421739218749999
3 0.47031403125000004 0.2860766828125 0.4659048375 0.289523390625 0.52836841875 0.43170005624999996 0.5379216734375001 0.4230832875 0.47986728437500004 0.2878000375 0.47031403125000004 0.2860766828125
3 0.340977671875 0.311065309375 0.3850696125 0.44634856093749997 0.3990320609375 0.4420401765625 0.35420525468749997 0.311065309375 0.340977671875 0.311065309375
2 0.878938 0.652244 0.0203125 0.0265625
2 0.809407 0.742869 0.01640625 0.01875
2 0.745344 0.728025 0.01953125 0.02265625
2 0.683626 0.708494 0.02109375 0.025
2 0.616438 0.696775 0.01953125 0.02109375
2 0.270344 0.6124 0.01484375 0.021875
2 0.160188 0.588181 0.01484375 0.0296875
5 0.719563 0.673337 0.02734375 0.025
5 0.621907 0.651462 0.02265625 0.02890625
5 0.262532 0.566306 0.028125 0.03671875
5 0.176594 0.553025 0.02734375 0.03125
2 0.743001 0.10615 0.01484375 0.02890625