1 0.6320882578125 0.7681513265625 0.5822717796875 0.5084167421875 0.4219170421875 0.5700392078125 0.460376553125 0.8026353328125 0.6320882578125 0.7681513265625
1 0.5489007328125 0.30628582656250003 0.5149224734375 0.07120617500000001 0.5078783453125 0.0715753421875 0.35558345 0.1792480140625 0.395998625 0.3810097640625 0.5489007328125 0.30628582656250003
1 0.3665773765625 0.267119709375 0.238277271875 0.342053425 0.257252371875 0.47822812499999995 0.3984717640625 0.41086247656249997 0.3665773765625 0.267119709375
1 0.18693113125 0.503650690625 0.1628040515625 0.3639982046875 0.0379211171875 0.441751065625 0.04918135625 0.57233361875 0.18693113125 0.503650690625
1 0.22399382499999998 0.8517519765625 0.208735421875 0.6846506078125 0.06710753124999999 0.7385456171875 0.08131292812499999 0.8854641000000001 0.22399382499999998 0.8517519765625
1 0.2884014390625 0.668482559375 0.3149492125 0.839489625 0.444579709375 0.80196409375 0.4251285109375 0.6290859953125 0.4006576234375 0.625121553125 0.2884014390625 0.668482559375
5 0.371125 0.07222 0.022638891832631992 0.0230214201718165
5 0.353813 0.157093 0.02635416887447395 0.01775738805964091
5 0.385366 0.0 0.020967264427970277 0.019814533016686776
5 0.338846 0.0 0.028697918874473947 0.017880218792335523
5 0.281742 0.505015 0.029779269237293703 0.0265149123699004
5 0.261797 0.603787 0.03061508293962447 0.02811835594746519
5 0.225331 0.564444 0.02420139183263199 0.023103307326946165
2 0.211108 0.626084 0.02897073738612832 0.02569271879233561
5 0.331326 0.049079 0.023365578130301046 0.02149986374938142
2 0.60424 0.405723 0.014526291469812236 0.014018234396167627
2 0.622481 0.414477 0.012291668874473949 0.017020403663473082
2 0.701026 0.452906 0.012881945916315996 0.01159259724103805
2 0.774954 0.470817 0.014553573320977708 0.014799484396167628
2 0.839272 0.503821 0.012291668874473994 0.01702040366347326
2 0.855869 0.510149 0.00983879146981228 0.013772572930778538
2 0.577402 0.575097 0.015334823320977709 0.014840427973732773
2 0.59637 0.58233 0.016170637023308565 0.016443871551297562
2 0.678548 0.61315 0.012264387023308565 0.01623915366347326
2 0.53921 0.776629 0.01681547776748147 0.012578565128862351
2 0.575393 0.785543 0.01996775961864685 0.013523589439121863
2 0.649213 0.80033 0.015225695916315996 0.011715427973732772
2 0.740329 0.819142 0.018377977767481467 0.01266045228399193
2 0.801621 0.832491 0.016006945916315997 0.011756371551297207
2 0.82673 0.836927 0.013799605172143136 0.01553979081860284
2 0.879428 0.849826 0.012936509618646851 0.01315509724103805
2 0.754738 0.628841 0.017061014427970277 0.01960981512886235
2 0.824225 0.653538 0.014389882213985138 0.010111984396167806
2 0.836135 0.65962 0.009893355172143136 0.015335072930778538
2 0.898536 0.682386 0.014553573320977708 0.014799484396167805
2 0.28921 0.763527 0.023120041469812235 0.014468613749381376
2 0.198528 0.69015 0.032467759618646855 0.014178686680159914
5 0.236556 0.729574 0.027080855172143183 0.016235831637205676
5 0.188736 0.722389 0.02169395072563951 0.01829297659425162
2 0.804299 0.306253 0.016034227767481424 0.012537621551297562
2 0.854609 0.340083 0.012963791469812237 0.013936347241038049
2 0.877784 0.356114 0.01687004146981228 0.014141065128862351
2 0.924833 0.385873 0.022311509618646853 0.013646420171816586
2 0.912348 0.541963 0.012291668874473994 0.01702040366347326
2 0.308555 0.156281 0.02083085517214318 0.015908283016686807
2 0.299582 0.211958 0.017033732576804895 0.01882856512886235
2 0.720024 0.282341 0.018405259618646853 0.013441702283992107
2 0.654597 0.239921 0.020912700725639423 0.01825203301668683
2 0.625172 0.223562 0.01541666887447395 0.017184177973732596
5 0.675468 0.837577 0.026971727767481468 0.013110831637205677
5 0.79142 0.853012 0.03176835517214309 0.016481493102595123
4 0.1624944359375 0.6330511578125 0.1645418875 0.6465485156249999 0.19990521249999998 0.6196339859375 0.23401211875 0.5806127125 0.254360253125 0.5509049234375001 0.27593975312499996 0.534021225 0.2897736796875 0.5225556984375 0.27817313125 0.5181514140625 0.24961404375 0.54256124375 0.22681765468749998 0.5702492375 0.20636931875000003 0.6028264171875 0.18483992031250002 0.6182754218750001 0.1624944359375 0.6330511578125
3 0.41400457812499997 0.5955248890625 0.41272311406249995 0.5841354921875 0.28512489375 0.6316366109375 0.2846990375 0.6438315203125 0.41400457812499997 0.5955248890625
3 0.242201921875 0.6346021421875 0.23494678125 0.6500190984375 0.21792366406250002 0.6566395218750001 0.20362435781250002 0.657388915625 0.18091369531249998 0.65857913125 0.1348911609375 0.678175903125 0.0812984046875 0.6981694140625 0.0825297703125 0.71099350625 0.12085683124999999 0.695380209375 0.17358340156250002 0.676148128125 0.19995921249999998 0.6661734140625 0.240458975 0.6604707390625 0.2451406109375 0.6466207234375 0.242201921875 0.6346021421875
3 0.1181146484375 0.629648725 0.1183545765625 0.6468209859375 0.132829234375 0.6410501578125001 0.140574809375 0.6356319859374999 0.1408002625 0.6291758578125 0.151985528125 0.621429315625 0.171632253125 0.6118072578125 0.19043784218749998 0.60222928125 0.20687032656249998 0.5884794671875 0.218946828125 0.579254146875 0.21766536250000001 0.56786475 0.1995506078125 0.5817027296874999 0.1667858421875 0.60633296875 0.1439248765625 0.6118272703125001 0.13256425624999998 0.624595246875 0.11643237656250001 0.6297368890625 0.1181146484375 0.629648725
3 0.4044898859375 0.45926089687499994 0.399969128125 0.44446109062500005 0.26343349531250004 0.5074673296875 0.26632208125 0.5209206046875 0.4044898859375 0.45926089687499994
3 0.06996759531249999 0.6001616703125 0.17686629375000001 0.54557959375 0.229881603125 0.5435664890624999 0.23946081718749998 0.5262276734375 0.2068819640625 0.534057528125 0.17898561875000002 0.536284821875 0.0657134703125 0.5934968421875 0.06996759531249999 0.6001616703125