1 0.6680493000000001 0.45398306718750003 0.534439440625 0.16904551875 0.4089623546875 0.2675101765625 0.5158502421875 0.531534878125 0.6680493000000001 0.45398306718750003
1 0.202157528125 0.42784200781250004 0.257925121875 0.633485009375 0.3485474609375 0.5968875265625 0.28580891875000003 0.37207441406249997 0.202157528125 0.42784200781250004
1 0.4821573203125 0.582074259375 0.6157671812500001 0.9541486734375001 0.8295429562500001 0.918422559375 0.6506219265625 0.525435296875 0.4821573203125 0.582074259375
1 0.225394025 0.6962235531250001 0.2916180421875 0.9593768859375 0.3996677546875 0.9602482531250001 0.3148545390625 0.6552692265625 0.225394025 0.6962235531250001
2 0.562438 0.554261 0.02578125 0.01328125
2 0.506969 0.701136 0.028125 0.02109375
2 0.498375 0.73473 0.0265625 0.0203125
2 0.430406 0.908948 0.02578125 0.0234375
2 0.169469 0.874573 0.03125 0.028125
2 0.249156 0.694886 0.03125 0.02109375
2 0.285875 0.626136 0.03046875 0.02109375
2 0.346031 0.483167 0.03515625 0.01796875
2 0.335875 0.393323 0.03515625 0.01796875
5 0.289 0.423011 0.040625 0.0171875
2 0.392125 0.276917 0.0359375 0.0171875
2 0.415562 0.229261 0.03359375 0.01953125
2 0.465562 0.126136 0.0265625 0.015625
2 0.627281 0.241761 0.0328125 0.0203125
2 0.58275 0.355823 0.0265625 0.01640625
2 0.572594 0.374573 0.0328125 0.01640625
2 0.528062 0.500355 0.02890625 0.02578125
2 0.692906 0.607386 0.03046875 0.01640625
2 0.653844 0.742542 0.01953125 0.0203125
2 0.64525 0.766761 0.03125 0.0234375
2 0.599938 0.919105 0.03125 0.01953125
2 0.738219 0.919105 0.01875 0.015625
2 0.763219 0.80973 0.01875 0.01640625
2 0.781969 0.765198 0.02109375 0.02265625
2 0.806187 0.664417 0.02421875 0.02265625
2 0.772594 0.594886 0.01875 0.02421875
2 0.788219 0.517542 0.021875 0.01328125
2 0.8015 0.482386 0.03125 0.0171875
2 0.825719 0.404261 0.0265625 0.0203125
2 0.731969 0.32848 0.03515625 0.0171875
3 0.5623232375 0.9097088718749999 0.4531117 0.6143149 0.3659748328125 0.644812803125 0.3462238109375 0.6535264890625 0.42522790156249995 0.9210366656250001 0.45892082343749996 0.914065715625 0.3775930828125 0.6718252296875 0.45194987343750004 0.642198696875 0.5472195125 0.912322978125 0.5623232375 0.9097088718749999
3 0.444978925 0.535020353125 0.415933303125 0.5437340390625 0.39734410625 0.5611614125 0.41825695312500005 0.5759746781249999 0.420580603125 0.5620327796875 0.45543534843750005 0.5524477250000001 0.4798336703125 0.54809088125 0.3938586296875 0.33373419375 0.3810785578125 0.3424478796875 0.4531117 0.533277615625 0.444978925 0.535020353125
4 0.417095128125 0.6212858484375 0.419418778125 0.6090866875 0.3752694328125 0.5637755171875 0.363651184375 0.5419913015625 0.356680234375 0.5637755171875 0.4043150546875 0.6230285859375 0.417095128125 0.6212858484375
1 0.2567632953125 0.00968961875 0.0441493453125 0.25792512031250003 0.073194965625 0.3825308375 0.4008295796875 0.06796675468749999 0.367136659375 0.0026141046875 0.2567632953125 0.00968961875
5 0.64525 0.108167 0.03359375 0.01953125
5 0.692906 0.154261 0.0265625 0.02109375
5 0.742125 0.200355 0.040625 0.0140625
5 0.785875 0.237073 0.0265625 0.02109375
5 0.819469 0.276136 0.02421875 0.0203125
5 0.853844 0.306605 0.040625 0.0171875
5 0.887438 0.336292 0.028125 0.02578125
4 0.4844809703125 0.138547615625 0.468215421875 0.14551856406250002 0.4345225015625 0.17253099375 0.419418778125 0.18647289218750002 0.3938586296875 0.2099998453125 0.37410760781249996 0.2256844796875 0.3531947609375 0.2396263796875 0.3415765125 0.2535682765625 0.3346055625 0.26315333281250003 0.3195018390625 0.274481125 0.298588990625 0.28493754843749997 0.28116161875 0.29975081718749996 0.27186701874999997 0.310207240625 0.250954171875 0.32327776875 0.23352679843750002 0.3363483 0.2288794984375 0.3468047234375 0.20331935156249997 0.364232096875 0.18821562812499998 0.3807881 0.16614095625 0.38863041875 0.15684635625 0.39560136875 0.1754355546875 0.413900109375 0.187053803125 0.41477147812500004 0.20912847656250003 0.413028740625 0.2288794984375 0.4034436859375 0.23817409843749998 0.39211589375 0.2637342453125 0.3685889390625 0.2846470921875 0.352904303125 0.303236290625 0.33721966875 0.302074465625 0.3537756734375 0.31020723906250003 0.3790453640625 0.31020723906250003 0.38950178750000003 0.32414913749999996 0.38688768125 0.3415765125 0.3746885203125 0.3404146859375 0.364232096875 0.33925286250000003 0.34506198593750004 0.33925286250000003 0.3276346125 0.33925286250000003 0.3093358703125 0.352032934375 0.2884230234375 0.3810785578125 0.2675101765625 0.413609653125 0.243983221875 0.45892082343749996 0.20912847656250003 0.519335715625 0.1542322515625 0.5460576890625 0.138547615625 0.5704560109375 0.1280911921875 0.5367630906249999 0.10979245 0.5158502421875 0.11066381875 0.49145191875 0.1167634 0.4844809703125 0.138547615625