2 0.320233 0.633638 0.0328125 0.01796875
2 0.343671 0.902388 0.04609375 0.02890625
2 0.465546 0.843794 0.03359375 0.02421875
2 0.50539 0.811763 0.03125 0.0265625
2 0.587421 0.775044 0.0265625 0.02421875
2 0.468671 0.601607 0.021875 0.02265625
2 0.495233 0.596138 0.021875 0.02421875
2 0.644452 0.553169 0.03984375 0.02421875
2 0.629608 0.7227 0.01796875 0.0296875
2 0.653046 0.707857 0.01796875 0.02890625
2 0.698358 0.685982 0.025 0.03125
5 0.415546 0.510982 0.02265625 0.02109375
5 0.416327 0.462544 0.0265625 0.02109375
2 0.298358 0.084419 0.0828125 0.03359375
2 0.437421 0.132857 0.0984375 0.03515625
2 0.303827 0.359419 0.0890625 0.0296875
2 0.495233 0.371138 0.03984375 0.01953125
2 0.59289 0.381294 0.03125 0.015625
2 0.645233 0.393013 0.02734375 0.01328125
2 0.702265 0.396919 0.02265625 0.01640625
2 0.583515 0.177388 0.03359375 0.0171875
2 0.508515 0.143794 0.0265625 0.01953125
2 0.62414 0.221919 0.02265625 0.028125
2 0.697577 0.2477 0.02265625 0.015625
1 0.7482651796875001 0.5952911046875 0.343406725 0.6829136203124999 0.3723251875 0.91235814375 0.7506750515625 0.719046615625 0.7482651796875001 0.5952911046875
1 0.471129928125 0.1933115265625 0.28315993125 0.14904860625 0.3012339703125 0.36765323125 0.4675151203125 0.392043003125 0.471129928125 0.1933115265625
1 0.754289859375 0.3044204890625 0.545835953125 0.2104747015625 0.5470408875 0.38752637968750003 0.754289859375 0.42636935 0.754289859375 0.3044204890625
1 0.8711686390625 0.294483915625 0.8723735765624999 0.7054967421875 0.921775946875 0.6802036453125 0.92298088125 0.3188736875 0.8711686390625 0.294483915625
3 0.6651246046875 0.4661156453125 0.7277812703125 0.44533917343749996 0.3578659546875 0.4173361015625 0.3626857 0.46701897031249995 0.6060827468750001 0.4661156453125 0.6651246046875 0.4661156453125
3 0.73380595 0.5690946828125 0.731396078125 0.557351459375 0.6205419765625 0.5654813843750001 0.603672875 0.58264455625 0.3819646734375 0.6223908515625001 0.38919428906250003 0.6413606749999999 0.6398209515625 0.5998077296875 0.638616015625 0.58174123125 0.73380595 0.5690946828125
4 0.7530849234375 0.6720737203125 0.7735688328125 0.723563240625 0.8061021015625001 0.717691628125 0.8157415890624999 0.665750446875 0.7940527421875 0.58896783125 0.8061021015625001 0.5410916125 0.8193563968750001 0.4688256203125 0.8133317171875 0.42546602499999997 0.8133317171875 0.3812031046875 0.8085119734375 0.343263459375 0.8181514609375 0.297193890625 0.814536653125 0.29990386406249997 0.7482651796875001 0.297193890625 0.7579046671875 0.45256577187499997 0.7506750515625 0.561868084375 0.7530849234375 0.6720737203125
2 0.653827 0.456294 0.015625 0.0125
2 0.653827 0.494575 0.01796875 0.01484375
5 0.808515 0.278169 0.03671875 0.0203125
5 0.803046 0.329732 0.02421875 0.02109375
5 0.806171 0.3852 0.02578125 0.0171875
5 0.808515 0.440669 0.02578125 0.02109375
5 0.809296 0.490669 0.0296875 0.02890625
5 0.806952 0.5477 0.02734375 0.0234375
5 0.807733 0.652388 0.02109375 0.021875