2 0.828213 0.682419 0.02505983597251955 0.02975198738612832
2 0.794163 0.61632 0.025105300079142266 0.03131448738612832
2 0.773265 0.581962 0.02946619114536908 0.04707589664195542
2 0.693098 0.515035 0.02834396034569906 0.03532986479078985
2 0.623806 0.396873 0.026432119358614514 0.05009176923729371
2 0.583142 0.343056 0.03126437186589683 0.028407742195451658
2 0.476288 0.171967 0.03746890775927412 0.027063497004775172
2 0.221681 0.348421 0.028184835972519594 0.029861114790789945
2 0.365269 0.493421 0.023701924452321686 0.036728673683797376
2 0.393606 0.513961 0.03213655007914227 0.03156002404661713
2 0.494717 0.613684 0.02329274749271768 0.02266617368379755
2 0.605739 0.668393 0.04249738855894432 0.03894593811176765
2 0.670372 0.73165 0.01793765775927412 0.02638145072563951
2 0.077791 0.4826 0.04624451418576496 0.03361359736759475
2 0.221021 0.586139 0.02834396034569897 0.03532986479078985
2 0.252325 0.612258 0.031514424452321686 0.03700149219545175
2 0.350506 0.67825 0.0373552474927175 0.023157247004775172
2 0.222997 0.733232 0.028716033386094807 0.021294646641955416
2 0.128404 0.678314 0.02333821159934022 0.024228673683797552
2 0.395738 0.790097 0.02115358597251955 0.029615578130301044
1 0.6621311375000001 0.786541415625 0.7845422671875 0.73931105625 0.4085722609375 0.20769773125 0.22363023750000002 0.368344684375 0.38137397968750003 0.5524040546875 0.49266625781249995 0.6512886703125 0.527991996875 0.6467994890625001 0.6621311375000001 0.786541415625
1 0 0.6337326140624999 0.111746753125 0.713683625 0.21830053437500002 0.7813762734374999 0.3073677375 0.7433618984375 0.051391803125 0.5501235765625 0 0.6085609937500001 0 0.6337326140624999
1 0.3030144125 0.77519573125 0.4159283359375 0.8598649765624999 0.501439140625 0.82629581875 0.36623265625 0.7225704687500001 0.3030144125 0.77519573125
1 0.6240588453125 1 0.8952535640624999 0.9542833140625 0.847077690625 0.8825367234374999 0.4422345328125 0.976541940625 0.4874948 1 0.6240588453125 1
4 0.4990926328125 0.9069400796875 0.5729258734375 0.8821019453125001 0.701846265625 0.8485255484374999 0.8163738921875 0.7992151828125 0.7890837484375 0.7556143843750001 0.76731254375 0.7579003890625 0.6140286500000001 0.80433421875 0.5504218671875 0.8310526046875 0.46763618281249997 0.8494855671874999 0.4990926328125 0.9069400796875
3 0.433803259375 0.7395478875 0.42370460625 0.6887754078125 0.44502198281250005 0.6987806109375 0.459992309375 0.7147380265625001 0.4741385734375 0.705971240625 0.4653358359375 0.6902292015625 0.45045523750000005 0.671187990625 0.44470638593749995 0.6565815734375 0.22411915 0.43999635625 0.211574603125 0.4467611234375 0.42329927968750003 0.6496601625 0.3906203390625 0.65880875 0.35983550468750003 0.6824291453125 0.3427849046875 0.6849206531250001 0.3240495625 0.66574483125 0.332327334375 0.646483353125 0.272229953125 0.616602353125 0.14519308125 0.526761115625 0.1264876515625 0.5065573624999999 0.1099321046875 0.54508031875 0.3373815578125 0.7114853421875 0.36401255 0.6980096515625 0.38948376875 0.6978701515625 0.4186235625 0.7307859921875 0.433803259375 0.7395478875
5 0.855318 0.799108 0.02400580133278325 0.020349705534962938
5 0.791446 0.81721 0.022625157759274116 0.02654514183263217
5 0.729136 0.835368 0.02963367570596276 0.026009428493120622
5 0.669306 0.848919 0.027889319279472247 0.019704864790789856
5 0.622067 0.859782 0.025636497492717503 0.022748019237293703
5 0.575587 0.871454 0.027312657759274293 0.02670883293962447
5 0.526741 0.883825 0.024164925705962938 0.025818455534962936
5 0.742073 0.471387 0.03316785266556703 0.040181055897782515