6 0.743714 0.15114 0.027162565254479177 0.02593578610435352
2 0.689044 0.118013 0.026308580072118025 0.022806240924813714
2 0.77967 0.185719 0.02087619766329869 0.024336924668035033
2 0.762502 0.253579 0.026308580072118025 0.022806240924813714
2 0.752983 0.314453 0.026363131458888845 0.025149990924813716
5 0.60292 0.814293 0.022329594889756877 0.019658515027114732
5 0.621269 0.730036 0.025400043502986237 0.017332945745273953
5 0.694191 0.372696 0.027144381458888846 0.025154536104353475
5 0.713847 0.277511 0.02705346248093754 0.021248286104353475
2 0.639331 0.834815 0.015389263867708359 0.023523858411256527
2 0.664892 0.724822 0.026344947663298514 0.024368740924813715
2 0.670614 0.668613 0.01922277868534721 0.020421584308955333
2 0.740394 0.377652 0.021675631458888844 0.025122719847574793
2 0.439026 0.115778 0.019150043502986235 0.01729658430895542
2 0.403779 0.111667 0.019931293502986235 0.017301129488495225
2 0.331576 0.097186 0.02222049211621524 0.014971015027114643
2 0.400004 0.318648 0.017696646276527873 0.021974993949875808
2 0.380363 0.313847 0.01689721248093754 0.021189198770336048
2 0.300076 0.287602 0.015243793502986058 0.017273858411256348
2 0.371228 0.491895 0.019894925911805573 0.015738629488495092
2 0.356148 0.481652 0.01924096248093754 0.02120283430895533
2 0.272517 0.446014 0.012191528685347208 0.020380677693097128
2 0.258549 0.617785 0.019186411094166723 0.01885908430895533
2 0.316562 0.660304 0.016679006933854178 0.011814198770336048
2 0.345814 0.675316 0.016006859707395904 0.016497153590796287
5 0.388073 0.611508 0.02073072729857639 0.01808692466803503
2 0.203476 0.433114 0.020040396276527872 0.02198862948849527
2 0.137905 0.401487 0.019222778685347254 0.020421584308955333
2 0.119773 0.394351 0.017696646276527783 0.021974993949875808
2 0.118377 0.569319 0.013663109707395815 0.016483518052176648
2 0.169849 0.599302 0.016806293502986146 0.017282948770336048
2 0.094539 0.551995 0.018423344889756964 0.01963578912941557
2 0.049354 0.523611 0.02630858007211807 0.022806240924813537
2 0.062214 0.371363 0.013045513867708358 0.023510222872636887
3 0.314972575 0.35252435000000004 0.446787375 0.3972826125 0.450945140625 0.38863244375 0.3220223796875 0.343271409375 0.314972575 0.35252435000000004
3 0.25212308125 0.3366687765625 0.2555398078125 0.3273947015625 0.22845311875 0.3185627578125 0.117228740625 0.2844574359375 0.11314309062500001 0.29620600937499997 0.21497916250000002 0.33273509843750004 0.25212308125 0.3366687765625
4 0.3059284890625 0.46337959218749997 0.31084171718750003 0.45597301406249996 0.274372175 0.41858502187499996 0.2384417453125 0.373145403125 0.1927281296875 0.34437798750000004 0.18487959375000002 0.350528296875 0.2210174015625 0.3736636296875 0.261466178125 0.4259451 0.3059284890625 0.46337959218749997
3 0.42893191249999996 0.535348859375 0.4301399484375 0.5248227390625 0.29943222187499996 0.465200590625 0.294692071875 0.480043340625 0.42893191249999996 0.535348859375
3 0.2483582578125 0.42462964531249997 0.25466702343750003 0.4147527984375 0.22791752031249998 0.389193696875 0.2065572140625 0.3766774859375 0.188305290625 0.37285371875 0.1720168671875 0.35974741875 0.168778671875 0.34547784843749996 0.14975686562499999 0.339790809375 0.15007417812499999 0.3534237890625 0.15694545 0.367714496875 0.1818378703125 0.37591407656250003 0.1981839875 0.3914991 0.21784586875 0.3934722796875 0.237257103125 0.415890703125 0.2483582578125 0.42462964531249997
3 0.47891200781250004 0.1855673390625 0.346846559375 0.16125431875000001 0.3184668734375 0.31536885937500003 0.44435336562499994 0.35513585625 0.47673216093750004 0.18555465625 0.47891200781250004 0.1855673390625
3 0.24047384374999997 0.3043819609375 0.253262875 0.1359259859375 0.116953121875 0.11654505 0.099198621875 0.2589490625 0.24047384374999997 0.3043819609375
2 0.223222 0.274657 0.02614492591180557 0.015774990924813714
2 0.153927 0.250819 0.01604322729857639 0.0180596535907962
2 0.135885 0.24759 0.016860844889756966 0.01962669877033596
2 0.079944 0.226955 0.019131859707395858 0.01651533430895542
2 0.101107 0.062256 0.018314242116215285 0.014948289129415615
2 0.154377 0.068815 0.015915940729444467 0.012590903590796199
2 0.177924 0.073639 0.015952308320624997 0.014153403590796199
2 0.239152 0.086494 0.019204594889756964 0.01964033430895542
1 0.52420275625 0.8828774390625 0.5758161937499999 0.6656991765625 0.4332951203125 0.5979535390625 0.384054484375 0.79222051875 0.52420275625 0.8828774390625
1 0.60875398125 0.45770621718750004 0.668206984375 0.2027781453125 0.4996953859375 0.17329631406249998 0.45143553125 0.40970159375000004 0.60875398125 0.45770621718750004
1 0.400671 0.078841 0.03401197729857639 0.018164192720211768
1 0.469403 0.07846 0.024618793502986236 0.017328400565734103
1 0.308102 0.061898 0.0324131097073959 0.016592602361132157