2 0.718111 0.602281 0.02531817333704538 0.028071175705962938
2 0.985099 0.592868 0.027017033338636053 0.03983538981258548
2 0.918074 0.470646 0.03552896733768165 0.03305419239901042
2 0.897207 0.422398 0.019113626670908702 0.03179556927947225
2 0.855627 0.339185 0.025254538669636162 0.022602425705962936
2 0.682018 0.453624 0.029269876670908877 0.03209108597251955
2 0.677794 0.426167 0.03393919533736352 0.0306649782923877
2 0.652484 0.331712 0.03167726133831792 0.03762803213245362
2 0.628429 0.277905 0.026090332670272432 0.027312657759274293
2 0.440241 0.616063 0.019531797342454072 0.06773306927947224
2 0.169847 0.601167 0.03277668467536321 0.06499451418576499
2 0.212805 0.467306 0.03595622867599957 0.06977294239901041
2 0.222207 0.402758 0.024627830004772467 0.03586094365265158
2 0.25878 0.324161 0.02074885200509069 0.038091033386094875
2 0.300404 0.276952 0.020158506007317813 0.05447455133278352
2 0.323041 0.208883 0.01515283267027261 0.026994409012915454
2 0.472115 0.26789 0.019903967337681648 0.03259955133278351
2 0.463431 0.326992 0.018259651336727245 0.025522837226160888
2 0.450523 0.425802 0.026526684675363253 0.06481265775927411
5 0.351492 0.103497 0.019849423337045292 0.027912051332783516
5 0.409305 0.105179 0.017532945337363427 0.03018760517284953
5 0.461676 0.109046 0.024482379336408934 0.023360943652651577
5 0.509259 0.104183 0.023728401336727066 0.02568196159934022
5 0.567871 0.10745 0.01827783267027261 0.0270853372261608
5 0.621096 0.11759 0.023719310669954297 0.02490071159934022
5 0.721096 0.1205 0.028434082670272608 0.027380853919208283
4 0.299992846875 0.26081335 0.331750853125 0.265166665625 0.361701228125 0.261465796875 0.395107196875 0.2601516421875 0.40968037187500006 0.26057567812500004 0.47233913593750004 0.2692573671875 0.47823341093750005 0.26028419999999997 0.4841276859375 0.2513110328125 0.4944146328125 0.251610353125 0.5021298453124999 0.25183484218749996 0.522703740625 0.25243348125 0.5227968781250001 0.26043777968750004 0.524697646875 0.27649626562499996 0.528983875 0.27662098125 0.5615725125 0.278712296875 0.5752485265625 0.2756809765625 0.5974703859375 0.2706121453125 0.610289153125 0.26755588124999996 0.633408175 0.265942409375 0.6419939359375 0.26733531250000003 0.6652060953125 0.2737261375 0.6952229984375 0.275742625 0.7147001484375 0.2557338390625 0.7178630203125 0.2329641890625 0.6921988734375 0.23678977343750002 0.6815659843749999 0.20676020312499999 0.6744685203125 0.185978175 0.6571506359375 0.17061418281250001 0.644225425 0.1645226765625 0.6253394109375 0.1616869828125 0.6160427640624999 0.17284731874999998 0.5954954796874999 0.174535621875 0.569911165625 0.185222034375 0.5512912609375 0.20525576406249998 0.532498384375 0.2104243671875 0.5093527515625 0.2097508984375 0.47854513125000003 0.2134268234375 0.43991585625 0.207730490625 0.4003628078125 0.1962918578125 0.3770974265625 0.18532714687500002 0.33509239062499996 0.184104925 0.3112890953125 0.20055858125 0.294908290625 0.1920803609375 0.2880902421875 0.19531122812499999 0.277079103125 0.20642167812499998 0.2712646609375 0.2222556703125 0.2748666140625 0.23722057031250002 0.281870940625 0.24999829999999998 0.299992846875 0.26081335
1 0.797628696875 0.386172228125 0.7564809078125 0.38497495000000004 0.719225875 0.27644103750000004 0.5923668281250001 0.2738929 0.706591525 0.6635789109375 0.9122373375 0.6615610046875 0.797628696875 0.386172228125
1 0.23634000781250003 0.46128712031249997 0.2038178953125 0.464913159375 0.2107633046875 0.5462742171875 0.17838947031250002 0.7099363421875 0.37196731562499996 0.7018518734375 0.393356621875 0.5515871406249999 0.381480628125 0.48837196250000003 0.3946966421875 0.372161934375 0.41152791874999994 0.272060278125 0.3000992921875 0.26996112031249997 0.28154022031250003 0.36886941875 0.24216014375 0.3722959125 0.23634000781250003 0.46128712031249997
3 0.42822619531250006 0.676054821875 0.46932076250000004 0.672678215625 0.4770530578125 0.45343106093749996 0.47988329218750003 0.4020746296875 0.4706322546875 0.343508165625 0.45593933125 0.3327928890625 0.45720143437500005 0.293964753125 0.4417710140625 0.29351577500000003 0.42822619531250006 0.676054821875
3 0.576738740625 0.40374975312499994 0.5912986124999999 0.40303031718750004 0.633419621875 0.63515889375 0.650551228125 0.6345142890625 0.6056056765625 0.3805849296875 0.5890918171874999 0.36067199375 0.571899378125 0.28244203125 0.5616656515625 0.28671659531250004 0.5771835171874999 0.3683270875 0.576738740625 0.40374975312499994
1 0.30110098125 0.135106346875 0.69543396875 0.14658026562499998 0.6837176390625 0.097086740625 0.3159592671875 0.0863860640625 0.30110098125 0.135106346875