5 0.672808 0.666554 0.02734375 0.02734375
5 0.650933 0.57046 0.04140625 0.0203125
5 0.564214 0.213429 0.0328125 0.02265625
5 0.547808 0.13296 0.02734375 0.03515625
5 0.528277 0.047023 0.03671875 0.02890625
5 0.572808 0.055616 0.021875 0.0296875
5 0.603277 0.164991 0.0296875 0.02421875
5 0.700152 0.792335 0.02734375 0.02421875
2 0.583746 0.107179 0.0296875 0.01953125
2 0.611089 0.219679 0.025 0.02734375
2 0.708746 0.632179 0.03359375 0.03828125
2 0.717339 0.693116 0.01875 0.02421875
2 0.740777 0.758741 0.0296875 0.028125
2 0.288433 0.262648 0.028125 0.01796875
2 0.262652 0.283741 0.02578125 0.0109375
2 0.204058 0.322804 0.02265625 0.01484375
2 0.118121 0.343898 0.0296875 0.01484375
2 0.072027 0.374366 0.02265625 0.01796875
2 0.046246 0.384523 0.02578125 0.0140625
2 0.000933 0.411866 0.02109375 0.015625
2 0.175933 0.666554 0.01875 0.02109375
2 0.110308 0.68921 0.01640625 0.01640625
2 0.093121 0.693116 0.015625 0.01640625
2 0.037652 0.713429 0.01328125 0.01640625
2 0.201714 0.860304 0.0171875 0.0203125
2 0.138433 0.867335 0.02109375 0.01796875
2 0.110308 0.871241 0.02109375 0.0140625
2 0.063433 0.879054 0.02734375 0.01640625
2 0.356402 0.625929 0.021875 0.01640625
2 0.337652 0.630616 0.0171875 0.01875
2 0.254058 0.654054 0.0296875 0.01875
2 0.286871 0.844679 0.02265625 0.0234375
2 0.361871 0.832179 0.02265625 0.01875
2 0.396246 0.825929 0.02265625 0.01953125
2 0.44156987656249996 0.6508876578125 0.311824653125 0.6862215593750001 0.33254027656249996 0.8452241171875 0.46991757187500005 0.8182587703124999 0.44156987656249996 0.6508876578125
2 0.2355039328125 0.7038885109375 0.1090295984375 0.7401522515625001 0.111210190625 0.8842773765624999 0.2485874859375 0.8545225125 0.2355039328125 0.7038885109375
1 0.41213188437500003 0.43888425 0.37179093281250003 0.3003381625 0.254038965625 0.3579882125 0.2758448859375 0.49932381875000004 0.354346196875 0.457481040625 0.41213188437500003 0.43888425
2 0.314214 0.456398 0.04453125 0.01328125
2 0.154839 0.510304 0.0296875 0.01640625
2 0.080621 0.53921 0.04375 0.02109375
2 0.015777 0.566554 0.025 0.0203125
1 0.18862120625 0.37844468125 0.058875982812500005 0.44725280625 0.06977894375 0.561623065625 0.211517421875 0.509552053125 0.18862120625 0.37844468125
1 0.5287935546875 0.114370259375 0.3630685640625 0.20642437187499998 0.418673659375 0.40076082968750004 0.5778568749999999 0.316145434375 0.5287935546875 0.114370259375
1 0.5963919062499999 0.5486053125 0.4524728359375 0.5988166453125 0.4928137875 0.8266273265624999 0.6672611453124999 0.7968724625 0.5963919062499999 0.5486053125