5 0.303823 0.671226 0.02734375 0.027661923337045202
5 0.325697 0.575387 0.04140625 0.02079430533895419
5 0.412416 0.219365 0.0328125 0.02303805800445442
5 0.428823 0.139087 0.02734375 0.03547442333704529
5 0.448354 0.053377 0.03671875 0.029333511338317957
5 0.403822 0.061452 0.021875 0.02994203866963623
5 0.373354 0.170473 0.0296875 0.024564195337363426
5 0.276479 0.796689 0.02734375 0.02453692333704538
2 0.392885 0.112888 0.0296875 0.019876695337363425
2 0.365541 0.22507 0.025 0.027634651336727066
2 0.267885 0.636433 0.03359375 0.038672148671227015
2 0.259291 0.697271 0.01875 0.024436926002545434
2 0.235854 0.762623 0.0296875 0.028470445337363516
2 0.688198 0.271793 0.028125 0.018296014003817973
2 0.713979 0.293186 0.02578125 0.011237492003499838
2 0.772573 0.332931 0.02265625 0.015107379336408933
2 0.85851 0.355024 0.0296875 0.015189195337363426
2 0.904604 0.38603 0.02265625 0.018232379336408932
2 0.930385 0.396486 0.02578125 0.014362492003499839
2 0.975697 0.424357 0.02109375 0.01587044800286357
2 0.800697 0.677008 0.01875 0.021311926002545434
2 0.866323 0.700428 0.01640625 0.016597154002227298
2 0.88351 0.704534 0.015625 0.016588063335454352
2 0.938979 0.725492 0.01328125 0.016560791335136216
2 0.774916 0.870458 0.0171875 0.020512494668999893
2 0.838198 0.878226 0.02109375 0.018214198002863568
2 0.866323 0.882459 0.02109375 0.014307948002863568
2 0.913197 0.890817 0.02734375 0.01672442333704538
2 0.620229 0.634283 0.021875 0.016660788669636162
2 0.638979 0.639189 0.0171875 0.01894999466899989
2 0.722572 0.663599 0.0296875 0.019095445337363515
2 0.68976 0.853842 0.02265625 0.02370112933640911
2 0.61476 0.840469 0.02265625 0.01901362933640911
2 0.580385 0.833819 0.02265625 0.01979487933640911
2 0.33254027656249996 0.8413546609375 0.46991757187500005 0.812790784375 0.44156987656249996 0.6457495265625 0.311824653125 0.6825931515625 0.33254027656249996 0.8413546609375
2 0.111210190625 0.882983328125 0.2485874859375 0.8516299359374999 0.2355039328125 0.7011481749999999 0.1090295984375 0.7388835765625 0.111210190625 0.882983328125
1 0.254038965625 0.3550322015625 0.2758448859375 0.4961140734375 0.354346196875 0.45335785 0.41213188437500003 0.4340886609375 0.37179093281250003 0.29601198281249996 0.254038965625 0.3550322015625
2 0.662416 0.465243 0.04453125 0.013799418006045273
2 0.821791 0.521003 0.0296875 0.016751695337363516
2 0.89601 0.550773 0.04375 0.0216028273392725
2 0.960854 0.578872 0.025 0.020603401336727244
1 0.06977894375 0.5608111140625 0.211517421875 0.5070908249999999 0.18862120625 0.37624987499999996 0.058875982812500005 0.446567721875 0.06977894375 0.5608111140625
1 0.418673659375 0.3958891203125 0.5778568749999999 0.3094214609375 0.5287935546875 0.1082171890625 0.3630685640625 0.2021996859375 0.418673659375 0.3958891203125
1 0.4928137875 0.82089291875 0.6672611453124999 0.7891081765625 0.5963919062499999 0.5416656640624999 0.4524728359375 0.5935516468750001 0.4928137875 0.82089291875