1 0.7247769125 0.44295704062499996 0.8175537984375 0.2901879484375 0.6807751015625 0.2386548671875 0.561359659375 0.358278775 0.7247769125 0.44295704062499996
1 0.44136278593749995 0.797825521875 0.6793203437499999 0.44441078906250003 0.5096878312500001 0.360957975 0.24986775468750003 0.618167275 0.44136278593749995 0.797825521875
1 0.0643050359375 0.4634496375 0.34340129375 0.267971359375 0.234491303125 0.22579047968750002 0.0110340953125 0.3591018921875 0.0643050359375 0.4634496375
1 0.3911674265625 0.289100715625 0.5296438046875 0.183637415625 0.4496327546875 0.1567491984375 0.3177376140625 0.23838837499999999 0.3911674265625 0.289100715625
1 0.5318317875 0 0.4727009375 0.036496531250000006 0.887114959375 0.13636462656249998 0.9223798921874999 0.0802627515625 0.5513323734375 0 0.5318317875 0
5 0.170739 0.138479 0.016879028685347207 0.02040794877033596
5 0.236855 0.117767 0.025727351823611144 0.031395445745273864
5 0.294214 0.104036 0.023183580072118026 0.02278806020665449
5 0.353207 0.087189 0.014644381458888845 0.025081813231716543
5 0.401264 0.070279 0.024019381458888843 0.025136355386194263
5 0.449938 0.060405 0.025600065254479176 0.025926695745273863
5 0.497885 0.048182 0.020912565254479175 0.02589942466803503
3 0.2426622859375 0.5385266515625 0.25391800937500003 0.5622470015625 0.4773322078125 0.3504425890625 0.365580609375 0.3011424921875 0.1347333484375 0.46185060624999996 0.1527855546875 0.5093172484374999 0.373573390625 0.33796403124999996 0.3903247609375 0.329541534375 0.454448609375 0.36365793125 0.2426622859375 0.5385266515625
3 0.6343713296875 0.2377355453125 0.5262731375 0.34540069375 0.5371413781250001 0.3524732140625 0.644430753125 0.248380646875 0.6343713296875 0.2377355453125
3 0.5018334359375001 0.3300820875 0.50103079375 0.2955972984375 0.47368795781250006 0.3088385828125 0.4538673859375 0.3386861875 0.4532861625 0.3137144453125 0.4568874046875 0.27682545 0.41468760312499997 0.303235378125 0.42686285 0.3281396703125 0.4674388484375 0.346932271875 0.48867713437500004 0.3396729625 0.5018334359375001 0.3300820875
4 0.7786231109374999 0.26543931249999997 0.8342221359374999 0.27819805625 0.854774665625 0.203153109375 0.50465673125 0.10647882812500001 0.4735189109375 0.1482851890625 0.5637000921875 0.1905750328125 0.6512057312499999 0.23288043906250003 0.7786231109374999 0.26543931249999997
2 0.196754 0.262866 0.02183928561920112 0.03215396984757479
2 0.230674 0.316195 0.017569359707395905 0.01650624394987581
2 0.251931 0.342885 0.02158471248093754 0.021216469847574793
2 0.296224 0.420497 0.018641550436840328 0.02901078912941557
2 0.328255 0.420683 0.020058580072118203 0.02276987948849509
2 0.403816 0.531294 0.025781903210381964 0.03373919574527377
2 0.439117 0.592445 0.03353985182361115 0.0314408975406721
2 0.556428 0.75565 0.030414851823611144 0.0314227168225127
2 0.806105 0.569577 0.025727351823611144 0.031395445745273774
2 0.656998 0.429628 0.023401785619201476 0.03216306020665449
2 0.63565 0.406844 0.028071101823611146 0.031409081283893414
2 0.527658 0.313235 0.02387391109416672 0.018886355386194254
2 0.777622 0.316252 0.023201763867708357 0.02356931020665449
2 0.798297 0.334343 0.025527330072118028 0.022801695745273954
2 0.947532 0.435225 0.02480063145888889 0.025140900565734016
2 0.669193 0.241392 0.02392846248093754 0.021230105386194253
2 0.592469 0.113585 0.018405161094166723 0.018854539129415572
2 0.64543 0.154523 0.015225609707395903 0.016492608411256347
2 0.801788 0.184343 0.017714830072118028 0.02275624394987581
2 0.892031 0.234875 0.025472778685347208 0.020457945745273865
2 0.93053 0.259321 0.03099608007211807 0.022833512002052546
5 0.285104 0.461844 0.020912565254479175 0.02589942466803503