2 0.322346 0.443395 0.09296875 0.025902790288686008
2 0.337971 0.1741 0.07734375 0.034732153265377354
2 0.466877 0.211786 0.075 0.03308780771188111
2 0.515315 0.447594 0.06953125 0.02820933475372307
2 0.620784 0.256411 0.03359375 0.02382936960011346
2 0.622346 0.460263 0.02578125 0.01574405108845909
2 0.68094 0.469154 0.03828125 0.01774306070710594
2 0.739534 0.471795 0.0328125 0.016770837748947897
2 0.667659 0.29618 0.04296875 0.01712550181409851
2 0.73719 0.321096 0.02890625 0.0189781784931208
2 0.367659 0.983219 0.04375 0.030434033665263982
2 0.490315 0.921905 0.03828125 0.01696181070710594
2 0.542659 0.900545 0.03671875 0.020032247004775173
2 0.352815 0.721237 0.03046875 0.019032742195451747
2 0.504378 0.683132 0.028125 0.014263396641955417
2 0.53094 0.679861 0.02109375 0.01948660998146643
2 0.629378 0.651423 0.03046875 0.014345242195451746
2 0.673909 0.628775 0.04375 0.019496533665263983
2 0.739534 0.614764 0.0234375 0.016443455534962938
2 0.739534 0.763983 0.02109375 0.01714285998146643
2 0.62469 0.85315 0.034375 0.01682540145127902
4 0.1633614984375 0.6851980890625 0.24098717500000003 0.697463234375 0.2433043609375 0.6897269171875 0.2433043609375 0.6619323046875001 0.2502559125 0.62743179375 0.256048875 0.5781249359375 0.2595246515625 0.5495831171875001 0.23635280625 0.5331394703125001 0.23635280625 0.5505111031250001 0.2224497015625 0.5647914828125 0.22708406874999998 0.5493188499999999 0.22940125312499998 0.514656503125 0.23635280625 0.48189315468749994 0.24909732031249998 0.46409798750000003 0.2444629515625 0.45003884687499995 0.2433043609375 0.429152428125 0.2444629515625 0.40313543906250005 0.24909732031249998 0.3737654984375 0.2444629515625 0.342334725 0.23982858281250002 0.3135096953125 0.21897392343750002 0.30756994375 0.21433955624999998 0.3074081078125 0.1911677109375 0.3178904921875 0.1807403828125 0.3305550859375 0.1703130515625 0.3458254234375 0.17378882812500002 0.365055596875 0.1818989734375 0.38618476875 0.19232630312500001 0.40478911406250007 0.1946434875 0.41963591874999995 0.203912225 0.43733122343749997 0.20507081875000002 0.4625605484375 0.1981192640625 0.495323896875 0.19000911874999998 0.550629909375 0.127445140625 0.637909034375 0.1633614984375 0.6851980890625
3 0.5317938140625 0.6459491296875 0.6117366765625001 0.6600323578125 0.6047851234375 0.643286553125 0.5468555140625 0.6334463734375 0.39971430625000004 0.594433403125 0.3904455671875 0.5819495890625 0.3533706171875 0.580654903125 0.266476203125 0.5706718328125 0.267634796875 0.5820038515625 0.35684639375 0.591199259375 0.3614807625 0.607864146875 0.439106440625 0.6227350375 0.5317938140625 0.6459491296875
3 0.6372257046875001 0.47938889375000004 0.6372257046875001 0.44117130312499997 0.43099629375 0.4469983359375 0.261841834375 0.45412005781250003 0.2745863484375 0.4667252484375 0.35568780312500003 0.4843232609375 0.3950799359375 0.4848302828125 0.49240168124999995 0.48909741406249996 0.578137503125 0.49122279375 0.6372257046875001 0.47938889375000004
5 0.446565 0.54687 0.034375 0.026981651451278843
5 0.454378 0.596597 0.04375 0.024184033665263983
1 0.3545292109375 0.8126066578125 0.6395428875 0.9285265140625001 0.661556140625 0.713886990625 0.3637979484375 0.635739678125 0.3545292109375 0.8126066578125
2 0.666096 0.795454 0.01953125 0.017869546279135663
2 0.68719 0.782217 0.03046875 0.016688992195451745
1 0.24214576718749997 0.717481071875 0.32324722031249997 0.749844971875 0.3244058125 0.61178095 0.2583660578125 0.5999203953125 0.24214576718749997 0.717481071875
1 0.2537316890625 0.429516559375 0.4634368765625 0.39688487031249997 0.45532673125 0.2124623515625 0.35684639375 0.2481095171875 0.36611513125 0.27709638281250004 0.2537316890625 0.30704655000000003 0.2537316890625 0.429516559375
1 0.539903959375 0.39000076093749997 0.7032654593750001 0.3957054703125 0.712534196875 0.189306715625 0.5375867765625 0.22054642656249998 0.539903959375 0.39000076093749997
1 0.07646708437500001 0.3277823625 0.08573582187499999 0.6807501765625 0.1216521796875 0.7141419234375 0.13092091875 0.3079693921875 0.07646708437500001 0.3277823625