5 0.223169 0.713081 0.02734375 0.02734375
5 0.245043 0.616988 0.04140625 0.0203125
5 0.331762 0.259956 0.0328125 0.02265625
5 0.348169 0.179488 0.02734375 0.03515625
5 0.3677 0.09355 0.03671875 0.02890625
5 0.323168 0.102144 0.021875 0.0296875
5 0.2927 0.211519 0.0296875 0.02421875
5 0.195825 0.838863 0.02734375 0.02421875
2 0.312231 0.153706 0.0296875 0.01953125
2 0.284887 0.266206 0.025 0.02734375
2 0.187231 0.678706 0.03359375 0.03828125
2 0.178637 0.739644 0.01875 0.02421875
2 0.1552 0.805269 0.0296875 0.028125
2 0.607544 0.309175 0.028125 0.01796875
2 0.633325 0.330269 0.02578125 0.0109375
2 0.691919 0.369331 0.02265625 0.01484375
2 0.777856 0.390425 0.0296875 0.01484375
2 0.82395 0.420894 0.02265625 0.01796875
2 0.849731 0.43105 0.02578125 0.0140625
2 0.895043 0.458394 0.02109375 0.015625
2 0.720043 0.713081 0.01875 0.02109375
2 0.785669 0.735738 0.01640625 0.01640625
2 0.802856 0.739644 0.015625 0.01640625
2 0.858325 0.759956 0.01328125 0.01640625
2 0.694262 0.906831 0.0171875 0.0203125
2 0.757544 0.913863 0.02109375 0.01796875
2 0.785669 0.917769 0.02109375 0.0140625
2 0.832543 0.925581 0.02734375 0.01640625
2 0.539575 0.672456 0.021875 0.01640625
2 0.558325 0.677144 0.0171875 0.01875
2 0.641918 0.700581 0.0296875 0.01875
2 0.609106 0.891206 0.02265625 0.0234375
2 0.534106 0.878706 0.02265625 0.01875
2 0.499731 0.872456 0.02265625 0.01953125
2 0.44156987656249996 0.6508876578125 0.311824653125 0.6862215593750001 0.33254027656249996 0.8452241171875 0.46991757187500005 0.8182587703124999 0.44156987656249996 0.6508876578125
2 0.2355039328125 0.7038885109375 0.1090295984375 0.7401522515625001 0.111210190625 0.8842773765624999 0.2485874859375 0.8545225125 0.2355039328125 0.7038885109375
1 0.41213188437500003 0.43888425 0.37179093281250003 0.3003381625 0.254038965625 0.3579882125 0.2758448859375 0.49932381875000004 0.354346196875 0.457481040625 0.41213188437500003 0.43888425
2 0.581762 0.502925 0.04453125 0.01328125
2 0.741137 0.556831 0.0296875 0.01640625
2 0.815356 0.585738 0.04375 0.02109375
2 0.8802 0.613081 0.025 0.0203125
1 0.18862120625 0.37844468125 0.058875982812500005 0.44725280625 0.06977894375 0.561623065625 0.211517421875 0.509552053125 0.18862120625 0.37844468125
1 0.5287935546875 0.114370259375 0.3630685640625 0.20642437187499998 0.418673659375 0.40076082968750004 0.5778568749999999 0.316145434375 0.5287935546875 0.114370259375
1 0.5963919062499999 0.5486053125 0.4524728359375 0.5988166453125 0.4928137875 0.8266273265624999 0.6672611453124999 0.7968724625 0.5963919062499999 0.5486053125