2 0.746007 0.826796 0.02229322729857639 0.018605247492717324
2 0.617899 0.790279 0.020676175911805574 0.016216033386094963
2 0.553528 0.775133 0.02314721248093754 0.02175297954602886
2 0.433142 0.734937 0.012100609707395904 0.01674723079967002
2 0.259558 0.690069 0.018405161094166723 0.01927283722616089
2 0.205379 0.676782 0.01909549211621524 0.015389319279472246
2 0.14733 0.664943 0.022275043502986147 0.01782399749271768
2 0.089209 0.64998 0.022275043502986147 0.01782399749271768
5 0.655399 0.757799 0.025454594889756876 0.020258675705962757
5 0.554036 0.729866 0.02945176386770836 0.02427858597251955
5 0.198238 0.638319 0.02107621941479172 0.03340353338609496
5 0.112609 0.615528 0.01927733007211807 0.023201819279472246
5 0.8410084 0.5189894734375 0.6061310890625 0.46928675468750003 0.559268625 0.6156663796874999 0.816168171875 0.68591310625 0.8410084 0.5189894734375
5 0.5835685109375001 0.088937928125 0.44330026250000004 0.0649533125 0.3710599546875 0.18686374687500001 0.5181107468749999 0.22176283593749999 0.5835685109375001 0.088937928125
5 0.44452955781250003 0.42630919531250006 0.5035078828125 0.29559228125 0.3598483625 0.266150428125 0.29790027812500003 0.38147075625000004 0.44452955781250003 0.42630919531250006
2 0.685891 0.122398 0.018532447663298514 0.024741587226160842
2 0.667742 0.181205 0.018277874525034755 0.013804087226160843
2 0.66182 0.195086 0.015189242116215241 0.015275659012915454
2 0.641563 0.263981 0.016860844889756876 0.02000862311953817
2 0.833424 0.289081 0.017642094889756876 0.02003135517284953
2 0.840708 0.233081 0.020803462480937184 0.021684783386094874
2 0.385091 0.079294 0.02002221248093754 0.021662051332783518
2 0.357967 0.121445 0.016860844889757053 0.02000862311953817
2 0.345976 0.142956 0.01987674211621533 0.015412051332783516
2 0.31598 0.195953 0.016079594889756875 0.019985891066226814
2 0.471597 0.30744 0.016079594889756875 0.019985891066226814
2 0.29834 0.276635 0.019131859707395903 0.016951819279472157
2 0.262295 0.338044 0.01851426386770836 0.0239603372261608
2 0.243509 0.369506 0.014444359707395904 0.016815426959604095
2 0.427685 0.399849 0.020785278685347207 0.020903533386094787
2 0.435824 0.380567 0.01845971248093754 0.021616587226160888
2 0.63159 0.33864 0.018441528685347208 0.020835337226160888
2 0.608445 0.4176 0.02223867591180557 0.016261497492717637
2 0.602667 0.43773 0.023837543502986235 0.01786946159934022
2 0.807592 0.487413 0.018423344889756877 0.020054087226160887
2 0.812206 0.450854 0.01767846248093754 0.02159385517284953
2 0.823851 0.380928 0.018405161094166546 0.01927283722616089
1 0.8334655890624999 0.5034598265625 0.8575341171875 0.35947900312500003 0.6942936390625001 0.3302329109375 0.6609363734375 0.467819390625 0.74034140625 0.48544001562499994 0.7584731421875001 0.47907801718750004 0.7676014125 0.4785781125 0.7750729078124999 0.4910436515625 0.8334655890624999 0.5034598265625
1 0.86742129375 0.27938827499999996 0.887623553125 0.13759148125 0.7434177171874999 0.1127267828125 0.7016211328125 0.25236423124999996 0.86742129375 0.27938827499999996
3 0.562445515625 0.219225303125 0.6081860859375 0.10879194375000001 0.596337665625 0.104619646875 0.551778875 0.20972883125 0.547901175 0.239470840625 0.5464583515625 0.26162861249999997 0.5447837437499999 0.273828025 0.5609199421875 0.2658769453125 0.562445515625 0.219225303125
3 0.7085678093750001 0.1300849640625 0.67191985 0.23848636406249998 0.6682561046875 0.277420703125 0.6546617593749999 0.282383709375 0.6548578843749999 0.2908100125 0.68164289375 0.2915893765625 0.679362084375 0.2777438546875 0.6811372687499999 0.24181659843749997 0.689113021875 0.219848915625 0.714554421875 0.1348522078125 0.7085678093750001 0.1300849640625
3 0.6550604078125 0.3275603234375 0.6148492812499999 0.4511682203125 0.6255337515625 0.46143071874999997 0.63463779375 0.4318407796875 0.6408433953125 0.389918365625 0.6484511265624999 0.38018811406249997 0.6662911921875 0.33324566718750004 0.6550604078125 0.3275603234375
3 0.53039986875 0.30096781093749997 0.4714750328125 0.43398280624999996 0.48535465 0.441276240625 0.541066509375 0.3104642828125 0.53039986875 0.30096781093749997
4 0.65068715 0.1957655765625 0.6383522984375001 0.22679252499999997 0.606982809375 0.2534380796875 0.5702265093750001 0.273037315625 0.5549575578125 0.29019973593750004 0.5364578 0.308799165625 0.547742075 0.3167825921875 0.5646207140625 0.3126806578125 0.5745741734375 0.29153603125 0.59254544375 0.278279784375 0.62015564375 0.258414421875 0.641993184375 0.24297414687500002 0.6544706687499999 0.21807541718749998 0.65068715 0.1957655765625
4 0.5976049234375 0.24321359843749998 0.5810115578125 0.259571971875 0.5838030234375 0.2673082828125 0.5960551234375 0.2607752046875 0.612137834375 0.250526040625 0.6203453703124999 0.2385167171875 0.6312017359375 0.22811548125 0.6353112203125 0.2083318296875 0.639563340625 0.194676396875 0.6556103906249999 0.1828951796875 0.659684215625 0.1615794703125 0.6368011328125001 0.1601481328125 0.6169477015625 0.2047354703125 0.61274906875 0.2206889859375 0.5976049234375 0.24321359843749998
1 0.3512654703125 0.5705731609375 0.417637571875 0.42093366718749997 0.2049543890625 0.3711112203125 0.11368583750000001 0.51696426875 0.3512654703125 0.5705731609375
2 0.814156 0.735874 0.018405161094166546 0.01927283722616089
5 0.841912 0.452499 0.024019381458888843 0.02568196159934022
5 0.857626 0.356147 0.015352896276527871 0.022306909012915453
5 0.8656 0.262692 0.013790396276527872 0.022261444906292737
5 0.864963 0.235348 0.010483558320624909 0.014358016693047482
2 0.854478 0.153848 0.012100609707395904 0.01674723079967011
2 0.845522 0.205115 0.01675174211621524 0.015321123119538172
2 0.48315 0.233607 0.013608558320624908 0.014448944906292827
2 0.510493 0.167261 0.015134690729444423 0.012931909012915455
2 0.516434 0.154162 0.014371624525034576 0.013690426959604141
2 0.54245 0.097926 0.015225609707395903 0.016838159012915455
2 0.678456 0.809216 0.022547800436840328 0.029542747492717326
5 0.782598 0.788825 0.030396668028021167 0.03133256802583091
2 0.785486 0.745189 0.024110300436840502 0.02958821159934022
2 0.507159 0.627789 0.008830139342673604 0.010406302586424766
5 0.714896 0.496427 0.032740418028020815 0.031400764185764984
5 0.304611 0.411882 0.02654496941479172 0.03356265775927416
5 0.029306 0.592025 0.022511432845659752 0.02798024749271768
5 0.038155 0.636784 0.022638719414791696 0.03344899749271768
5 0.505687 0.63165 0.006540940729444422 0.01268185642649069