5 0.321587 0.670771 0.02734375 0.027661923337045202
5 0.343461 0.574932 0.04140625 0.02079430533895419
5 0.43018 0.21891 0.0328125 0.02303805800445442
5 0.446587 0.138632 0.02734375 0.03547442333704529
5 0.466118 0.052922 0.03671875 0.029333511338317957
5 0.421586 0.060997 0.021875 0.02994203866963623
5 0.391118 0.170018 0.0296875 0.024564195337363426
5 0.294243 0.796234 0.02734375 0.02453692333704538
2 0.410649 0.112432 0.0296875 0.019876695337363425
2 0.383305 0.224614 0.025 0.027634651336727066
2 0.285649 0.635978 0.03359375 0.038672148671227015
2 0.277055 0.696815 0.01875 0.024436926002545434
2 0.253618 0.762168 0.0296875 0.028470445337363516
2 0.705962 0.271337 0.028125 0.018296014003817973
2 0.731743 0.292731 0.02578125 0.011237492003499838
2 0.790337 0.332475 0.02265625 0.015107379336408933
2 0.876274 0.354569 0.0296875 0.015189195337363426
2 0.922368 0.385574 0.02265625 0.018232379336408932
2 0.948149 0.39603 0.02578125 0.014362492003499839
2 0.993461 0.423901 0.02109375 0.01587044800286357
2 0.818461 0.676553 0.01875 0.021311926002545434
2 0.884087 0.699973 0.01640625 0.016597154002227298
2 0.901274 0.704079 0.015625 0.016588063335454352
2 0.956743 0.725037 0.01328125 0.016560791335136216
2 0.79268 0.870003 0.0171875 0.020512494668999893
2 0.855962 0.87777 0.02109375 0.018214198002863568
2 0.884087 0.882004 0.02109375 0.014307948002863568
2 0.930961 0.890362 0.02734375 0.01672442333704538
2 0.637993 0.633828 0.021875 0.016660788669636162
2 0.656743 0.638733 0.0171875 0.01894999466899989
2 0.740336 0.663144 0.0296875 0.019095445337363515
2 0.707524 0.853387 0.02265625 0.02370112933640911
2 0.632524 0.840014 0.02265625 0.01901362933640911
2 0.598149 0.833364 0.02265625 0.01979487933640911
2 0.33254027656249996 0.8413546609375 0.46991757187500005 0.812790784375 0.44156987656249996 0.6457495265625 0.311824653125 0.6825931515625 0.33254027656249996 0.8413546609375
2 0.111210190625 0.882983328125 0.2485874859375 0.8516299359374999 0.2355039328125 0.7011481749999999 0.1090295984375 0.7388835765625 0.111210190625 0.882983328125
1 0.254038965625 0.3550322015625 0.2758448859375 0.4961140734375 0.354346196875 0.45335785 0.41213188437500003 0.4340886609375 0.37179093281250003 0.29601198281249996 0.254038965625 0.3550322015625
2 0.68018 0.464787 0.04453125 0.013799418006045273
2 0.839555 0.520548 0.0296875 0.016751695337363516
2 0.913774 0.550318 0.04375 0.0216028273392725
2 0.978618 0.578416 0.025 0.020603401336727244
1 0.06977894375 0.5608111140625 0.211517421875 0.5070908249999999 0.18862120625 0.37624987499999996 0.058875982812500005 0.446567721875 0.06977894375 0.5608111140625
1 0.418673659375 0.3958891203125 0.5778568749999999 0.3094214609375 0.5287935546875 0.1082171890625 0.3630685640625 0.2021996859375 0.418673659375 0.3958891203125
1 0.4928137875 0.82089291875 0.6672611453124999 0.7891081765625 0.5963919062499999 0.5416656640624999 0.4524728359375 0.5935516468750001 0.4928137875 0.82089291875