5 0.101705 0.575 0.02178510876750579 0.01496646984757497
5 0.174723 0.548787 0.02118579528527036 0.01886817466803503
5 0.262351 0.567814 0.018206344499482087 0.021974993949875808
5 0.623131 0.646206 0.02214898180303493 0.02277896984757479
5 0.72117 0.670642 0.021476893713693723 0.02511817466803503
5 0.849152 0.700375 0.02509204528527027 0.018890900565734014
5 0.845012 0.745723 0.015753432588823203 0.019617608411256527
2 0.814924 0.737302 0.019659682588823203 0.01964033430895551
2 0.744847 0.725988 0.02456550641014079 0.024355105386194252
2 0.683709 0.705244 0.017951633374611475 0.01650624394987581
2 0.619736 0.690769 0.021821496071058634 0.01574771984757497
2 0.324837 0.617464 0.02022260876750561 0.014957379488495093
2 0.26904 0.610756 0.02249358416039975 0.013408515027114732
2 0.213661 0.59623 0.02491010876750561 0.014984650565734014
2 0.157647 0.584834 0.025727746071058634 0.015770445745273774
2 0.868663 0.397835 0.01571704528527027 0.01883635841125635
2 0.872568 0.36421 0.018987594499481997 0.02197953912941557
2 0.879376 0.292276 0.018206344499481997 0.021974993949875808
2 0.661938 0.355276 0.013227746071058633 0.015697722872636887
2 0.667206 0.334146 0.01471747146395277 0.014144313231716587
2 0.689203 0.252746 0.013264133374611475 0.016478972872636888
2 0.488426 0.32112 0.014753858767505613 0.014925563231716588
2 0.495474 0.304668 0.013082196856846907 0.012572722872636888
2 0.523195 0.228705 0.015389559553293885 0.011805108411256348
2 0.351609 0.202352 0.014336481803034928 0.022733518052176736
2 0.31702 0.26507 0.014717471463952591 0.014144313231716587
2 0.301851 0.291728 0.017024834160399748 0.013376698770336048
2 0.369517 0.117069 0.01571704528527036 0.01883635841125635
2 0.399365 0.070007 0.016461907981717337 0.0180596535907962
2 0.409248 0.047288 0.017024834160399748 0.013376698770335971
2 0.434445 0.001035 0.018660108767505613 0.014948289129415593
2 0.592167 0.014965 0.014753858767505613 0.014925563231716565
2 0.569006 0.071365 0.012300946856846906 0.012568177693097126
2 0.561848 0.085473 0.018623721463952768 0.014167039129415571
2 0.536035 0.152047 0.014045383374611475 0.016483518052176738
2 0.695939 0.17925 0.014081770678164495 0.017264768052176825
2 0.714648 0.111154 0.015607883374611475 0.016492608411256347
2 0.723077 0.090786 0.019659682588823203 0.01964033430895542
2 0.739243 0.035209 0.020368157981717337 0.018082379488495226
2 0.904543 0.060817 0.01955052067816443 0.01729658430895542
2 0.897533 0.111652 0.012773981803034929 0.022724427693097127
2 0.894047 0.137461 0.011774407981717338 0.018032382513557366
2 0.888291 0.198448 0.017170383374611475 0.01650169877033596
5 0.36806 0.337449 0.014045383374611475 0.016483518052176738
5 0.775459 0.4101 0.02214898180303493 0.02277896984757497
1 0.6502892250000001 0.5832992390625 0.8739708734375 0.537584396875 0.790954275 0.3793182953125 0.575759671875 0.41791055468750005 0.6502892250000001 0.5832992390625
1 0.169077540625 0.6864852671875 0.42638494531250004 0.63379409375 0.3906081734375 0.453490059375 0.14785400312500002 0.4855469046875 0.169077540625 0.6864852671875
2 0.876365 0.647077 0.019768844499481998 0.02198408430895533
1 0.32250576249999996 0.44193746875000006 0.24492313437500002 0.094044475 0.10475055468750001 0.112354203125 0.1578112140625 0.4760422203125 0.32250576249999996 0.44193746875000006
1 0.6766509890625 0.3674969171875 0.5456510296875 0.057543604687500007 0.42461365625 0.0735740046875 0.5438893984375001 0.40178744843749997 0.6766509890625 0.3674969171875
5 0.090474 0.535211 0.024456344499482086 0.022011355386194253
4 0.4301882453125 0.2687588515625 0.4246677359375 0.26406796718750003 0.420495353125 0.2588672828125 0.41158873125 0.25105085 0.4046718875 0.2479047640625 0.39527571875 0.241120765625 0.39095871875 0.2390250875 0.3832797078125 0.2332863609375 0.3782005390625 0.22859804218750002 0.37397995 0.22443236249999998 0.3676008609375 0.2192188390625 0.36114946406250004 0.21555781875000002 0.3581564859375 0.21346984375 0.35623901406249997 0.20724699531250002 0.351673496875 0.20100874218749998 0.34975602656250004 0.19478589531249998 0.3478867625 0.187528046875 0.34222163437500003 0.18594216562500002 0.3369255390625 0.1859113546875 0.33793622343749996 0.192646565625 0.34238122656250003 0.2014723234375 0.3502605484375 0.2123886234375 0.3538469734375 0.22069174375 0.3631949359375 0.22851074218749998 0.3815218296875 0.242593671875 0.3887353953125 0.24884733125 0.3942077 0.25457321875 0.40154178125 0.25823937343750003 0.408434521875 0.2619029609375 0.41481361093749997 0.2671164828125 0.421168596875 0.27284750625 0.426713209375 0.277020890625 0.4320408953125 0.2858517828125 0.4398479078125 0.2983205859375 0.44742301875 0.29681173437499997 0.4458745796875 0.29214395625 0.4438848 0.2874736109375 0.44231225937499996 0.283323334375 0.43951210625000003 0.277095353125 0.43225033437500004 0.27187669531249997 0.4301882453125 0.2687588515625
3 0.45018409375 0.2849220546875 0.5049504171875 0.42655665625 0.5161526703125 0.42299834374999995 0.46342433281249995 0.284999084375 0.45018409375 0.2849220546875
3 0.32540338593749996 0.31007815 0.362877603125 0.44384753593750004 0.3734938953125 0.443391659375 0.334671553125 0.3101320703125 0.32540338593749996 0.31007815
3 0.43425837031250003 0.238241715625 0.438397521875 0.26311256250000004 0.4485649859375 0.2533365359375 0.44027755468749996 0.22274750625 0.441651425 0.1932499640625 0.4009174578125 0.0915553515625 0.39108743437500004 0.09408636875000001 0.43486258437499997 0.19683395312500002 0.43425837031250003 0.238241715625
3 0.3262004234375 0.26453038281249996 0.32170136718750003 0.218951803125 0.2868419671875 0.1048679875 0.2782877625 0.10844170625 0.3119195515625 0.2204478171875 0.3162980921875 0.26861389999999996 0.3262004234375 0.26453038281249996