2 0.07956 0.817227 0.03327615016215577 0.02847361049510866
2 0.258652 0.727809 0.02784831047058134 0.030498842079257394
2 0.327597 0.690166 0.02399660754848192 0.033396328925077864
2 0.469461 0.618558 0.025518197240056394 0.031143584186749607
2 0.395507 0.414059 0.022297739853730292 0.02549282366340595
2 0.244858 0.47523 0.02235228693163096 0.028617823663405772
2 0.216184 0.490195 0.021652857548481917 0.0332598210325699
2 0.040644 0.559072 0.026422178165332988 0.03822033681758548
2 0.453893 0.443504 0.026122169236879246 0.021032836817585478
2 0.572551 0.386542 0.030891489853730292 0.02599335260260105
2 0.674906 0.560451 0.027039786931630873 0.028890839448421347
2 0.553945 0.619893 0.02718979139585791 0.03748458944842135
2 0.722276 0.541269 0.030164786931630872 0.02907284997176518
2 0.82764 0.4843 0.030055692775829358 0.02282284997176518
2 0.708383 0.327798 0.021475579545304768 0.0231035710325699
2 0.598182 0.376447 0.023065353084255058 0.02475707629424182
2 0.029859 0.389215 0.02390115016215578 0.02792757892507782
2 0.029049 0.253186 0.01999490016215578 0.027700065770898164
2 0.135644 0.221953 0.02686250892845372 0.018734589448421435
2 0.180726 0.340544 0.017623876623205435 0.026001057878390375
2 0.204686 0.324289 0.015211942775829535 0.02195829998588259
2 0.336912 0.28296 0.030110239853730292 0.02594784997176518
2 0.280342 0.178333 0.017651150162155814 0.027563557878390377
2 0.345005 0.208977 0.014580697240056483 0.030506547355046633
2 0.391459 0.316539 0.02542273985373029 0.025674834186749606
2 0.433645 0.179571 0.019899442775829713 0.022231315770898142
2 0.46395 0.168421 0.01833694277582971 0.022140310509226248
2 0.541652 0.139652 0.02146194277582971 0.022322321032569946
2 0.621413 0.228852 0.022134098620028197 0.01611782366340586
5 0.8408 0.297406 0.022352286931630872 0.02861782366340595
5 0.789146 0.250364 0.022352286931630872 0.02861782366340595
5 0.747731 0.207418 0.02224319277582971 0.02236782366340586
5 0.706396 0.169159 0.02303807954530477 0.02319457629424182
5 0.669804 0.133752 0.01994035308425506 0.02457506577089812
5 0.634075 0.102987 0.015266489853730292 0.02508329998588259
5 0.608544 0.073975 0.019186376623205346 0.026092063140062204
5 0.585465 0.051075 0.019090919236879243 0.020623313140062206
5 0.6926171546875 0.22804004843749998 0.670523325 0.2016366796875 0.6483289 0.1694703796875 0.6253706265625001 0.14311735781249998 0.6070162109374999 0.132648803125 0.58789795 0.127993525 0.5822492421875001 0.15139768125 0.5966435921875 0.18286452656250002 0.609148115625 0.205211378125 0.625009803125 0.2215939078125 0.6443896078125 0.2412328046875 0.6628244953125 0.256311703125 0.653496728125 0.2672388046875 0.622356784375 0.2678987421875 0.6172305015624999 0.2716585875 0.629614315625 0.287089921875 0.6393846890625 0.301519715625 0.649818321875 0.3043732984375 0.6680117875 0.30562116562499997 0.6974228515625 0.305061925 0.7465758499999999 0.3448881296875 0.757250903125 0.36157274687499996 0.7907433968750001 0.39654228125 0.8111083499999999 0.423046346875 0.8411430875000001 0.45821727343749996 0.8526021046875 0.4702411984375 0.87035361875 0.4957437203125 0.8862756640624999 0.515584009375 0.92648118125 0.4394018 0.8787358218750001 0.43064507343749997 0.8356741359375001 0.39277160625 0.7992261890625 0.3372065640625 0.765050321875 0.312660653125 0.74623318125 0.27568261562499996 0.706830440625 0.24913361875 0.6926171546875 0.22804004843749998
3 0.2304803421875 0.3648221546875 0.1677769921875 0.38951902031249996 0.12657233437499998 0.40672823124999996 0.09405948750000001 0.41953401250000005 0.084865240625 0.42864332968749996 0.0994381125 0.45975149374999996 0.172503675 0.425877284375 0.2503226625 0.39640284375 0.305991015625 0.370556846875 0.327584846875 0.36851971093749997 0.3409757140625 0.36540147031250003 0.352791315625 0.3725076640625 0.35529034843749996 0.3817153625 0.34968155625 0.395292471875 0.33758098125 0.4053505015625 0.325982840625 0.410702640625 0.3190565765625 0.41578267343749997 0.317657996875 0.43612950625 0.33156489218749996 0.42908402187499994 0.34649025 0.41340540781249996 0.356852465625 0.404228065625 0.3657345546875 0.4107256796875 0.366495225 0.42081406250000003 0.351067428125 0.44119856718749995 0.1577151140625 0.5163739281249999 0.1025763796875 0.5390713296875 0.10225062968750001 0.553899615625 0.244972990625 0.4918058 0.34314988281250003 0.456469021875 0.386052128125 0.43604318906249995 0.39403763125 0.42466596250000005 0.3823710921875 0.3926090859375 0.36787977031249997 0.3661727984375 0.3626506515625 0.334520425 0.351948653125 0.3242316203125 0.3333562921875 0.3307705640625 0.303111425 0.33954706562500003 0.272404896875 0.355365390625 0.2304803421875 0.3648221546875
3 0.514583059375 0.43167486562499996 0.5957700406249999 0.3942098890625 0.6579165890625001 0.371104328125 0.6875095140624999 0.35846861093750004 0.681506575 0.34946499375 0.63385090625 0.36549105625 0.5828000624999999 0.3879503671875 0.5219166234375 0.416438421875 0.45447344218749997 0.43751416406250004 0.46111473125 0.44959835156250005 0.47169440781249994 0.45287934375 0.514583059375 0.43167486562499996
3 0.4657309140625 0.34566430625 0.463109559375 0.329448796875 0.41962332968749994 0.34990864374999997 0.41743689687499996 0.3586098 0.426454896875 0.37289387343749997 0.43008112499999995 0.3796976078125 0.42091406249999996 0.3903642140625 0.428044196875 0.39696387031249997 0.442616625 0.3945562453125 0.45107782343749997 0.410431625 0.4720468953125 0.406092565625 0.4706342859375 0.392144965625 0.48811304218749996 0.38878863125 0.4766096 0.3660755078125 0.4598643296875 0.3779629328125 0.4502623453125 0.36371287343750003 0.4564279375 0.34854445625 0.4657309140625 0.34566430625
1 0.552585471875 0.6328946546875 0.8335889296874999 0.48870032343750003 0.7430559890625 0.359130584375 0.4734603921875 0.487071734375 0.552585471875 0.6328946546875
1 0.08018508125 0.8303262124999999 0.4892297390625 0.6202165203125001 0.42834364843749995 0.4476098640625 0.0542696546875 0.618269746875 0.08018508125 0.8303262124999999
1 0.40180478906249995 0.33379883125 0.6370001125 0.24449482968749997 0.5777449781249999 0.1653256765625 0.361006103125 0.240304275 0.40180478906249995 0.33379883125
1 0.043302734375 0.395209946875 0.35307540625 0.2883118703125 0.3096789578125 0.2167928671875 0.0344329125 0.288943621875 0.043302734375 0.395209946875
1 0.6295249187499999 0.043703265625 0.94535839375 0.3415696875 0.9430026968749999 0.15825263750000002 0.7453449234375 0.0054439046875 0.6295249187499999 0.043703265625
5 0.528296 0.673784 0.02854773985373029 0.025856844710093262