0 0.6320882578125 0.7681513265625 0.5822717796875 0.5084167421875 0.4219170421875 0.5700392078125 0.460376553125 0.8026353328125 0.6320882578125 0.7681513265625
0 0.5489007328125 0.30628582656250003 0.5149224734375 0.07120617500000001 0.5078783453125 0.0715753421875 0.35558345 0.1792480140625 0.395998625 0.3810097640625 0.5489007328125 0.30628582656250003
0 0.3665773765625 0.267119709375 0.238277271875 0.342053425 0.257252371875 0.47822812499999995 0.3984717640625 0.41086247656249997 0.3665773765625 0.267119709375
0 0.18693113125 0.503650690625 0.1628040515625 0.3639982046875 0.0379211171875 0.441751065625 0.04918135625 0.57233361875 0.18693113125 0.503650690625
0 0.22399382499999998 0.8517519765625 0.208735421875 0.6846506078125 0.06710753124999999 0.7385456171875 0.08131292812499999 0.8854641000000001 0.22399382499999998 0.8517519765625
0 0.2884014390625 0.668482559375 0.3149492125 0.839489625 0.444579709375 0.80196409375 0.4251285109375 0.6290859953125 0.4006576234375 0.625121553125 0.2884014390625 0.668482559375
1 0.41400457812499997 0.5955248890625 0.41272311406249995 0.5841354921875 0.28512489375 0.6316366109375 0.2846990375 0.6438315203125 0.41400457812499997 0.5955248890625
1 0.242201921875 0.6346021421875 0.23494678125 0.6500190984375 0.21792366406250002 0.6566395218750001 0.20362435781250002 0.657388915625 0.18091369531249998 0.65857913125 0.1348911609375 0.678175903125 0.0812984046875 0.6981694140625 0.0825297703125 0.71099350625 0.12085683124999999 0.695380209375 0.17358340156250002 0.676148128125 0.19995921249999998 0.6661734140625 0.240458975 0.6604707390625 0.2451406109375 0.6466207234375 0.242201921875 0.6346021421875
1 0.1181146484375 0.629648725 0.1183545765625 0.6468209859375 0.132829234375 0.6410501578125001 0.140574809375 0.6356319859374999 0.1408002625 0.6291758578125 0.151985528125 0.621429315625 0.171632253125 0.6118072578125 0.19043784218749998 0.60222928125 0.20687032656249998 0.5884794671875 0.218946828125 0.579254146875 0.21766536250000001 0.56786475 0.1995506078125 0.5817027296874999 0.1667858421875 0.60633296875 0.1439248765625 0.6118272703125001 0.13256425624999998 0.624595246875 0.11643237656250001 0.6297368890625 0.1181146484375 0.629648725
1 0.4044898859375 0.45926089687499994 0.399969128125 0.44446109062500005 0.26343349531250004 0.5074673296875 0.26632208125 0.5209206046875 0.4044898859375 0.45926089687499994
1 0.06996759531249999 0.6001616703125 0.17686629375000001 0.54557959375 0.229881603125 0.5435664890624999 0.23946081718749998 0.5262276734375 0.2068819640625 0.534057528125 0.17898561875000002 0.536284821875 0.0657134703125 0.5934968421875 0.06996759531249999 0.6001616703125