2 0.489907 0.187837 0.0328125 0.03359375
2 0.606313 0.353462 0.0203125 0.03125
2 0.646157 0.408931 0.01953125 0.03125
2 0.721157 0.519087 0.01875 0.03125
2 0.423501 0.534712 0.021875 0.03671875
2 0.39772 0.508931 0.021875 0.0375
2 0.246939 0.368306 0.02265625 0.03671875
2 0.757095 0.521431 0.025 0.025
2 0.80397 0.595649 0.025 0.0265625
2 0.823501 0.626899 0.0234375 0.0328125
2 0.862563 0.680024 0.025 0.0265625
2 0.646939 0.685493 0.01328125 0.0234375
2 0.632095 0.669868 0.01796875 0.028125
2 0.528189 0.631587 0.02265625 0.03125
2 0.277407 0.627681 0.0140625 0.01953125
2 0.255532 0.611274 0.01875 0.028125
2 0.100064 0.511274 0.01484375 0.03515625
2 0.167251 0.707368 0.01640625 0.02421875
2 0.257095 0.758931 0.01796875 0.0203125
2 0.121939 0.681587 0.025 0.021875
2 0.386782 0.701899 0.0171875 0.02421875
2 0.470376 0.827681 0.01640625 0.0171875
2 0.700063 0.741743 0.0234375 0.02734375
1 0.49345091874999997 0.648329675 0.7617873671875001 0.3625843734375 0.5825962484375 0.18489401875 0.191797528125 0.7023571468750001 0.31606071562500004 0.7635882828125 0.43672207187499995 0.6195150218750001 0.49345091874999997 0.648329675
1 0.5537815968750001 0.8464304078125 0.687949821875 0.7563846203125 0.7590859937500001 0.777995609375 0.9950059578125 0.6447278421875 0.950883521875 0.5450771703124999 0.6636374578125 0.7299711890625 0.61771410625 0.699955925 0.47003901406250004 0.8164151453124999 0.5537815968750001 0.8464304078125
1 0.53127015 0.9544853546875001 0.14047142968749998 0.853634071875 0.1026521984375 0.9136645968750001 0.47634221875 0.989303059375 0.53127015 0.9544853546875001
4 0.1719874546875 0.774393778125 0.284544690625 0.80921148125 0.35658132187499997 0.834424303125 0.40070375625 0.8548346812500001 0.457432603125 0.87044261875 0.5096591609375001 0.8932542171875 0.5618857171875 0.898056659375 0.5672884640625 0.865640175 0.545677475 0.8476310187499999 0.5078582453125 0.8320230828125 0.4457266515625 0.8164151453124999 0.4304188671875 0.8080108718749999 0.3925996359375 0.7791962203125 0.350278115625 0.785199271875 0.3007529328125 0.7611870625 0.2179108078125 0.7371748515625 0.1719874546875 0.774393778125
3 0.545677475 0.72636935625 0.5879989953125 0.6927522625 0.602406321875 0.6867492109375 0.636623721875 0.7047583687500001 0.6600356265625 0.6939528734375 0.8788468921874999 0.5306698453124999 0.8581363609375 0.5018551921875 0.643827384375 0.657934559375 0.605107696875 0.660335778125 0.56908938125 0.6339223484375001 0.77619469375 0.45142955156250003 0.760886909375 0.43342039374999997 0.5339715234375 0.638724790625 0.5672884640625 0.675943715625 0.5555825125 0.7059589796875 0.545677475 0.72636935625
5 0.12272 0.378462 0.02421875 0.0375
5 0.937564 0.821431 0.021875 0.01796875