5 0.686425 0.631927 0.02734375 0.027661923337045202
5 0.66455 0.536088 0.04140625 0.02079430533895419
5 0.577831 0.180066 0.0328125 0.02303805800445442
5 0.561425 0.099788 0.02734375 0.03547442333704529
5 0.541894 0.014078 0.03671875 0.029333511338317957
5 0.586425 0.022153 0.021875 0.02994203866963623
5 0.616894 0.131174 0.0296875 0.024564195337363426
5 0.713769 0.75739 0.02734375 0.02453692333704538
2 0.597363 0.073589 0.0296875 0.019876695337363425
2 0.624706 0.185771 0.025 0.027634651336727066
2 0.722363 0.597134 0.03359375 0.038672148671227015
2 0.730956 0.657972 0.01875 0.024436926002545434
2 0.754394 0.723324 0.0296875 0.028470445337363516
2 0.30205 0.232494 0.028125 0.018296014003817973
2 0.276269 0.253887 0.02578125 0.011237492003499838
2 0.217675 0.293632 0.02265625 0.015107379336408933
2 0.131738 0.315725 0.0296875 0.015189195337363426
2 0.085644 0.346731 0.02265625 0.018232379336408932
2 0.059863 0.357187 0.02578125 0.014362492003499839
2 0.01455 0.385058 0.02109375 0.01587044800286357
2 0.18955 0.637709 0.01875 0.021311926002545434
2 0.123925 0.661129 0.01640625 0.016597154002227298
2 0.106738 0.665235 0.015625 0.016588063335454352
2 0.051269 0.686193 0.01328125 0.016560791335136216
2 0.215331 0.831159 0.0171875 0.020512494668999893
2 0.15205 0.838927 0.02109375 0.018214198002863568
2 0.123925 0.84316 0.02109375 0.014307948002863568
2 0.07705 0.851518 0.02734375 0.01672442333704538
2 0.370019 0.594984 0.021875 0.016660788669636162
2 0.351269 0.59989 0.0171875 0.01894999466899989
2 0.267675 0.6243 0.0296875 0.019095445337363515
2 0.300488 0.814543 0.02265625 0.02370112933640911
2 0.375488 0.80117 0.02265625 0.01901362933640911
2 0.409863 0.79452 0.02265625 0.01979487933640911
2 0.33254027656249996 0.8413546609375 0.46991757187500005 0.812790784375 0.44156987656249996 0.6457495265625 0.311824653125 0.6825931515625 0.33254027656249996 0.8413546609375
2 0.111210190625 0.882983328125 0.2485874859375 0.8516299359374999 0.2355039328125 0.7011481749999999 0.1090295984375 0.7388835765625 0.111210190625 0.882983328125
1 0.254038965625 0.3550322015625 0.2758448859375 0.4961140734375 0.354346196875 0.45335785 0.41213188437500003 0.4340886609375 0.37179093281250003 0.29601198281249996 0.254038965625 0.3550322015625
2 0.327831 0.425944 0.04453125 0.013799418006045273
2 0.168456 0.481704 0.0296875 0.016751695337363516
2 0.094238 0.511474 0.04375 0.0216028273392725
2 0.029394 0.539573 0.025 0.020603401336727244
1 0.06977894375 0.5608111140625 0.211517421875 0.5070908249999999 0.18862120625 0.37624987499999996 0.058875982812500005 0.446567721875 0.06977894375 0.5608111140625
1 0.418673659375 0.3958891203125 0.5778568749999999 0.3094214609375 0.5287935546875 0.1082171890625 0.3630685640625 0.2021996859375 0.418673659375 0.3958891203125
1 0.4928137875 0.82089291875 0.6672611453124999 0.7891081765625 0.5963919062499999 0.5416656640624999 0.4524728359375 0.5935516468750001 0.4928137875 0.82089291875