1 0.343492959375 0.3394225328125 0.5020046203125 0.11274628281250001 0.4633041734375 0.1016054828125 0.42583270312500004 0.16337416875 0.3823353140625 0.23275128281250002 0.34205342656250004 0.289949009375 0.313048684375 0.33597756562500003 0.3290392203125 0.36410821250000003 0.3272014609375 0.3929653078125 0.31177849375 0.4150130671875 0.2900572640625 0.43530939999999996 0.3044949796875 0.44074529218749997 0.34865720625 0.4248893890625 0.3510236296875 0.444873578125 0.33499761562499997 0.4461959421875 0.3177918203125 0.4683163453125 0.328064259375 0.4839622671875 0.3483333625 0.47510412031250004 0.364900634375 0.461711334375 0.394971871875 0.421663503125 0.5647641046875 0.21460822031250001 0.5554998 0.20293734218749998 0.4177172578125 0.37522064374999997 0.37960383593749997 0.41492681249999996 0.36367508593750003 0.4195919828125 0.35520493124999997 0.40454197656249996 0.3471009546875 0.3714044984375 0.343492959375 0.3394225328125
1 0.36341303125 0.5026025296875 0.256242984375 0.622767578125 0.2716110203125 0.629504271875 0.3399124015625 0.5537616390625 0.369345115625 0.5224414296875 0.36341303125 0.5026025296875
0 0.624253746875 0.2118087890625 0.3760414640625 0.48379537343749995 0.4675146578125 0.6557444890624999 0.7982940765625 0.4000955734375 0.624253746875 0.2118087890625
0 0.3606729234375 0 0.227686446875 0.23781868125 0.2762039125 0.3253217625 0.44498569374999997 0.0319441953125 0.3908022453125 0 0.3606729234375 0
0 0.2020740875 0.52372070625 0.30299510625 0.38087341874999997 0.248085084375 0.2993772359375 0.1626128625 0.4465205390625 0.2020740875 0.52372070625
0 0.3703927078125 0.552982621875 0.265261446875 0.6639856765625 0.3106226265625 0.7934841640625 0.4672325671875 0.6836671828124999 0.3856267828125 0.5498991265625001 0.3703927078125 0.552982621875
0 0.048372 0.453081 0.02242056927947216 0.01964133794672147
0 0.058125 0.492575 0.028738765439406188 0.022239755931498982
0 0.072057 0.541284 0.031037051332783516 0.02077275642579064
0 0.089668 0.582022 0.03034672954602886 0.02386592292769336
0 0.106103 0.636104 0.03130983597251964 0.03014775642579064
0 0.125754 0.693185 0.032735943652651575 0.025523923421985017
0 0.140786 0.7528 0.02581835391920828 0.029143671939110403
0 0.166201 0.819813 0.034366639812585566 0.02793134041817922
0 0.18195418125 0.879654021875 0.050208853124999994 0.45678246875 0.019191475 0.5421648546875 0.11035351093750001 0.9218996687500001 0.18195418125 0.879654021875