2 0.102185 0.648489 0.04857024069437514 0.08697782523376922
2 0.152611 0.521668 0.049096779569504534 0.08151362041330898
2 0.371462 0.65239 0.03143624462331651 0.07125737646343318
2 0.396475 0.450736 0.017116879445670106 0.03212215359079629
2 0.41118 0.353021 0.019351467535011223 0.02979203912941557
2 0.17113 0.442675 0.026128006410140615 0.024364195745273775
2 0.206165 0.361243 0.016262854838564423 0.03055510841125635
2 0.251916 0.31802 0.020368157981717337 0.01808237948849527
2 0.423883 0.298275 0.020950354838564243 0.030582379488495272
2 0.429701 0.240444 0.015044957195929066 0.02117556323171659
2 0.28268 0.244423 0.02314855562435252 0.027471015027114732
2 0.488164 0.293214 0.017497869106587773 0.02353294877033605
2 0.52432 0.288318 0.021076633374611475 0.016524424668035033
2 0.649262 0.624218 0.025637854838564244 0.030609650565734014
2 0.919031 0.60078 0.026237168320799566 0.026707945745273777
2 0.866785 0.481585 0.02244008023145838 0.02902896984757497
2 0.841625 0.434869 0.020695643713693722 0.02511362948849527
2 0.624998 0.4744 0.02531036910658786 0.023578400565734015
2 0.622511 0.443954 0.026382717535011313 0.029832945745273776
2 0.603331 0.352684 0.01946062944567011 0.03213578912941557
2 0.804711 0.355418 0.02478383023145836 0.029042605386194253
2 0.753515 0.314321 0.019768844499481998 0.02198408430895542
2 0.74058 0.290184 0.018169957195929065 0.02119374394987581
2 0.721034 0.240311 0.025909682588823202 0.019676695745273864
2 0.583457 0.309843 0.018987594499482084 0.02197953912941557
2 0.573378 0.24117 0.01753425641014079 0.024314198770336047
2 0.756646 0.213549 0.022258143713693633 0.025122719847574793
3 0.5698547484375001 0.289105659375 0.561309665625 0.2648736859375 0.5503843374999999 0.2780004484375 0.55759305 0.291232709375 0.5589757093750001 0.32091898125 0.56283119375 0.3506196390625 0.5581928031250001 0.357187815625 0.5552029640625 0.363765584375 0.5446922328125 0.3681012078125 0.54252174375 0.392270840625 0.5606557875 0.392376340625 0.5665281296875 0.39460889374999997 0.576004828125 0.403457575 0.576670553125 0.41775096562499997 0.577694746875 0.43974079687499995 0.5833524078125001 0.47274952187499997 0.585610553125 0.5035400796875 0.5867371640625 0.52772889375 0.58801740625 0.5552161828125 0.589195228125 0.5805044890625 0.5921752265625 0.609100859375 0.600413053125 0.6267358828125 0.615767015625 0.6202300484375 0.6095411265624999 0.5927139875 0.6009448328125 0.5673825234375001 0.5977087828125 0.5332886921875 0.5974625765625 0.492617096875 0.59504588125 0.47611513125 0.5933047546875 0.43873241875 0.5903759625 0.411235540625 0.5898126578125 0.39914113281249997 0.5804433 0.3749043640625 0.57674144375 0.34850218125 0.5771609625 0.322123975 0.5698547484375001 0.289105659375
3 0.5605386078125 0.442938565625 0.5593607859375 0.4176502609375 0.5495768296875 0.4022046296875 0.53875391875 0.41753037343750005 0.5410169828125 0.4307338625 0.5469868250000001 0.45275246718749995 0.5496595671875 0.4747518890625 0.551144646875 0.50663714375 0.552168840625 0.5286269734375 0.5568485984375 0.5583324296875001 0.5577191625 0.5770237859375 0.558845775 0.6012125984375001 0.5667202125 0.6287382515625 0.5712000515625 0.63645866875 0.5839787703125 0.627739465625 0.5798623171874999 0.61012841875 0.5771383671875 0.58702950625 0.5723561875 0.55512506875 0.5710710265625 0.54522485 0.5704102203125 0.5133443890625 0.5696932859375 0.49795150781249997 0.5680496578125 0.4803548484375 0.5637795765625 0.4594453265625 0.5605386078125 0.442938565625
3 0.4479694421875 0.273007840625 0.4430139546875 0.3081532078125 0.4410433859375 0.3543078734375 0.43176660624999996 0.36744422656250003 0.4182148234375 0.3772581265625 0.4167100625 0.41572115 0.40825263593749994 0.4464493671875 0.40746973124999997 0.48271820156249995 0.3988586765625 0.51014794375 0.39570536562499997 0.548601375 0.389464715625 0.573846521875 0.3889939890625 0.5991252359375 0.386465034375 0.615598428125 0.4005289140625 0.6167794437499999 0.41346618125 0.5937716453124999 0.417546184375 0.557521990625 0.41951183125 0.5289543937500001 0.422921190625 0.49599842031249997 0.426120790625 0.4762315484375 0.43117869999999997 0.44328516718750005 0.432059103125 0.4268023828125 0.430830071875 0.4004145875 0.44484274062500007 0.40049611093750004 0.45695081249999997 0.395070584375 0.455409603125 0.37967290781249996 0.45263444062499997 0.355474503125 0.45129806875 0.34447479062499997 0.452332103125 0.331290484375 0.454446459375 0.32360842968750003 0.46017009375000006 0.3049554359375 0.45832162656250003 0.28296081093750003 0.4479694421875 0.273007840625
1 0.3093425953125 0.2513166546875 0.2774322515625 0.32697536562499996 0.26722385625 0.3554950078125 0.2187452828125 0.3585105484375 0.10486544375 0.6381423890625 0.3429734765625 0.654916371875 0.36579019218750003 0.49017007343749996 0.3971057015625 0.3309691859375 0.41294023125 0.2640104984375 0.3093425953125 0.2513166546875
1 0.7635908203125 0.3616803671875 0.706745390625 0.2558270625 0.590573875 0.256250390625 0.6270901734375001 0.47410317500000004 0.8214190718750001 0.453249875 0.7635908203125 0.3616803671875
1 0.8788396515624999 0.71299363125 0.824020921875 0.5444980796875 0.6395370312499999 0.546722365625 0.6633967125 0.705145059375 0.8788396515624999 0.71299363125
1 0.7123449171875 0.12835318125 0.6862389375 0.08093597500000001 0.32010736875 0.0755083015625 0.2903675125 0.1269973828125 0.7123449171875 0.12835318125
4 0.7310787140625 0.1944137890625 0.6864654640625 0.1919558484375 0.5898204921875 0.1869968109375 0.481681965625 0.200657196875 0.40347829375 0.20240060781250002 0.367983275 0.201094909375 0.3428404375 0.20974218125 0.3137347765625 0.20407688125 0.290859925 0.20834057343749998 0.28951371406250004 0.2325150015625 0.2923962140625 0.241325321875 0.3216555046875 0.2502890953125 0.357923590625 0.250500096875 0.3906385265625 0.245194459375 0.47759704062499997 0.2544939171875 0.503973828125 0.25464737187500003 0.55755168125 0.2549590796875 0.6050011421875 0.2475407765625 0.640444953125 0.2477469828125 0.691806028125 0.2535417609375 0.7345196015625 0.2329055828125 0.7310787140625 0.1944137890625
5 0.484206 0.529111 0.022112594499482087 0.02199771984757497
5 0.535659 0.531155 0.020695643713693812 0.02511362948849527
6 0.948114 0.663875 0.02534675641014079 0.024359650565734015
6 0.904959 0.7352 0.022112594499481997 0.021997719847574794
6 0.748474 0.724395 0.030924668320799497 0.026735216822512696
6 0.589281 0.721416 0.02772689371369381 0.025154536104353475
6 0.427271 0.728607 0.030669957195929066 0.021266466822512698
6 0.261319 0.736602 0.01991439371369381 0.02510908430895533
6 0.104341 0.753136 0.02914384449948173 0.022038626463433176
6 0.049949 0.680035 0.01962329528527036 0.01885908430895533
6 0.108005 0.557074 0.02471105562435234 0.027480105386194255