5 0.7265625 0.6774831799013682 0.02734375 0.027661923337045202
5 0.7046875 0.5816439685710044 0.04140625 0.02079430533895419
5 0.61796875 0.22562178258277657 0.0328125 0.02303805800445442
5 0.6015625 0.14534393658500375 0.02734375 0.03547442333704529
5 0.58203125 0.059633703254321824 0.03671875 0.029333511338317957
5 0.6265625 0.06770928524827664 0.021875 0.02994203866963623
5 0.65703125 0.17672974924414048 0.0296875 0.024564195337363426
5 0.75390625 0.8029462565643228 0.02734375 0.02453692333704538
2 0.6375 0.11914451591345854 0.0296875 0.019876695337363425
2 0.66484375 0.23132634257641324 0.025 0.027634651336727066
2 0.7625 0.6426900092298229 0.03359375 0.038672148671227015
2 0.77109375 0.703527511895323 0.01875 0.024436926002545434
2 0.79453125 0.7688797918921413 0.0296875 0.028470445337363516
2 0.3421875 0.2780495379535476 0.028125 0.018296014003817973
2 0.31640625 0.29944327995704745 0.02578125 0.011237492003499838
2 0.2578125 0.3391875799650016 0.02265625 0.015107379336408933
2 0.171875 0.3612813033100011 0.0296875 0.015189195337363426
2 0.12578125 0.3922864026495917 0.02265625 0.018232379336408932
2 0.1 0.40274264465309156 0.02578125 0.014362492003499839
2 0.0546875 0.4306136533259094 0.02109375 0.01587044800286357
2 0.2296875 0.6832648439688196 0.01875 0.021311926002545434
2 0.1640625 0.7066847099777283 0.01640625 0.016597154002227298
2 0.146875 0.7107909546467281 0.015625 0.016588063335454352
2 0.09140625 0.7317488919875915 0.01328125 0.016560791335136216
2 0.25546875 0.8767148519653197 0.0171875 0.020512494668999893
2 0.1921875 0.8844824459739102 0.02109375 0.018214198002863568
2 0.1640625 0.8887159599777282 0.02109375 0.014307948002863568
2 0.1171875 0.8970738999840917 0.02734375 0.01672442333704538
2 0.41015625 0.6405398999443207 0.021875 0.016660788669636162
2 0.39140625 0.645445575946866 0.0171875 0.01894999466899989
2 0.3078125 0.6698557772915473 0.0296875 0.019095445337363515
2 0.340625 0.8600989692870928 0.02265625 0.02370112933640911
2 0.415625 0.8467262652769116 0.02265625 0.01901362933640911
2 0.45 0.8400762759389119 0.02265625 0.01979487933640911
2 0.33254027656249996 0.8413546609375 0.46991757187500005 0.812790784375 0.44156987656249996 0.6457495265625 0.311824653125 0.6825931515625 0.33254027656249996 0.8413546609375
2 0.111210190625 0.882983328125 0.2485874859375 0.8516299359374999 0.2355039328125 0.7011481749999999 0.1090295984375 0.7388835765625 0.111210190625 0.882983328125
1 0.254038965625 0.3550322015625 0.2758448859375 0.4961140734375 0.354346196875 0.45335785 0.41213188437500003 0.4340886609375 0.37179093281250003 0.29601198281249996 0.254038965625 0.3550322015625
2 0.36796875 0.47149954595004767 0.04453125 0.013799418006045273
2 0.20859375 0.5272602919716831 0.0296875 0.016751695337363516
2 0.134375 0.5570301553150918 0.04375 0.0216028273392725
2 0.06953125 0.5851284306572276 0.025 0.020603401336727244
1 0.06977894375 0.5608111140625 0.211517421875 0.5070908249999999 0.18862120625 0.37624987499999996 0.058875982812500005 0.446567721875 0.06977894375 0.5608111140625
1 0.418673659375 0.3958891203125 0.5778568749999999 0.3094214609375 0.5287935546875 0.1082171890625 0.3630685640625 0.2021996859375 0.418673659375 0.3958891203125
1 0.4928137875 0.82089291875 0.6672611453124999 0.7891081765625 0.5963919062499999 0.5416656640624999 0.4524728359375 0.5935516468750001 0.4928137875 0.82089291875