5 0.225287 0.649407 0.02734375 0.02734375
5 0.247161 0.553313 0.04140625 0.0203125
5 0.33388 0.196282 0.0328125 0.02265625
5 0.350287 0.115813 0.02734375 0.03515625
5 0.369818 0.029876 0.03671875 0.02890625
5 0.325286 0.038469 0.021875 0.0296875
5 0.294818 0.147844 0.0296875 0.02421875
5 0.197943 0.775188 0.02734375 0.02421875
2 0.314349 0.090032 0.0296875 0.01953125
2 0.287005 0.202532 0.025 0.02734375
2 0.189349 0.615032 0.03359375 0.03828125
2 0.180755 0.675969 0.01875 0.02421875
2 0.157318 0.741594 0.0296875 0.028125
2 0.609662 0.245501 0.028125 0.01796875
2 0.635443 0.266594 0.02578125 0.0109375
2 0.694037 0.305657 0.02265625 0.01484375
2 0.779974 0.326751 0.0296875 0.01484375
2 0.826068 0.357219 0.02265625 0.01796875
2 0.851849 0.367376 0.02578125 0.0140625
2 0.897161 0.394719 0.02109375 0.015625
2 0.722161 0.649407 0.01875 0.02109375
2 0.787787 0.672063 0.01640625 0.01640625
2 0.804974 0.675969 0.015625 0.01640625
2 0.860443 0.696282 0.01328125 0.01640625
2 0.69638 0.843157 0.0171875 0.0203125
2 0.759662 0.850188 0.02109375 0.01796875
2 0.787787 0.854094 0.02109375 0.0140625
2 0.834661 0.861907 0.02734375 0.01640625
2 0.541693 0.608782 0.021875 0.01640625
2 0.560443 0.613469 0.0171875 0.01875
2 0.644036 0.636907 0.0296875 0.01875
2 0.611224 0.827532 0.02265625 0.0234375
2 0.536224 0.815032 0.02265625 0.01875
2 0.501849 0.808782 0.02265625 0.01953125
2 0.44156987656249996 0.6508876578125 0.311824653125 0.6862215593750001 0.33254027656249996 0.8452241171875 0.46991757187500005 0.8182587703124999 0.44156987656249996 0.6508876578125
2 0.2355039328125 0.7038885109375 0.1090295984375 0.7401522515625001 0.111210190625 0.8842773765624999 0.2485874859375 0.8545225125 0.2355039328125 0.7038885109375
1 0.41213188437500003 0.43888425 0.37179093281250003 0.3003381625 0.254038965625 0.3579882125 0.2758448859375 0.49932381875000004 0.354346196875 0.457481040625 0.41213188437500003 0.43888425
2 0.58388 0.439251 0.04453125 0.01328125
2 0.743255 0.493157 0.0296875 0.01640625
2 0.817474 0.522063 0.04375 0.02109375
2 0.882318 0.549407 0.025 0.0203125
1 0.18862120625 0.37844468125 0.058875982812500005 0.44725280625 0.06977894375 0.561623065625 0.211517421875 0.509552053125 0.18862120625 0.37844468125
1 0.5287935546875 0.114370259375 0.3630685640625 0.20642437187499998 0.418673659375 0.40076082968750004 0.5778568749999999 0.316145434375 0.5287935546875 0.114370259375
1 0.5963919062499999 0.5486053125 0.4524728359375 0.5988166453125 0.4928137875 0.8266273265624999 0.6672611453124999 0.7968724625 0.5963919062499999 0.5486053125