2 0.17275 0.661307 0.02421875 0.02890625
2 0.208687 0.596463 0.02421875 0.03046875
2 0.230562 0.562869 0.028125 0.04609375
2 0.312594 0.498807 0.02734375 0.034375
2 0.38525 0.383182 0.025 0.04921875
2 0.427437 0.330838 0.03046875 0.02734375
2 0.539156 0.16365 0.03671875 0.02578125
2 0.788375 0.348807 0.02734375 0.02890625
2 0.640719 0.48865 0.02265625 0.0359375
2 0.611812 0.508182 0.03125 0.03046875
2 0.507906 0.604275 0.02265625 0.021875
2 0.395406 0.655057 0.04140625 0.0375
2 0.329 0.715994 0.0171875 0.02578125
2 0.928219 0.487869 0.0453125 0.03203125
2 0.782125 0.586307 0.02734375 0.034375
2 0.750094 0.611307 0.03046875 0.0359375
2 0.650094 0.673807 0.03671875 0.021875
2 0.775875 0.733182 0.028125 0.0203125
2 0.871968 0.681619 0.02265625 0.0234375
2 0.601656 0.783963 0.0203125 0.02890625
1 0.5110975015625 0.6334407515625 0.5462568937500001 0.627723778125 0.684321821875 0.7626443703125 0.8052358296875 0.7111916015624999 0.41419478749999994 0.19323373125 0.234110096875 0.36016937968749996 0.3970438640625 0.538538978125 0.5110975015625 0.6334407515625
1 0.2407915953125 0.7729676453125001 0.32866340781250003 0.73188471875 0.06733035000000001 0.5477723484375 0.0045647703125 0.623851840625 0.13237831718749998 0.709060871875 0.2407915953125 0.7729676453125001
1 0.5249484984375 0.8079642125 0.3868642203125 0.709060871875 0.32523983125 0.7638381062499999 0.44050026249999996 0.8444823687499999 0.5249484984375 0.8079642125
1 0.8718709859375 0.8520903171875001 0.4701712640625 0.9601231984374999 0.55005473125 0.99816294375 0.9220834515625 0.92208345 0.8718709859375 0.8520903171875001
4 0.574019771875 0.8110073921875 0.4918539203125 0.83230965 0.5249484984375 0.8886084734375 0.5979848125 0.86121985625 0.7257983609374999 0.8231801109375001 0.83877640625 0.769924465625 0.810246596875 0.7273199499999999 0.788563940625 0.7303631296875001 0.636785353125 0.782097184375 0.574019771875 0.8110073921875
3 0.40937375468750004 0.6835745046875 0.43944075156249995 0.7154403828125 0.4548597265625 0.7236638359375 0.4432954953125 0.6732951875000001 0.464882059375 0.682546571875 0.4803010328125 0.6979655453125 0.49417810937500006 0.6887141609375 0.48492672499999995 0.6732951875000001 0.4695077515625 0.6547924187499999 0.46334016250000004 0.640401378125 0.236681246875 0.431731265625 0.22434606875 0.4389267859375 0.4417535984375 0.6342337875 0.40937375468750004 0.644513103125 0.3793067546875 0.6691834609375 0.362345884375 0.67226725625 0.343072165625 0.6537644874999999 0.350781653125 0.6342337875 0.2898767078125 0.6064796359375 0.16035732656249999 0.5211613140625 0.1410836109375 0.5016306140625 0.1256646359375 0.5406920125 0.357720190625 0.698993478125 0.383932446875 0.684602434375 0.40937375468750004 0.6835745046875
5 0.142281 0.776932 0.0234375 0.01953125
5 0.205562 0.797244 0.021875 0.02578125
5 0.267281 0.817557 0.02890625 0.025
5 0.326656 0.833182 0.02734375 0.01875
5 0.373531 0.845682 0.025 0.021875
5 0.419625 0.858963 0.0265625 0.02578125
5 0.468062 0.873025 0.0234375 0.025
5 0.264937 0.453494 0.03203125 0.0390625