5 0.8982339071576572 0.6303951281137531 0.02178510876750579 0.01496646984757497
5 0.8252159381749037 0.6041820860574713 0.02118579528527036 0.01886817466803503
5 0.7375875055860804 0.6232088211285525 0.018206344499482087 0.021974993949875808
5 0.3768083633201288 0.7016004240788598 0.02214898180303493 0.02277896984757479
5 0.2787689696064351 0.7260368218159235 0.021476893713693723 0.02511817466803503
5 0.15078736476787089 0.7557692527304745 0.02509204528527027 0.018890900565734014
5 0.15492690116180102 0.8011181141667929 0.015753432588823203 0.019617608411256527
2 0.18501466150088325 0.7926970809893057 0.019659682588823203 0.01964033430895551
2 0.25509172105417716 0.7813828519683488 0.02456550641014079 0.024355105386194252
2 0.3162304282501062 0.760639080792914 0.017951633374611475 0.01650624394987581
2 0.3802030370176118 0.7461634903356386 0.021821496071058634 0.01574771984757497
2 0.675102468158693 0.6728588423039872 0.02022260876750561 0.014957379488495093
2 0.7308987038906694 0.6661503000513136 0.02249358416039975 0.013408515027114732
2 0.786277562658175 0.6516247126191003 0.02491010876750561 0.014984650565734014
2 0.842292122211469 0.6402286703664266 0.025727746071058634 0.015770445745273774
2 0.13127550124285428 0.4532300600102627 0.01571704528527027 0.01883635841125635
2 0.12737140529563024 0.4196044937534841 0.018987594499481997 0.02197953912941557
2 0.12056278722249965 0.34767040641946656 0.018206344499481997 0.021974993949875808
2 0.3380006902418183 0.4106708970496927 0.013227746071058633 0.015697722872636887
2 0.33273314743774735 0.3895407856133742 0.01471747146395277 0.014144313231716587
2 0.310736177007252 0.3081407946885605 0.013264133374611475 0.016478972872636888
2 0.5115131189017001 0.3765145865484506 0.014753858767505613 0.014925563231716588
2 0.5044647522763116 0.36006288475305254 0.013082196856846907 0.012572722872636888
2 0.4767443207209457 0.28409982757146013 0.015389559553293885 0.011805108411256348
2 0.6483303763452982 0.25774692671113847 0.014336481803034928 0.022733518052176736
2 0.6829193920610639 0.3204650953290493 0.014717471463952591 0.014144313231716587
2 0.6980884737402644 0.3471230440993853 0.017024834160399748 0.013376698770336048
2 0.6304215924325675 0.17246341168402385 0.01571704528527036 0.01883635841125635
2 0.6005735806457431 0.12540205932289167 0.016461907981717337 0.0180596535907962
2 0.590691312448778 0.10268217680933436 0.017024834160399748 0.013376698770335971
2 0.5654944133584008 0.056429345525441044 0.018660108767505613 0.014948289129415593
2 0.40777180459089524 0.07035951443793946 0.014753858767505613 0.014925563231716565
2 0.4309331687350843 0.12675950536275316 0.012300946856846906 0.012568177693097126
2 0.43809069727113165 0.14086745715815124 0.018623721463952768 0.014167039129415571
2 0.46390402646913265 0.20744187880112416 0.014045383374611475 0.016483518052176738
2 0.30400033354122724 0.234644207354543 0.014081770678164495 0.017264768052176825
2 0.28529102895033204 0.16654819232742832 0.015607883374611475 0.016492608411256347
2 0.2768620988427082 0.1461811501729506 0.019659682588823203 0.01964033430895542
2 0.26069559739496617 0.0906033158639952 0.020368157981717337 0.018082379488495226
2 0.09539592907416655 0.11621132816063535 0.01955052067816443 0.01729658430895542
2 0.10240575434322619 0.16704712031511307 0.012773981803034929 0.022724427693097127
2 0.10589247332597954 0.1928556413923519 0.011774407981717338 0.018032382513557366
2 0.11164801364885109 0.2538431383672898 0.017170383374611475 0.01650169877033596
5 0.6318791228306415 0.39284408937712095 0.014045383374611475 0.016483518052176738
5 0.22447969168956033 0.46549423155503983 0.02214898180303493 0.02277896984757497
1 0.6502892250000001 0.5832992390625 0.8739708734375 0.537584396875 0.790954275 0.3793182953125 0.575759671875 0.41791055468750005 0.6502892250000001 0.5832992390625
1 0.169077540625 0.6864852671875 0.42638494531250004 0.63379409375 0.3906081734375 0.453490059375 0.14785400312500002 0.4855469046875 0.169077540625 0.6864852671875
2 0.12357420140947002 0.7024715359079619 0.019768844499481998 0.02198408430895533
1 0.32250576249999996 0.44193746875000006 0.24492313437500002 0.094044475 0.10475055468750001 0.112354203125 0.1578112140625 0.4760422203125 0.32250576249999996 0.44193746875000006
1 0.6766509890625 0.3674969171875 0.5456510296875 0.057543604687500007 0.42461365625 0.0735740046875 0.5438893984375001 0.40178744843749997 0.6766509890625 0.3674969171875
5 0.9094646596388565 0.5906059202682308 0.024456344499482086 0.022011355386194253
4 0.4301882453125 0.2687588515625 0.4246677359375 0.26406796718750003 0.420495353125 0.2588672828125 0.41158873125 0.25105085 0.4046718875 0.2479047640625 0.39527571875 0.241120765625 0.39095871875 0.2390250875 0.3832797078125 0.2332863609375 0.3782005390625 0.22859804218750002 0.37397995 0.22443236249999998 0.3676008609375 0.2192188390625 0.36114946406250004 0.21555781875000002 0.3581564859375 0.21346984375 0.35623901406249997 0.20724699531250002 0.351673496875 0.20100874218749998 0.34975602656250004 0.19478589531249998 0.3478867625 0.187528046875 0.34222163437500003 0.18594216562500002 0.3369255390625 0.1859113546875 0.33793622343749996 0.192646565625 0.34238122656250003 0.2014723234375 0.3502605484375 0.2123886234375 0.3538469734375 0.22069174375 0.3631949359375 0.22851074218749998 0.3815218296875 0.242593671875 0.3887353953125 0.24884733125 0.3942077 0.25457321875 0.40154178125 0.25823937343750003 0.408434521875 0.2619029609375 0.41481361093749997 0.2671164828125 0.421168596875 0.27284750625 0.426713209375 0.277020890625 0.4320408953125 0.2858517828125 0.4398479078125 0.2983205859375 0.44742301875 0.29681173437499997 0.4458745796875 0.29214395625 0.4438848 0.2874736109375 0.44231225937499996 0.283323334375 0.43951210625000003 0.277095353125 0.43225033437500004 0.27187669531249997 0.4301882453125 0.2687588515625
3 0.45018409375 0.2849220546875 0.5049504171875 0.42655665625 0.5161526703125 0.42299834374999995 0.46342433281249995 0.284999084375 0.45018409375 0.2849220546875
3 0.32540338593749996 0.31007815 0.362877603125 0.44384753593750004 0.3734938953125 0.443391659375 0.334671553125 0.3101320703125 0.32540338593749996 0.31007815
3 0.43425837031250003 0.238241715625 0.438397521875 0.26311256250000004 0.4485649859375 0.2533365359375 0.44027755468749996 0.22274750625 0.441651425 0.1932499640625 0.4009174578125 0.0915553515625 0.39108743437500004 0.09408636875000001 0.43486258437499997 0.19683395312500002 0.43425837031250003 0.238241715625
3 0.3262004234375 0.26453038281249996 0.32170136718750003 0.218951803125 0.2868419671875 0.1048679875 0.2782877625 0.10844170625 0.3119195515625 0.2204478171875 0.3162980921875 0.26861389999999996 0.3262004234375 0.26453038281249996