1 0.675128928125 0.242582653125 0.552945753125 0.36149571875 0.7143702390625 0.447113125 0.810689821875 0.294904403125 0.675128928125 0.242582653125
1 0.5012185703125 0.3638739796875 0.23544786874999998 0.6195370703124999 0.42273594687499993 0.8002849281250001 0.6688859921875 0.44830225468749996 0.5012185703125 0.3638739796875
1 0.229204934375 0.2271239546875 0.00267554375 0.3591174578125 0.0535108796875 0.4637609546875 0.337118540625 0.2699326578125 0.229204934375 0.2271239546875
1 0.44592399374999997 0.1593435078125 0.3121467953125 0.24020439218749998 0.3843864828125 0.29133701093750003 0.5252984656249999 0.1866935125 0.44592399374999997 0.1593435078125
1 0.9203871250000001 0.0856174078125 0.5368924890625 0 0.4717875859375 0.0392413109375 0.8838213578125 0.1415065484375 0.9203871250000001 0.0856174078125
5 0.117748 0.159476 0.01640625 0.0203125
5 0.183374 0.138383 0.025 0.03125
5 0.240405 0.12432 0.02265625 0.02265625
5 0.298998 0.107133 0.0140625 0.025
5 0.346655 0.089945 0.0234375 0.025
5 0.395092 0.079789 0.025 0.02578125
5 0.442749 0.067289 0.0203125 0.02578125
3 0.3826027875 0.3317674515625 0.44592399374999997 0.366252240625 0.23009678125000002 0.539865315625 0.2407989578125 0.5636479296875 0.46911204218749997 0.353171803125 0.3585228921875 0.3032283171875 0.1239668703125 0.46257182500000005 0.1409119828125 0.51013705 0.36565767656250003 0.34009136562500003 0.3826027875 0.3317674515625
3 0.5288658578125001 0.355550065625 0.6385631609375 0.2520956984375 0.6287528328125 0.241393521875 0.51816368125 0.34841528125 0.5288658578125001 0.355550065625
3 0.459301715625 0.3496044109375 0.480706065625 0.34246962812500004 0.49408378593749996 0.33295658281249996 0.49408378593749996 0.29847179375 0.4664364984375 0.31155223125 0.44592399374999997 0.341280496875 0.44592399374999997 0.31630875468749997 0.450383234375 0.279445703125 0.40757453125 0.30560657812500003 0.41916855468750003 0.33057832187499997 0.459301715625 0.3496044109375
4 0.5591886890625 0.193828296875 0.64569794375 0.236637 0.7723403578125 0.2699326578125 0.8276349328125001 0.28301309531249996 0.849931134375 0.20809786406250003 0.5021104171874999 0.1094000203125 0.470003890625 0.1510195921875 0.5591886890625 0.193828296875
2 0.146655 0.283695 0.02109375 0.03203125
2 0.181811 0.33682 0.0171875 0.01640625
2 0.203686 0.363383 0.02109375 0.02109375
2 0.24978 0.440726 0.01796875 0.02890625
2 0.281811 0.440726 0.01953125 0.02265625
2 0.359936 0.550883 0.025 0.03359375
2 0.396655 0.61182 0.0328125 0.03125
2 0.517748 0.77432 0.0296875 0.03125
2 0.763061 0.58682 0.025 0.03125
2 0.610717 0.447758 0.02265625 0.03203125
2 0.588842 0.425101 0.02734375 0.03125
2 0.478686 0.332133 0.0234375 0.01875
2 0.728686 0.333695 0.02265625 0.0234375
2 0.74978 0.351664 0.025 0.02265625
2 0.901342 0.451664 0.02421875 0.025
2 0.61853 0.259476 0.0234375 0.02109375
2 0.538842 0.132133 0.01796875 0.01875
2 0.592749 0.172758 0.01484375 0.01640625
2 0.74978 0.201664 0.0171875 0.02265625
2 0.841186 0.251664 0.025 0.0203125
2 0.880249 0.275883 0.03046875 0.02265625
5 0.239624 0.482133 0.0203125 0.02578125