5 0.285913 0.647349 0.02734375 0.02734375
5 0.307787 0.551256 0.04140625 0.0203125
5 0.394506 0.194224 0.0328125 0.02265625
5 0.410913 0.113756 0.02734375 0.03515625
5 0.430444 0.027818 0.03671875 0.02890625
5 0.385912 0.036412 0.021875 0.0296875
5 0.355444 0.145787 0.0296875 0.02421875
5 0.258569 0.773131 0.02734375 0.02421875
2 0.374975 0.087974 0.0296875 0.01953125
2 0.347631 0.200474 0.025 0.02734375
2 0.249975 0.612974 0.03359375 0.03828125
2 0.241381 0.673912 0.01875 0.02421875
2 0.217944 0.739537 0.0296875 0.028125
2 0.670288 0.243443 0.028125 0.01796875
2 0.696069 0.264537 0.02578125 0.0109375
2 0.754663 0.303599 0.02265625 0.01484375
2 0.8406 0.324693 0.0296875 0.01484375
2 0.886694 0.355162 0.02265625 0.01796875
2 0.912475 0.365318 0.02578125 0.0140625
2 0.957787 0.392662 0.02109375 0.015625
2 0.782787 0.647349 0.01875 0.02109375
2 0.848413 0.670006 0.01640625 0.01640625
2 0.8656 0.673912 0.015625 0.01640625
2 0.921069 0.694224 0.01328125 0.01640625
2 0.757006 0.841099 0.0171875 0.0203125
2 0.820288 0.848131 0.02109375 0.01796875
2 0.848413 0.852037 0.02109375 0.0140625
2 0.895287 0.859849 0.02734375 0.01640625
2 0.602319 0.606724 0.021875 0.01640625
2 0.621069 0.611412 0.0171875 0.01875
2 0.704662 0.634849 0.0296875 0.01875
2 0.67185 0.825474 0.02265625 0.0234375
2 0.59685 0.812974 0.02265625 0.01875
2 0.562475 0.806724 0.02265625 0.01953125
2 0.44156987656249996 0.6508876578125 0.311824653125 0.6862215593750001 0.33254027656249996 0.8452241171875 0.46991757187500005 0.8182587703124999 0.44156987656249996 0.6508876578125
2 0.2355039328125 0.7038885109375 0.1090295984375 0.7401522515625001 0.111210190625 0.8842773765624999 0.2485874859375 0.8545225125 0.2355039328125 0.7038885109375
1 0.41213188437500003 0.43888425 0.37179093281250003 0.3003381625 0.254038965625 0.3579882125 0.2758448859375 0.49932381875000004 0.354346196875 0.457481040625 0.41213188437500003 0.43888425
2 0.644506 0.437193 0.04453125 0.01328125
2 0.803881 0.491099 0.0296875 0.01640625
2 0.8781 0.520006 0.04375 0.02109375
2 0.942944 0.547349 0.025 0.0203125
1 0.18862120625 0.37844468125 0.058875982812500005 0.44725280625 0.06977894375 0.561623065625 0.211517421875 0.509552053125 0.18862120625 0.37844468125
1 0.5287935546875 0.114370259375 0.3630685640625 0.20642437187499998 0.418673659375 0.40076082968750004 0.5778568749999999 0.316145434375 0.5287935546875 0.114370259375
1 0.5963919062499999 0.5486053125 0.4524728359375 0.5988166453125 0.4928137875 0.8266273265624999 0.6672611453124999 0.7968724625 0.5963919062499999 0.5486053125