1 0.3988737828125 0.5399204328125 0.33987920625 0.8027467921874999 0.510699325 0.8282784953125001 0.557366678125 0.5932366375 0.3988737828125 0.5399204328125
1 0.4886864234375 0.0983721515625 0.48164229531249997 0.0983721515625 0.43937752343750003 0.33566680625 0.589945771875 0.4024997953125 0.637493640625 0.19824616718750002 0.4886864234375 0.0983721515625
1 0.7493191828125 0.35519105 0.623405384375 0.28685619687499997 0.5864237078125 0.43253709218749997 0.7255452484375 0.49261168906249997 0.7493191828125 0.35519105
1 0.8241630484375 0.373213428125 0.7951060187500001 0.5143887296874999 0.9307054953125 0.5759651906250001 0.9465547843750001 0.44455201093749996 0.8241630484375 0.373213428125
1 0.7669295046875 0.696865315625 0.74579711875 0.8650741843749999 0.8875602062500001 0.8913568203125 0.9069315609374999 0.743423128125 0.7669295046875 0.696865315625
1 0.5265486140625 0.8267766296874999 0.6551039624999999 0.8575648609375 0.6876830578125 0.684850396875 0.57673803125 0.6473037734375 0.55208358125 0.6525603 0.5265486140625 0.8267766296874999
5 0.548089 0.106462 0.021875 0.021875
5 0.568401 0.1924 0.02578125 0.01640625
5 0.530901 0.022087 0.0203125 0.01875
5 0.577776 0.032243 0.028125 0.01640625
5 0.652776 0.544743 0.02890625 0.025
5 0.676214 0.644743 0.0296875 0.0265625
5 0.71137 0.607243 0.0234375 0.021875
2 0.727776 0.669743 0.028125 0.02421875
5 0.587151 0.085368 0.02265625 0.0203125
2 0.326214 0.428337 0.0140625 0.01328125
2 0.308245 0.43615 0.01171875 0.01640625
2 0.230901 0.470525 0.0125 0.0109375
2 0.157464 0.484587 0.0140625 0.0140625
2 0.094183 0.514275 0.01171875 0.01640625
2 0.077776 0.519743 0.009375 0.01328125
2 0.359026 0.599431 0.01484375 0.0140625
2 0.340276 0.605681 0.015625 0.015625
2 0.259026 0.632243 0.01171875 0.015625
2 0.404339 0.803337 0.01640625 0.01171875
2 0.368401 0.810368 0.01953125 0.0125
2 0.294964 0.821306 0.01484375 0.0109375
2 0.204339 0.835368 0.01796875 0.01171875
2 0.143401 0.845525 0.015625 0.0109375
2 0.118401 0.84865 0.01328125 0.01484375
2 0.066057 0.858806 0.0125 0.0125
2 0.183245 0.643962 0.01640625 0.01875
2 0.114495 0.665056 0.0140625 0.009375
2 0.102776 0.670525 0.009375 0.01484375
2 0.041058 0.690056 0.0140625 0.0140625
2 0.654339 0.803337 0.02265625 0.01328125
2 0.74262 0.734587 0.03203125 0.0125
5 0.705901 0.772087 0.0265625 0.01484375
5 0.753557 0.7674 0.02109375 0.0171875
2 0.122307 0.318181 0.015625 0.01171875
2 0.073089 0.349431 0.0125 0.01328125
2 0.050432 0.364275 0.01640625 0.01328125
2 0.004339 0.391618 0.021875 0.0125
2 0.022307 0.54865 0.01171875 0.01640625
2 0.613714 0.193962 0.0203125 0.01484375
2 0.624651 0.250212 0.01640625 0.01796875
2 0.205901 0.29865 0.01796875 0.0125
2 0.269964 0.259587 0.0203125 0.0171875
2 0.29887 0.244743 0.01484375 0.01640625
5 0.269964 0.857243 0.0265625 0.01171875
5 0.154339 0.866618 0.03125 0.01484375
4 0.7528164281249999 0.5832035796875 0.7309469 0.55666171875 0.7031894234375 0.533706596875 0.6914135234375001 0.5387280296875 0.7048716953125 0.54948824375 0.7259000875 0.565269890625 0.7452462078125001 0.59396379375 0.7780504984375 0.6312658671875 0.8125370609375 0.65637303125 0.8150604687499999 0.642743428125 0.793190940625 0.629113825 0.7721625484375 0.614766871875 0.7528164281249999 0.5832035796875
3 0.5660843078125 0.60687605 0.5644020375000001 0.6183536109375 0.692254659375 0.6599597703125 0.692254659375 0.6477648609375 0.5660843078125 0.60687605
3 0.7763682265625 0.677893459375 0.8024434328125001 0.6865016296875 0.8545938453125 0.7030006234374999 0.89244495 0.716630228125 0.8941272218749999 0.703717971875 0.8411356734375 0.6865016296875 0.795714346875 0.6692852890625 0.773003684375 0.6692852890625 0.758704378125 0.6692852890625 0.7418816640625 0.6635465078125 0.7351525796875 0.6484822078125 0.7317880359375 0.6606771171875 0.735993715625 0.6743067218750001 0.7763682265625 0.677893459375
3 0.8344065890625 0.6205056531250001 0.8116959250000001 0.6162015671875001 0.7797327703125 0.5932464453125 0.7620689203125 0.5803341890625 0.7603866499999999 0.59181175 0.7721625484375 0.600419921875 0.7881441265625 0.6133321765625 0.8066491109375 0.6219403484375 0.8259952328125 0.6305485187500001 0.8369299953124999 0.6377219953125 0.8369299953124999 0.6441781234375 0.8445002171875 0.6491995562499999 0.8587995234375001 0.6542209890625 0.859640659375 0.637004646875 0.8613229312499999 0.637004646875 0.845341353125 0.6327005625 0.8344065890625 0.6205056531250001
3 0.5837481578125 0.466275925 0.5787013437499999 0.48134022343750005 0.7149653234375 0.5358586390625 0.718329865625 0.5222290359375 0.5837481578125 0.466275925
3 0.7740548296875 0.5458988125 0.74169016875 0.53976511875 0.7506803515625 0.556632778125 0.8037224359374999 0.555866065625 0.9089075875000001 0.6049356218749999 0.9134026796875 0.5980352156250001 0.8019244000000001 0.5466655234375 0.7740548296875 0.5458988125