2 0.355609 0.790459 0.02421875 0.0234375
2 0.414984 0.755302 0.02578125 0.02578125
2 0.447796 0.739677 0.0203125 0.0265625
2 0.558734 0.696709 0.02578125 0.01875
2 0.522797 0.689677 0.03203125 0.02109375
2 0.520453 0.651396 0.02109375 0.01484375
2 0.63139 0.581084 0.01875 0.021875
2 0.684515 0.54124 0.0296875 0.0203125
2 0.851703 0.423271 0.04296875 0.02109375
2 0.664203 0.175615 0.01953125 0.0265625
2 0.522797 0.327959 0.0234375 0.0203125
2 0.504046 0.349834 0.01796875 0.01953125
2 0.52514 0.035771 0.0265625 0.0265625
2 0.426703 0.182646 0.02109375 0.01640625
2 0.40639 0.208427 0.02265625 0.01953125
2 0.338421 0.315459 0.0203125 0.02421875
2 0.279828 0.190459 0.0234375 0.0203125
2 0.329828 0.098271 0.01875 0.01953125
2 0.297796 0.634209 0.0234375 0.01640625
2 0.345453 0.577177 0.01953125 0.02109375
2 0.359515 0.561552 0.01875 0.0171875
2 0.407171 0.456865 0.02265625 0.01484375
2 0.207953 0.396709 0.01953125 0.01875
2 0.229046 0.367021 0.0203125 0.0234375
2 0.25014 0.343584 0.01875 0.02109375
2 0.364984 0.361552 0.0125 0.00859375
3 0.6489500031250001 0.43389617343750003 0.6329045343749999 0.42988480625000003 0.5936822828125 0.391776821875 0.45105590937500006 0.2253051 0.4421417609375 0.2373392015625 0.6177504828125 0.437238978125 0.6489500031250001 0.47601552500000005 0.665886884375 0.48871818593749994 0.686389425 0.49674091875000004 0.6961949890625 0.4806954515625 0.6783666921875 0.45930149531250003 0.662321225 0.458632934375 0.6641040546875 0.43857609999999997 0.708674796875 0.452615884375 0.722937434375 0.44659883437500003 0.7006520640625 0.4272105609375 0.6846065968749999 0.40581660468749997 0.6819323515625 0.3770684765625 0.6970864031249999 0.34832034843750004 0.6667783 0.303526753125 0.6248818015625 0.248036178125 0.5794196453125 0.1805115046875 0.5401973921875001 0.120341003125 0.5018665546875 0.133043665625 0.6667783 0.3530002765625 0.6641040546875 0.38509120937499997 0.6569727359375 0.4185192671875 0.6489500031250001 0.43389617343750003
3 0.7470056359374999 0.6398130015625 0.7621596875 0.632458828125 0.651624246875 0.516797753125 0.6462757578125 0.5368545874999999 0.6765838625 0.5669398375 0.7470056359374999 0.6398130015625
4 0.8307986296875001 0.49941516249999995 0.8174274078125 0.5295004140625 0.8165359921875 0.5508943703125 0.8111875046874999 0.571619765625 0.8049475984375001 0.57629969375 0.7951420359375 0.6057163828125 0.7862278875000001 0.644492928125 0.7701824203125 0.687280840625 0.7594854421874999 0.7066691140625 0.7487884640625 0.726725946875 0.74076573125 0.7534683921875 0.7238288484375001 0.8209930671875 0.722937434375 0.8336957281249999 0.7247202640625 0.8450612671875 0.7318515828125001 0.858432490625 0.737200071875 0.8691294671875 0.768399590625 0.85642680625 0.768399590625 0.8303529234375 0.7871193015625 0.7768680328124999 0.7915763765625 0.72806306875 0.829907215625 0.6531842234374999 0.8432784375000001 0.5950194046874999 0.86199815 0.5295004140625 0.8718037125 0.506100775 0.8940890828124999 0.46197574062499996 0.8860663499999999 0.443256028125 0.8521925859374999 0.44459315000000005 0.8450612671875 0.4713355953125 0.8307986296875001 0.49941516249999995
1 0.6384641859375 0.49852682968749995 0.3826412078125 0.23696423281249998 0.2142790765625 0.4321112484375 0.5520965984374999 0.6739951546875 0.6384641859375 0.49852682968749995
1 0.5564696421875001 0.050016671874999995 0.7335778578125 0.3361776328125 0.779494803125 0.24680357968750002 0.631904621875 0.001639890625 0.5564696421875001 0.050016671874999995
1 0.7084328640625001 0.39275386874999996 0.81338588125 0.5313246484375 0.850556740625 0.45260988593749996 0.760909371875 0.3091194328125 0.7084328640625001 0.39275386874999996
1 0.7128059062500001 0.8051864265625 0.7543498093750001 0.6739951546875 0.6461170109375 0.5674022484375 0.6308113625 0.5649424109375001 0.553189859375 0.7018733015625 0.7128059062500001 0.8051864265625
1 0.133734 0.452177 0.021875 0.01875
1 0.142328 0.492021 0.028125 0.02109375
1 0.154828 0.54124 0.03046875 0.01953125
1 0.171234 0.582646 0.0296875 0.02265625
1 0.186078 0.637334 0.03046875 0.02890625
1 0.204046 0.695146 0.03203125 0.02421875
1 0.217328 0.755302 0.025 0.028125
1 0.240765 0.823271 0.03359375 0.0265625
1 0.9631258781250001 0.4582849734375 0.8438262984374999 0.8860176125000001 0.9165699453125 0.9252991828124999 0.99658795625 0.542303884375 0.9631258781250001 0.4582849734375