1 0.39962069375 0.27226888437499996 0.4972886359375 0.5375373390625 0.6521958625 0.46175652500000003 0.528536240625 0.175264284375 0.39962069375 0.27226888437499996
1 0.32770368906249997 0.60094324375 0.27281579375 0.37540010156250003 0.18721695625 0.43019432343749997 0.23580333750000002 0.636486240625 0.32770368906249997 0.60094324375
1 0.7974709343749999 0.928075165625 0.632273321875 0.5330059687500001 0.4618308390625 0.5876846671875 0.582447575 0.9613137734375 0.7974709343749999 0.928075165625
1 0.366135146875 0.9648988078125 0.2919720328125 0.6589328906249999 0.2010813625 0.69884625 0.2581158625 0.96277016875 0.366135146875 0.9648988078125
2 0.446319 0.639029 0.026245041469812234 0.013581242003499838
2 0.496659 0.786549 0.028861609981466606 0.021421014003817972
2 0.504079 0.820243 0.027271828130301046 0.020621582670272608
2 0.565964 0.995253 0.026599705534962936 0.023737492003499838
2 0.828102 0.963914 0.03223214664195524 0.0284886266709087
2 0.75469 0.783299 0.03198660998146661 0.021457376670908877
2 0.720372 0.714122 0.03120535998146643 0.02144828600413611
2 0.665208 0.570453 0.035783732576804894 0.018377830004772378
2 0.678502 0.480728 0.035783732576804894 0.018377830004772378
5 0.72434 0.510961 0.04122520072563951 0.017660214672181596
2 0.626317 0.363667 0.03653770072563951 0.017605670671545236
2 0.604543 0.315738 0.03427579627913566 0.019922148671227102
2 0.558145 0.212031 0.027108137023308564 0.015934082670272565
2 0.392388 0.325774 0.033521828130301135 0.02069430800445442
2 0.432936 0.440355 0.027135418874474126 0.016715332670272476
2 0.442438 0.459223 0.033385418874474125 0.016788058004454244
2 0.482577 0.585523 0.029806551088459088 0.026117604670590565
2 0.313995 0.690636 0.03104166887447395 0.016760786004136108
2 0.348338 0.826247 0.020240578130301046 0.020539766669318026
2 0.356086 0.850565 0.03206845553496285 0.023801126670909056
2 0.396078 1.0 0.031932046279135665 0.019894876670908702
2 0.257797 1.0 0.019295637023308564 0.01584317600254508
2 0.236617 0.892161 0.01932291887447395 0.01662442600254508
2 0.219422 0.847412 0.021884923683797373 0.02290169800286357
2 0.198722 0.746349 0.025009923683797376 0.022938060669954297
2 0.234744 0.677209 0.01959573738612832 0.024436926002545434
2 0.22182 0.599683 0.022338791469812234 0.013535788669636162
2 0.209767 0.564372 0.03185020072563942 0.017551126670908877
2 0.188276 0.485965 0.027271828130301136 0.02062158267027243
2 0.284672 0.411275 0.035756450725639335 0.017596580004772554
3 0.3434574734375 0.64907130625 0.3234021625 0.6575551671875 0.3930645921875 0.9259846406250001 0.4270009453125 0.9194057421874999 0.354132428125 0.6762189234375 0.4295238 0.647457609375 0.5153604921875 0.9186904531250001 0.530555503125 0.9162520953125 0.43165935156249996 0.61958733125 0.3434574734375 0.64907130625
3 0.3777479171875 0.5657849296874999 0.3981434734375 0.5808415390625 0.4009539859375 0.566926678125 0.43614344843749997 0.5577471953125 0.460693915625 0.5536742515624999 0.38220437500000004 0.338317153125 0.3691200140625 0.3468821296875 0.4344892359375 0.538550046875 0.426295603125 0.5401981515625 0.3969456921875 0.5485738609374999 0.3777479171875 0.5657849296874999
4 0.3555819578125 0.568142171875 0.34472443125 0.5462227656249999 0.336992759375 0.5679258671875 0.3825584171875 0.6277332171875 0.3953993484375 0.6261391890625 0.3981490015625 0.6139670671874999 0.3555819578125 0.568142171875
1 0.05983669375 0.3833825375 0.398456128125 0.0726308296875 0.3670453734375 0.0068861265625 0.2564249265625 0.012677329687499999 0.035142401562499995 0.25843884375 0.05983669375 0.3833825375
5 0.379085 0.191972 0.03427579627913566 0.019922148671227057
5 0.329819 0.237511 0.027299109981466608 0.02140283267027261
5 0.27899 0.283032 0.041116073320977706 0.014535214672181596
5 0.233958 0.319241 0.027299109981466608 0.02140283267027261
5 0.199 0.357913 0.024928078130301134 0.020594310669954385
5 0.163561 0.387982 0.04122520072563942 0.017660214672181596
5 0.128931 0.417278 0.029025301088459087 0.026108514003817973
4 0.4284975859375 0.17758712031249999 0.41290700156250004 0.191353271875 0.3865252734375 0.21458280468750002 0.3662265328125 0.230037615625 0.3448268234375 0.2437361734375 0.33272171250000004 0.2575428796875 0.3254160453125 0.2670468203125 0.30991674687500004 0.27819886562499996 0.2886387515625 0.2884119453125 0.2706940890625 0.303022428125 0.26103434375 0.3133707 0.2396650640625 0.326197884375 0.22178125624999998 0.3390656296875 0.21676881093749997 0.34946797812499997 0.1906000859375 0.36659793125 0.17491821406250002 0.3829781875 0.1525696828125 0.39056364375 0.1430316515625 0.397426440625 0.16098184375 0.41594148750000004 0.17256966406250002 0.416948046875 0.1947051953125 0.4154621703125 0.214790934375 0.40610694062499997 0.22448110937500002 0.3948873 0.2508628359375 0.3716577640625 0.27232340312500003 0.356216471875 0.2914603203125 0.3407481421875 0.289720346875 0.357290628125 0.2969706828125 0.3826549515625 0.29660553749999996 0.39311137500000004 0.310638721875 0.3906594984375 0.3284921015625 0.3786631234375 0.3276954203125 0.3681931796875 0.3272030328125 0.34900955 0.327811609375 0.3315821765625 0.328450615625 0.313283434375 0.3419609796875 0.292519296875 0.371736896875 0.2719444265625 0.40508957187499994 0.24879600625 0.45161789687500004 0.214468503125 0.5139498062500001 0.1602752703125 0.5412195 0.144901571875 0.5659829671875001 0.1347290484375 0.5329290531249999 0.1160382546875 0.5119857765625 0.11666627968750001 0.4873744515625 0.1224819609375 0.47964278125000004 0.14418506250000002 0.46313380156250006 0.15096674375000002 0.4284975859375 0.17758712031249999