1 0.5203372171875 0.8490878984375 0.5642696109374999 0.6159475890625 0.4051563265625 0.55617329375 0.3492200109375 0.8165958078125 0.5203372171875 0.8490878984375
1 0.4432833609375 0.35357006874999997 0.59462928125 0.42653824374999993 0.63980044375 0.2242220421875 0.4898310875 0.118284596875 0.482786959375 0.117997571875 0.4432833609375 0.35357006874999997
1 0.5914567328125 0.4564320265625 0.7312773046875 0.5221753921875 0.7534522046875 0.3857234671875 0.6267432578125 0.3122580203125 0.5914567328125 0.4564320265625
1 0.9374074578125 0.6138885328125 0.9517276156250001 0.4831211625 0.8285057796874999 0.40679549843749996 0.8010914734375 0.5467868171875 0.9374074578125 0.6138885328125
1 0.8979320812499999 0.9275221281249999 0.9155820718750001 0.7803777578125 0.7750382671875 0.7281152984375 0.75586316875 0.8954630874999999 0.8979320812499999 0.9275221281249999
1 0.6956520140625 0.712871334375 0.5842700921875 0.6708040468750001 0.5596768078125 0.6750559828125 0.53616903125 0.8482318421875 0.6650826328125 0.8842583015625 0.6956520140625 0.712871334375
5 0.555617 0.140943 0.022129538669636205 0.02276633794672147
5 0.574929 0.226053 0.025972154002227122 0.017456755437207504
5 0.539411 0.057269 0.020530676002545434 0.019577670950527093
5 0.586168 0.065515 0.02831590400222712 0.01755225593149905
5 0.655204 0.574959 0.029197151336727067 0.026177839429596263
5 0.677478 0.674004 0.02999658267027261 0.02777217292769336
5 0.713071 0.635071 0.02369203866963625 0.02283000494291585
2 0.72875 0.696903 0.028406810669954385 0.025364755931499162
5 0.594924 0.118258 0.022892607336090796 0.02123567144481866
2 0.329996 0.471859 0.014217041335136215 0.01385425296574958
2 0.311937 0.480404 0.011909654002227299 0.016883752471457923
2 0.234193 0.51793 0.012627269334818081 0.011446835969555025
2 0.160592 0.534985 0.014226132001909165 0.014635502965749581
2 0.096965 0.567251 0.011909654002227299 0.016883752471457923
2 0.080495 0.573388 0.009529541335136216 0.01366325197716627
2 0.360818 0.641616 0.015007382001908987 0.014667336463846681
2 0.341995 0.64863 0.015806813335454528 0.016261669961943958
2 0.260436 0.678503 0.011900563335454351 0.016102502471457926
2 0.403758 0.843676 0.01654261000159085 0.012387253460041237
2 0.367738 0.852171 0.019676700668363623 0.013295837452429992
2 0.294174 0.866101 0.014971019334818082 0.01154233646384668
2 0.203385 0.883856 0.018105110001590853 0.012450920456235793
2 0.142329 0.896495 0.015752269334818082 0.011574169961944136
2 0.117293 0.900639 0.013453972668681757 0.01538491946765248
2 0.064831 0.912928 0.012645450668363622 0.013009335969555025
2 0.184518 0.693309 0.016624426002545434 0.019418503460041057
2 0.115523 0.717205 0.01417158800127254 0.00994800296574958
2 0.103741 0.723151 0.009547722668681757 0.015225751977166269
2 0.041795 0.745197 0.014226132001908809 0.014635502965749581
2 0.653758 0.833489 0.022810791335136305 0.01420442144481875
2 0.742839 0.761142 0.032176700668363534 0.013805173421985017
5 0.705684 0.800138 0.02673522266868176 0.01592608893530496
5 0.753395 0.793509 0.021293744668999894 0.018047004448624192
2 0.127372 0.370011 0.015761360001590674 0.012355419961943958
2 0.077789 0.403267 0.012654541335136571 0.013790585969555024
2 0.05496 0.419034 0.016560791335136216 0.01394975346004106
2 0.008548 0.448256 0.022020450668363622 0.013391337946721649
2 0.02469 0.604555 0.011909654002227299 0.016883752471457923
2 0.620223 0.225769 0.020485222668681757 0.015671420950527093
2 0.630506 0.281574 0.01661533533577266 0.01863725346004106
2 0.211193 0.347074 0.018114200668363622 0.013232170456235526
2 0.27571 0.305401 0.020512494668999893 0.01801517095052709
2 0.304789 0.289379 0.015034654002227121 0.01701108646384668
5 0.268755 0.903057 0.026698860001590673 0.01280108893530496
5 0.153021 0.917144 0.031422722668681756 0.01611708992388792
4 0.7093996625 0.5623593703124999 0.6976821921874999 0.566900971875 0.7112655703125 0.5782095640625 0.7324775984375 0.594848053125 0.7521576015625 0.6243302500000001 0.7853959421875001 0.6629689953125 0.820174653125 0.6894813796875 0.822539465625 0.675954596875 0.8005113421875001 0.6614338796875 0.779316009375 0.646230084375 0.759602615625 0.6138784984375001 0.7374242453125001 0.586445521875 0.7093996625 0.5623593703124999
3 0.6999339859375 0.6881669859375 0.6997920859375 0.6759720765624999 0.57314595 0.62994221875 0.5715972328125 0.64135123125 0.6999339859375 0.6881669859375
3 0.8627739984374999 0.7378226546875 0.900783696875 0.7529945734375 0.9023157218750001 0.7401508640625 0.8491238437499999 0.72077528125 0.8035021859375 0.7017081640625 0.7807915234375 0.700782775 0.7664922171875 0.7002001234375 0.7496027265625 0.69377586875 0.742698353125 0.6784373796875001 0.7394757109375 0.6904951953125 0.743839984375 0.7042961671875 0.78425623125 0.709528040625 0.8104316031250001 0.71919869375 0.8627739984374999 0.7378226546875
3 0.7866358171875001 0.6250181203125 0.7688217203125001 0.61138611875 0.767273003125 0.62279513125 0.7791490671875 0.631883134375 0.7952808921875001 0.6454465890625001 0.8138860421875 0.6548087812500001 0.8333323296874999 0.6642052453125 0.8443505625000001 0.6718242796875 0.8444256859375001 0.6782804078125 0.8520543375 0.683610303125 0.8664120734375 0.6892143875000001 0.8670528796875001 0.6720323203125 0.8687351515625 0.6721008671875001 0.852703490625 0.6671455828124999 0.8416268265625 0.6545051156249999 0.8188660796875 0.6492756421875 0.7866358171875001 0.6250181203125
3 0.721200603125 0.56499124375 0.72440655 0.551498734375 0.58917376875 0.49006183906249995 0.5843022437500001 0.504920496875 0.721200603125 0.56499124375
3 0.7571573609375 0.5872206578125 0.8101905234375 0.5886152453125 0.9159466500000001 0.64197076875 0.92036145 0.6352535234375 0.8082854296875001 0.5793414390625 0.7804069375 0.5774391296875 0.7479709046874999 0.5699866765625 0.7571573609375 0.5872206578125