2 0.725075 0.763886 0.02197953912941557 0.01860524749271768
2 0.597922 0.734778 0.020403403590796197 0.016216033386094963
2 0.533937 0.723361 0.02277896984757497 0.02175297954602886
2 0.414619 0.69012 0.011814198770336048 0.01674723079967002
2 0.242195 0.6553 0.01807783430895533 0.01927283722616089
2 0.188357 0.64515 0.018836358411256526 0.015389319279472246
2 0.130603 0.636676 0.021974993949875808 0.017823997492717503
2 0.072868 0.625077 0.021974993949875808 0.01782399749271768
5 0.636399 0.700071 0.02511362948849527 0.020258675705962757
5 0.535763 0.678003 0.029042605386194253 0.02427858597251955
5 0.182329 0.607051 0.02050339754067192 0.03340353338609496
5 0.097291 0.589216 0.018881810206654137 0.023201819279472246
5 0.2031093109375 0.668411496875 0.45818139531249996 0.6130297140625001 0.4070177140625 0.4637227234375 0.1733884234375 0.4998150828125 0.2031093109375 0.668411496875
5 0.48790650312499995 0.22098904218749998 0.63406585 0.19460593125 0.5582151921875 0.06832345625 0.4185263828125 0.08417226875 0.48790650312499995 0.22098904218749998
5 0.71295305625 0.39373705625 0.647595196875 0.27465296875 0.5046711171875 0.29576893125 0.5675049390625 0.4300975328125 0.71295305625 0.39373705625
2 0.685416 0.062034 0.018109650565734013 0.024741587226160842
2 0.665539 0.121977 0.018046018052176826 0.013804087226160843
2 0.659207 0.136221 0.01493010841125635 0.015275659012915454
2 0.636928 0.206389 0.01651987948849527 0.02000862311953817
2 0.82822 0.220351 0.017301129488495225 0.02003135517284953
2 0.837141 0.163851 0.020435219847574838 0.021684783386094874
2 0.385616 0.036388 0.019653969847574792 0.021662051332783518
2 0.357241 0.080175 0.01651987948849527 0.02000862311953817
2 0.344613 0.102414 0.01961760841125635 0.015412051332783516
2 0.31305 0.157229 0.01573862948849527 0.019985891066226814
2 0.465552 0.259805 0.015738629488495092 0.019985891066226814
2 0.293046 0.239047 0.01884544877033605 0.016951819279472157
2 0.255182 0.302639 0.018105105386194253 0.023960337226160887
2 0.235465 0.335238 0.014157948770336048 0.016815426959604095
2 0.418913 0.354896 0.020430674668035033 0.020903533386094787
2 0.42762 0.335115 0.018091469847574794 0.021616587226160888
2 0.624772 0.28173 0.01808692466803503 0.020835337226160888
2 0.599309 0.362145 0.02196590359079611 0.016261497492717592
2 0.592941 0.382639 0.02353749394987581 0.01786946159934022
2 0.796592 0.420456 0.018082379488495226 0.020054087226160887
2 0.802275 0.383578 0.01731021984757484 0.02159385517284953
2 0.815965 0.312879 0.01807783430895542 0.0192728372261608
1 0.352123284375 0.459061865625 0.3147322328125 0.3193463921875 0.1522049109375 0.339126059375 0.1804855125 0.4847036296875 0.2385661890625 0.4756710359375 0.24568110625 0.46362369374999995 0.2548316625 0.46465584531250004 0.273163975 0.472082340625 0.352123284375 0.459061865625
1 0.30513155625 0.24094546249999998 0.25923432968750004 0.0986847890625 0.1156302171875 0.11518557812500001 0.13997769375 0.25835101250000003 0.30513155625 0.24094546249999998
3 0.4538595109375 0.2069781125 0.40620295000000006 0.09913165 0.39446596093749997 0.102619628125 0.4434603015625 0.2158663 0.44634532812499994 0.2626700140625 0.46272667343749996 0.27157153749999996 0.4606954890625 0.259258071875 0.45860636875000005 0.236986246875 0.4538595109375 0.2069781125
3 0.326268675 0.2813871765625 0.353053684375 0.282166540625 0.3530046609375 0.2737402375 0.3392543125 0.267978859375 0.334453975 0.2287783953125 0.2946191046875 0.1180959296875 0.2887662078125 0.1225210140625 0.3167036515625 0.20911446875 0.3253257015625 0.23157638125000002 0.3281483328125 0.26765570781250003 0.326268675 0.2813871765625
3 0.387369903125 0.45472615312500003 0.3977646546875 0.44507193906250003 0.35392089375 0.31895487031249997 0.3428461109375 0.32399391093749996 0.362067915625 0.37203887343750003 0.36996536562500004 0.3822253375 0.377396703125 0.42456594843750006 0.387369903125 0.45472615312500003
3 0.4675136421875 0.3084739203125 0.527080996875 0.442707478125 0.5407600390625 0.436212415625 0.4779128484375 0.2995857328125 0.4675136421875 0.3084739203125
4 0.43342653750000004 0.2875687453125 0.44400400937500006 0.3093216546875 0.4610163640625 0.3144120515625 0.47207777812499996 0.307074928125 0.4530208671875 0.2873729828125 0.4372393359375 0.2692981375 0.3998813109375 0.2475318890625 0.367709521875 0.2190234625 0.354460940625 0.1872361578125 0.35132371875 0.2093559109375 0.36453664531249996 0.235014996875 0.38684219375 0.251747875 0.4150541171875 0.273248 0.43342653750000004 0.2875687453125
4 0.3491588359375 0.1740616203125 0.36556246406250004 0.18679328125 0.37021573281250003 0.20071483906249998 0.37490465624999997 0.220764615625 0.386073028125 0.2318121515625 0.3946371421875 0.24431570625000001 0.41103185781249996 0.2555153140625 0.4234845328125 0.26277072968750004 0.42605313906250003 0.255186490625 0.40896947656249993 0.23783965468749999 0.3931567484375 0.21440261718750003 0.3884901078125 0.1981829765625 0.367321796875 0.1523790703125 0.344461 0.1524797859375 0.3491588359375 0.1740616203125
1 0.9012681390624999 0.540141665625 0.8056760828125 0.3887760421875 0.594263209375 0.42628073281249995 0.665047959375 0.5799881265625 0.9012681390624999 0.540141665625
2 0.795928 0.668871 0.01807783430895542 0.01927283722616089
5 0.831958 0.383496 0.023582945745273864 0.02568196159934022
5 0.85049 0.286098 0.014971015027114643 0.022306909012915453
5 0.861192 0.192052 0.013408515027114643 0.022261444906292827
5 0.861351 0.164709 0.010238063231716565 0.014358016693047393
2 0.85323 0.083709 0.01181419877033597 0.01674723079967011
2 0.842774 0.135567 0.016492608411256347 0.015321123119538172
2 0.479265 0.1852 0.01336306323171641 0.014448944906292737
2 0.508562 0.117171 0.014916472872636888 0.012931909012915455
2 0.514889 0.103708 0.014139768052176649 0.013690426959604141
2 0.542565 0.045881 0.01493919877033605 0.016838159012915455
2 0.657978 0.750216 0.022043171642972936 0.029542747492717503
5 0.762802 0.723732 0.02986476200205255 0.03133256802583091
2 0.766963 0.679868 0.023605671642972937 0.02958821159934022
2 0.491818 0.578518 0.008652837334017605 0.010406302586424766
5 0.703555 0.43488 0.03220851200205255 0.031400764185764984
5 0.295384 0.374113 0.025972147540671918 0.03356265775927429
5 0.014602 0.570532 0.022034081283893413 0.027980247492717502
5 0.022155 0.614836 0.0220658975406721 0.0334489974927175
5 0.490233 0.582469 0.0063227228726368875 0.012681856426490867