2 0.894752 0.097462 0.0328125 0.0265625
2 0.714283 0.176368 0.02734375 0.02890625
2 0.644752 0.209962 0.0234375 0.03203125
2 0.501783 0.273243 0.025 0.0296875
2 0.572095 0.481837 0.021875 0.02421875
2 0.723658 0.429493 0.021875 0.02734375
2 0.752564 0.416212 0.02109375 0.03203125
2 0.929127 0.357618 0.02578125 0.03671875
2 0.514283 0.449025 0.02578125 0.01953125
2 0.394752 0.499025 0.03046875 0.02421875
2 0.295533 0.319337 0.0265625 0.02734375
2 0.417408 0.266993 0.0265625 0.0359375
2 0.247877 0.335743 0.0296875 0.02734375
2 0.141627 0.386525 0.0296875 0.02109375
2 0.258033 0.549806 0.02109375 0.021875
2 0.36897 0.507618 0.02265625 0.0234375
2 0.936939 0.527931 0.0234375 0.0265625
2 0.935377 0.663868 0.01953125 0.0265625
2 0.828345 0.688868 0.0265625 0.0171875
2 0.785377 0.567775 0.0171875 0.025
2 0.761158 0.582618 0.01484375 0.02109375
2 0.628345 0.616212 0.0296875 0.02421875
2 0.683033 0.724025 0.0171875 0.0265625
2 0.61897 0.68965 0.0140625 0.0296875
2 0.574439 0.579493 0.025 0.02421875
2 0.529908 0.713868 0.01953125 0.02109375
2 0.499439 0.723243 0.01796875 0.02109375
2 0.421314 0.747462 0.02109375 0.02109375
2 0.343189 0.653712 0.021875 0.01484375
5 0.12522 0.572462 0.021875 0.02734375
5 0.176002 0.622462 0.021875 0.02734375
5 0.216627 0.667775 0.021875 0.02109375
5 0.257252 0.7084 0.02265625 0.021875
5 0.293189 0.7459 0.01953125 0.0234375
5 0.328345 0.778712 0.01484375 0.02421875
5 0.353345 0.809181 0.01875 0.025
5 0.376002 0.8334 0.01875 0.01953125
5 0.207465496875 0.6166335578125001 0.2411786390625 0.6431430359375 0.2593318703125 0.681178378125 0.29823165 0.7099930296875 0.312062684375 0.7318921656249999 0.333673671875 0.75955423125 0.3552846609375 0.792979228125 0.377760090625 0.82064129375 0.395913321875 0.8321671546875 0.414930990625 0.8379300859375001 0.42098206875 0.8148783640625 0.407151034375 0.782605953125 0.39504888125000004 0.75955423125 0.3794889703125 0.742265440625 0.3604712984375 0.721518890625 0.34231806875 0.7053826859375001 0.351826903125 0.6950094109375 0.38294672812499997 0.696161996875 0.388133365625 0.6927042390625 0.3760312109375 0.676568034375 0.3665223765625 0.6615844140625 0.3561491 0.65812665625 0.3379958703125 0.655821484375 0.308604925 0.654668896875 0.260196309375 0.6120232125 0.249823034375 0.5947344203125 0.21697433125 0.5578516671875 0.1970922203125 0.5301896 0.167701275 0.4933068453125 0.1564635609375 0.4806283984375 0.1391747703125 0.45411891875 0.12361485781249999 0.43337236875 0.082121759375 0.5071378796875 0.129665934375 0.5186637390625 0.1720234734375 0.559004253125 0.207465496875 0.6166335578125001
3 0.654062525 0.6556198156249999 0.672750025 0.6501692953125 0.7031172140625 0.6431614812500001 0.7340683859375 0.62914585625 0.7761152625000001 0.6221380437499999 0.8391855781249999 0.60111460625 0.8806484703124999 0.5863203343750001 0.913351596875 0.5754192921875 0.9226953468750001 0.5668541874999999 0.9086797203125 0.53492970625 0.8350976875 0.56451825 0.756843778125 0.58943491875 0.7007812765625 0.612015646875 0.679173853125 0.61279429375 0.6657422125 0.61513023125 0.654062525 0.607343771875 0.6517265875 0.598000021875 0.65756643125 0.58476304375 0.669830103125 0.5754192921875 0.6815097906250001 0.5707474171875 0.688517603125 0.5660755421875 0.69026955625 0.54583075 0.67625393125 0.5520599171875 0.6610703375 0.5668541874999999 0.65055861875 0.5754192921875 0.6417988515624999 0.5684114796874999 0.6412148671875 0.5582890828125 0.6569824468750001 0.5388229359375 0.8514492499999999 0.47497397656249996 0.9069277671875 0.45550782968750003 0.9075117515625 0.4407135578125 0.7638515906250001 0.494440121875 0.6651582281249999 0.5240286656250001 0.6219433828125001 0.5419375203125 0.6137676 0.5528385625000001 0.6248633046875 0.5855416890625 0.6388789296875 0.61279429375 0.6435508046875 0.6447187734375001 0.654062525 0.6556198156249999
3 0.48587501718750004 0.5536172078125 0.5536172078125 0.5364869984375 0.5471933796874999 0.5240286656250001 0.536681659375 0.5201354359375 0.493466815625 0.5388229359375 0.411709 0.5715260625 0.34922266875 0.590992209375 0.31943946562500003 0.6018932515625 0.3252793078125 0.6112370015625 0.3731660296875 0.598000021875 0.42455665624999994 0.578533875 0.48587501718750004 0.5536172078125
3 0.5302578312499999 0.6065651265625001 0.5471933796874999 0.595664084375 0.5565371296875 0.61045835625 0.5501133015625 0.6252526281249999 0.5407695515625 0.627588565625 0.5431054890625 0.643940128125 0.58690431875 0.6260312734375 0.58924025625 0.61746616875 0.5804804906250001 0.602671896875 0.576976584375 0.595664084375 0.5863203343750001 0.5855416890625 0.579312521875 0.578533875 0.5647129109375 0.58009116875 0.5565371296875 0.5637396046875 0.5355136921875 0.5668541874999999 0.536681659375 0.5808698140625 0.519162128125 0.5832057515625 0.5302578312499999 0.6065651265625001
1 0.4590117359375 0.3355963671875 0.175779303125 0.4632942875 0.263960946875 0.598000021875 0.5355136921875 0.48587501875 0.4590117359375 0.3355963671875
1 0.9343750343749999 0.16585156875 0.5220820515625 0.3519479296875 0.57989650625 0.52792189375 0.9565664406250001 0.3792005359375 0.9343750343749999 0.16585156875
1 0.60442385 0.6431614812500001 0.3679101703125 0.7186901296875 0.42572462499999997 0.8012265921875 0.6435508046875 0.7389349234375 0.60442385 0.6431614812500001
1 0.9636326531250001 0.602671896875 0.652310571875 0.6914375265625 0.6944158453125 0.7654088828125001 0.970640465625 0.7093463796874999 0.9636326531250001 0.602671896875
1 0.37187650156249996 0.91971270625 0.0615577875 0.603772278125 0.0607145296875 0.7870402140625 0.2555069828125 0.951194315625 0.37187650156249996 0.91971270625
5 0.44397 0.21465 0.028125 0.02421875