5 0.293665 0.335371 0.028617305624352517 0.02782103693163096
5 0.311064 0.431083 0.04235231989237605 0.02103524878218401
5 0.381154 0.786601 0.03386773180303493 0.023228994317957153
5 0.393812 0.866783 0.028981178659881833 0.035633536931631224
5 0.409341 0.95238 0.03806508023145838 0.029547178165332966
5 0.36521 0.944563 0.023257717535011223 0.03006932954530477
5 0.339835 0.83572 0.030815506410140792 0.024736947240056394
5 0.272179 0.210067 0.02847175641014079 0.02469603693163096
2 0.356674 0.893192 0.030597182588823203 0.020049447240056396
2 0.33457 0.781169 0.026273555624352518 0.027780126623205347
2 0.256126 0.370374 0.03537672787409356 0.0388676310874323
2 0.250371 0.309586 0.019878006410140793 0.0245460324674041
2 0.22999 0.24437 0.030997442927905537 0.028643197240056484
2 0.659228 0.732568 0.028961907981717338 0.018459673701106107
2 0.685991 0.711025 0.02629067224974104 0.011387513392680581
2 0.746404 0.670939 0.023347608767505613 0.015239216314779824
2 0.833324 0.648346 0.030378858767505634 0.015361947240056396
2 0.880837 0.617072 0.02349315798171734 0.018364216314779823
2 0.907091 0.606466 0.02643622146395268 0.014512513392680582
2 0.953678 0.578331 0.021821496071058565 0.015993192775829713
2 0.79054 0.326698 0.019732457195929066 0.0214210324674041
2 0.85722 0.302897 0.017170383374611475 0.016692622158978487
2 0.874589 0.29869 0.016389133374611474 0.01667898538950343
2 0.931004 0.27741 0.01404538337461152 0.016638075081077907
2 0.773783 0.133398 0.018133569892376133 0.020612508928453722
2 0.837391 0.125263 0.021930657981717384 0.01833694277582958
2 0.865698 0.120865 0.02174872146395268 0.01443069277582958
2 0.912937 0.112235 0.028107883374611474 0.01688353693163096
2 0.608179 0.370474 0.022639133374611476 0.016788079545304768
2 0.627147 0.365459 0.01806079528527036 0.01905000892845372
2 0.711833 0.340562 0.030560795285270358 0.019268197240056396
2 0.687899 0.15051 0.02374786910658786 0.023832966314779915
2 0.612316 0.164319 0.02352954528527036 0.019145466314779914
2 0.57765 0.171169 0.023565932588823203 0.019926716314779915
2 0.32643911875 0.3192213609375 0.45783004531250004 0.3568199734375 0.47838230625 0.189943671875 0.3397490796875 0.16058039531249998 0.32643911875 0.3192213609375
2 0.1211322015625 0.2617508671875 0.249295546875 0.300222225 0.255363209375 0.1498165984375 0.1166000578125 0.1176638046875 0.1211322015625 0.2617508671875
1 0.2839411453125 0.6464460546875 0.40437820625 0.7061514718749999 0.4382662703125 0.5683095390624999 0.37961442343749996 0.5487040953125 0.299164253125 0.5054910718750001 0.2839411453125 0.6464460546875
2 0.64247 0.539268 0.04514983416039975 0.014058545860084593
2 0.804356 0.48258 0.030451633374611476 0.016924447240056394
2 0.879921 0.452378 0.04473245719592907 0.021857409090609535
2 0.946038 0.423903 0.025946069892376133 0.020748876623205348
1 0.084620596875 0.553774878125 0.21757061093750002 0.6248477140625 0.2343604015625 0.494139996875 0.090196678125 0.4395949296875 0.084620596875 0.553774878125
1 0.40002994375 0.7999130140624999 0.5700424234375 0.8948598671875001 0.6097079140624999 0.6939410953125 0.44658367187500003 0.606547146875 0.40002994375 0.7999130140624999
1 0.4711582515625 0.409081296875 0.6174159515625 0.46180474687500006 0.6767219625 0.2147746234375 0.50088875 0.1819747703125 0.4711582515625 0.409081296875