5 0.225181 0.676847 0.02734375 0.02734375
5 0.247055 0.580754 0.04140625 0.0203125
5 0.333774 0.223722 0.0328125 0.02265625
5 0.350181 0.143254 0.02734375 0.03515625
5 0.369712 0.057316 0.03671875 0.02890625
5 0.32518 0.06591 0.021875 0.0296875
5 0.294712 0.175285 0.0296875 0.02421875
5 0.197837 0.802629 0.02734375 0.02421875
2 0.314243 0.117472 0.0296875 0.01953125
2 0.286899 0.229972 0.025 0.02734375
2 0.189243 0.642472 0.03359375 0.03828125
2 0.180649 0.70341 0.01875 0.02421875
2 0.157212 0.769035 0.0296875 0.028125
2 0.609556 0.272941 0.028125 0.01796875
2 0.635337 0.294035 0.02578125 0.0109375
2 0.693931 0.333097 0.02265625 0.01484375
2 0.779868 0.354191 0.0296875 0.01484375
2 0.825962 0.38466 0.02265625 0.01796875
2 0.851743 0.394816 0.02578125 0.0140625
2 0.897055 0.42216 0.02109375 0.015625
2 0.722055 0.676847 0.01875 0.02109375
2 0.787681 0.699504 0.01640625 0.01640625
2 0.804868 0.70341 0.015625 0.01640625
2 0.860337 0.723722 0.01328125 0.01640625
2 0.696274 0.870597 0.0171875 0.0203125
2 0.759556 0.877629 0.02109375 0.01796875
2 0.787681 0.881535 0.02109375 0.0140625
2 0.834555 0.889347 0.02734375 0.01640625
2 0.541587 0.636222 0.021875 0.01640625
2 0.560337 0.64091 0.0171875 0.01875
2 0.64393 0.664347 0.0296875 0.01875
2 0.611118 0.854972 0.02265625 0.0234375
2 0.536118 0.842472 0.02265625 0.01875
2 0.501743 0.836222 0.02265625 0.01953125
2 0.44156987656249996 0.6508876578125 0.311824653125 0.6862215593750001 0.33254027656249996 0.8452241171875 0.46991757187500005 0.8182587703124999 0.44156987656249996 0.6508876578125
2 0.2355039328125 0.7038885109375 0.1090295984375 0.7401522515625001 0.111210190625 0.8842773765624999 0.2485874859375 0.8545225125 0.2355039328125 0.7038885109375
1 0.41213188437500003 0.43888425 0.37179093281250003 0.3003381625 0.254038965625 0.3579882125 0.2758448859375 0.49932381875000004 0.354346196875 0.457481040625 0.41213188437500003 0.43888425
2 0.583774 0.466691 0.04453125 0.01328125
2 0.743149 0.520597 0.0296875 0.01640625
2 0.817368 0.549504 0.04375 0.02109375
2 0.882212 0.576847 0.025 0.0203125
1 0.18862120625 0.37844468125 0.058875982812500005 0.44725280625 0.06977894375 0.561623065625 0.211517421875 0.509552053125 0.18862120625 0.37844468125
1 0.5287935546875 0.114370259375 0.3630685640625 0.20642437187499998 0.418673659375 0.40076082968750004 0.5778568749999999 0.316145434375 0.5287935546875 0.114370259375
1 0.5963919062499999 0.5486053125 0.4524728359375 0.5988166453125 0.4928137875 0.8266273265624999 0.6672611453124999 0.7968724625 0.5963919062499999 0.5486053125