1 0.6489500031250001 0.43389617343750003 0.6329045343749999 0.42988480625000003 0.5936822828125 0.391776821875 0.45105590937500006 0.2253051 0.4421417609375 0.2373392015625 0.6177504828125 0.437238978125 0.6489500031250001 0.47601552500000005 0.665886884375 0.48871818593749994 0.686389425 0.49674091875000004 0.6961949890625 0.4806954515625 0.6783666921875 0.45930149531250003 0.662321225 0.458632934375 0.6641040546875 0.43857609999999997 0.708674796875 0.452615884375 0.722937434375 0.44659883437500003 0.7006520640625 0.4272105609375 0.6846065968749999 0.40581660468749997 0.6819323515625 0.3770684765625 0.6970864031249999 0.34832034843750004 0.6667783 0.303526753125 0.6248818015625 0.248036178125 0.5794196453125 0.1805115046875 0.5401973921875001 0.120341003125 0.5018665546875 0.133043665625 0.6667783 0.3530002765625 0.6641040546875 0.38509120937499997 0.6569727359375 0.4185192671875 0.6489500031250001 0.43389617343750003
1 0.7470056359374999 0.6398130015625 0.7621596875 0.632458828125 0.651624246875 0.516797753125 0.6462757578125 0.5368545874999999 0.6765838625 0.5669398375 0.7470056359374999 0.6398130015625
0 0.6384641859375 0.49852682968749995 0.3826412078125 0.23696423281249998 0.2142790765625 0.4321112484375 0.5520965984374999 0.6739951546875 0.6384641859375 0.49852682968749995
0 0.5564696421875001 0.050016671874999995 0.7335778578125 0.3361776328125 0.779494803125 0.24680357968750002 0.631904621875 0.001639890625 0.5564696421875001 0.050016671874999995
0 0.7084328640625001 0.39275386874999996 0.81338588125 0.5313246484375 0.850556740625 0.45260988593749996 0.760909371875 0.3091194328125 0.7084328640625001 0.39275386874999996
0 0.7128059062500001 0.8051864265625 0.7543498093750001 0.6739951546875 0.6461170109375 0.5674022484375 0.6308113625 0.5649424109375001 0.553189859375 0.7018733015625 0.7128059062500001 0.8051864265625
0 0.866685 0.456872 0.021875 0.01875
0 0.858091 0.496716 0.028125 0.02109375
0 0.845591 0.545935 0.03046875 0.01953125
0 0.829185 0.587341 0.0296875 0.02265625
0 0.814341 0.642029 0.03046875 0.02890625
0 0.796373 0.699841 0.03203125 0.02421875
0 0.783091 0.759997 0.025 0.028125
0 0.759654 0.827966 0.03359375 0.0265625
0 0.9631258781250001 0.4582849734375 0.8438262984374999 0.8860176125000001 0.9165699453125 0.9252991828124999 0.99658795625 0.542303884375 0.9631258781250001 0.4582849734375