2 0.934707 0.844005 0.033276150162155814 0.027517246239076344
2 0.755616 0.77035 0.02784831047058134 0.029701871865896835
2 0.686671 0.738779 0.02399660754848192 0.03271321159934022
2 0.544807 0.679658 0.025518197240056394 0.03041492570596276
2 0.61876 0.469018 0.022297739853730292 0.024855247492717503
2 0.769409 0.516952 0.022352286931630872 0.027980247492717502
2 0.798084 0.529392 0.021652857548481917 0.03264501543940614
2 0.973623 0.582848 0.026422178165332967 0.03746890775927412
2 0.560375 0.503513 0.026122169236879246 0.020281407759274294
2 0.441717 0.456991 0.030891489853730292 0.025105300079142266
2 0.339361 0.639565 0.027039786931630873 0.028116639812585477
2 0.460323 0.688363 0.02718979139585791 0.036710389812585655
2 0.291991 0.624546 0.03016478693163096 0.02820756802583091
2 0.186628 0.576856 0.03005569277582958 0.02195756802583091
2 0.305884 0.410188 0.021475579545304768 0.022488765439406144
2 0.416085 0.449147 0.023065353084255058 0.02409672954602904
2 0.984409 0.412308 0.02390115016215546 0.02724446159934022
2 0.985219 0.276416 0.019994900162155816 0.02713080133278343
2 0.878624 0.254531 0.02686250892845372 0.017960389812585565
2 0.833542 0.376875 0.017623876623205435 0.02550010517284953
2 0.809582 0.362736 0.015211942775829535 0.021525659012915456
2 0.677356 0.333006 0.030110239853730292 0.02508256802583091
2 0.733925 0.223603 0.017651150162155814 0.027062605172849485
2 0.669263 0.259842 0.014580697240056395 0.030096676959604097
2 0.622809 0.371294 0.02542273985373029 0.024946175705962935
2 0.580623 0.238214 0.019899442775829713 0.021662051332783518
2 0.550318 0.229726 0.01833694277582971 0.021616587226160867
2 0.472616 0.20778 0.02146194277582971 0.02170751543940619
2 0.392854 0.303804 0.022134098620028197 0.015480247492717503
5 0.173467 0.391396 0.02235228693163096 0.027980247492717502
5 0.225121 0.339918 0.02235228693163096 0.027980247492717502
5 0.266537 0.293424 0.022243192775829534 0.021730247492717503
5 0.307871 0.251617 0.02303807954530477 0.02253422954602886
5 0.344463 0.213071 0.01994035308425506 0.024005801332783516
5 0.380192 0.179235 0.015266489853730292 0.024650659012915455
5 0.405724 0.148039 0.019186376623205437 0.025545569279472158
5 0.428803 0.123161 0.019090919236879243 0.02007681927947218
5 0.07351881875 0.49047262187499996 0.1137243359375 0.56303080625 0.12964638125 0.541831509375 0.1473978953125 0.5148189765625 0.1588569125 0.5018135453125 0.18889165000000002 0.46407560156249994 0.209256603125 0.435835025 0.242749096875 0.397996471875 0.25342414999999996 0.3804058484375 0.3025771484375 0.3363516171875 0.3319882125 0.334343840625 0.350181678125 0.3315104640625 0.3606153109375 0.3277508734375 0.370385684375 0.312490575 0.38276949843749997 0.2960022328125 0.377643215625 0.292695390625 0.34650327187499996 0.294753471875 0.3371755046875 0.284656875 0.3556103921875 0.267992465625 0.374990196875 0.24669255781250002 0.390851884375 0.22895102031249998 0.4033564078125 0.2055471625 0.4177507578125 0.172872309375 0.41210205 0.1499966546875 0.3929837890625 0.15631294375 0.3746293734375 0.1683670109375 0.3516711 0.19668304375 0.329476675 0.23073685625 0.3073828453125 0.25902773749999997 0.293169559375 0.28132931562499996 0.25376681875 0.311275834375 0.234949678125 0.34983938281250004 0.2007738109375 0.37732981250000003 0.1643258640625 0.435990375 0.12126417812500001 0.47756336718750003 0.07351881875 0.49047262187499996
3 0.6176289078125 0.3962766453125 0.60596236875 0.42930262499999994 0.613947871875 0.439965775 0.6568501171875 0.45661720624999996 0.755027009375 0.4833340671875 0.8977493703125001 0.532880546875 0.8974236203125001 0.5181032671875 0.8422848859375 0.50025138125 0.648932571875 0.4420608265625 0.633504775 0.42305347031249996 0.6342654453125001 0.41291408125 0.6431475343749999 0.40565138593750005 0.65350975 0.41391062968750003 0.6684351078125 0.42826310312500004 0.682342003125 0.4340844578125 0.6809434234375 0.41389064218750005 0.6740171593750001 0.4094226734375 0.66241901875 0.4050906421875 0.65031844375 0.3961037265625 0.6447096515624999 0.383036671875 0.647208684375 0.373624953125 0.6590242859375001 0.3654986484375 0.672415153125 0.367443765625 0.694008984375 0.36759369999999997 0.7496773375 0.3885431765625 0.827496325 0.41118288906249995 0.9005618875 0.4386304140625 0.915134759375 0.4062981203125 0.9059405125 0.398004890625 0.873427665625 0.38805541250000003 0.8322230078124999 0.3744675875 0.7695196578125 0.3552793078125 0.727595103125 0.34949493593750003 0.696888575 0.336379896875 0.6666437078125 0.330255678125 0.648051346875 0.325348909375 0.6373493484375 0.33655581093750003 0.6321202296874999 0.368616228125 0.6176289078125 0.3962766453125
3 0.318493425 0.37929833749999997 0.3124904859375 0.388812009375 0.3420834109375 0.3988464484375 0.404229959375 0.41649442968750006 0.48541694062499996 0.446818646875 0.5283055921875001 0.4642487234375 0.53888526875 0.4600496328125 0.5455265578125 0.4474043859375 0.4780833765625 0.4322452734375 0.41719993750000006 0.40911278749999996 0.36614909375 0.39114195625 0.318493425 0.37929833749999997
3 0.5279531046875 0.41756395625 0.5489221765625001 0.42006681874999996 0.557383375 0.40347736406249995 0.571955803125 0.4046098515625 0.5790859375 0.39739813125 0.569918875 0.3875476109375 0.5735451031250001 0.3804378453125 0.582563103125 0.365388690625 0.5803766703125001 0.3568915546875 0.536890440625 0.340257115625 0.5342690859375 0.356676646875 0.5435720625 0.358740709375 0.5497376546875 0.3733480671875 0.5401356703125 0.3884142140625 0.5233904 0.378005946875 0.5118869578125 0.40168817343749996 0.5293657140625 0.4035143453125 0.5279531046875 0.41756395625
1 0.1664110703125 0.5315910578125 0.44741452812500004 0.6510477546875 0.5265396078125 0.49854312500000003 0.25694401093749997 0.39431949843749997 0.1664110703125 0.5315910578125
1 0.5107702609375 0.6328610343750001 0.91981491875 0.80696089375 0.9457303453125 0.5929662234374999 0.5716563515625 0.455204840625 0.5107702609375 0.6328610343750001
1 0.3629998875 0.270604778125 0.5981952109375 0.33925158125 0.638993896875 0.2423396609375 0.422255021875 0.1863860859375 0.3629998875 0.270604778125
1 0.64692459375 0.289582175 0.956697265625 0.36928925625 0.9655670875 0.2624108671875 0.6903210421875 0.21438567968750002 0.64692459375 0.289582175
1 0.054641606249999995 0.3944365734375 0.37047508125 0.0694667921875 0.2546550765625 0.041371190625 0.056997303124999996 0.21119317343750002 0.054641606249999995 0.3944365734375
5 0.485972 0.739934 0.02854773985373029 0.025037103919208194