5 0.068914 0.405214 0.02109375 0.01484375
5 0.143133 0.430995 0.0203125 0.01875
5 0.229852 0.411464 0.0171875 0.021875
5 0.586883 0.330995 0.02109375 0.02265625
5 0.683758 0.305995 0.0203125 0.025
5 0.81032 0.275526 0.02421875 0.01875
5 0.80407 0.230214 0.01484375 0.01953125
2 0.774383 0.238807 0.01875 0.01953125
2 0.704852 0.250526 0.0234375 0.02421875
2 0.644695 0.27162 0.0171875 0.01640625
2 0.581414 0.286464 0.02109375 0.015625
2 0.290008 0.361464 0.01953125 0.01484375
2 0.234539 0.368495 0.021875 0.01328125
2 0.179852 0.383339 0.02421875 0.01484375
2 0.124383 0.395057 0.025 0.015625
2 0.843914 0.57787 0.01484375 0.01875
2 0.849383 0.611464 0.01796875 0.021875
2 0.859539 0.683339 0.0171875 0.021875
2 0.639227 0.62162 0.0125 0.015625
2 0.645477 0.642714 0.0140625 0.0140625
2 0.671258 0.723964 0.0125 0.01640625
2 0.467352 0.656776 0.0140625 0.01484375
2 0.475164 0.673182 0.0125 0.0125
2 0.506414 0.748964 0.01484375 0.01171875
2 0.336102 0.776307 0.01328125 0.02265625
2 0.298602 0.713807 0.0140625 0.0140625
2 0.282195 0.687245 0.01640625 0.01328125
2 0.357977 0.861464 0.01484375 0.01875
2 0.390008 0.908339 0.015625 0.01796875
2 0.400945 0.930995 0.01640625 0.01328125
2 0.428289 0.977089 0.01796875 0.01484375
2 0.58532 0.962245 0.0140625 0.01484375
2 0.559539 0.905995 0.01171875 0.0125
2 0.551727 0.891932 0.01796875 0.0140625
2 0.52282 0.825526 0.01328125 0.01640625
2 0.681414 0.797401 0.01328125 0.0171875
2 0.703289 0.86537 0.01484375 0.01640625
2 0.712664 0.885682 0.01875 0.01953125
2 0.731414 0.941151 0.01953125 0.01796875
2 0.895477 0.914589 0.01875 0.0171875
2 0.886102 0.863807 0.01171875 0.02265625
2 0.881414 0.838026 0.0109375 0.01796875
2 0.87282 0.777089 0.01640625 0.01640625
5 0.346258 0.641151 0.01328125 0.01640625
5 0.750164 0.566151 0.02109375 0.02265625
1 0.322726696875 0.420641021875 0.10123426875 0.46764446875 0.19159774375 0.6253848515625 0.404937075 0.5855514203125 0.322726696875 0.420641021875
1 0.7990033578125 0.314684096875 0.5442191234375 0.3688575625 0.5883817234375 0.5489046656250001 0.829577465625 0.515444584375 0.7990033578125 0.314684096875
2 0.840008 0.328651 0.01875 0.021875
1 0.6570036109374999 0.5600580265625 0.750764209375 0.9074055359375001 0.8900462578124999 0.8882854890624999 0.8200655203125 0.5250046078125 0.6570036109374999 0.5600580265625
1 0.30642050625 0.6365382109375 0.45181737499999997 0.9456456281250001 0.5720755343749999 0.9289155875 0.4375494578125 0.60148479375 0.30642050625 0.6365382109375
5 0.059539 0.445057 0.0234375 0.021875
4 0.542849775 0.7151860109375 0.5446151390625 0.7193260171875 0.5477045281249999 0.725536025 0.5552073296875 0.7307110328124999 0.5574140375 0.7338160375 0.5631514734375 0.73847354375 0.5675648859375 0.7436485515625 0.576833053125 0.7514110625 0.5838945140625 0.7545160671875 0.5936040218749999 0.7612435765625001 0.598017434375 0.763313578125 0.605961578125 0.7690060875 0.6112576734374999 0.77366359375 0.6156710859375 0.7778035984375 0.6222912046875 0.78297860625 0.6289113234375 0.7866011125 0.6320007125 0.7886711140625 0.6342074203125 0.7948811234375001 0.6390621734375 0.8010911328124999 0.6412688796875 0.807301140625 0.6434755859375 0.8145461515625 0.6492130234375 0.816098653125 0.65450911875 0.816098653125 0.6531850953125 0.80937114375 0.6483303406250001 0.80057363125 0.63994485625 0.789706115625 0.635972784375 0.7814261046875 0.6262632765625 0.77366359375 0.6072856015625 0.7596910734375 0.5997828000000001 0.7534810640625 0.5940453625 0.74778855625 0.5865425609375 0.7441660515625 0.5794811 0.740543546875 0.5728609812500001 0.7353685390625 0.5662408625 0.72967603125 0.560503425 0.725536025 0.5547659890625 0.7167385125 0.5463805046875 0.7043184953125 0.538877703125 0.705870996875 0.54064306875 0.7105285046875001 0.542849775 0.7151860109375
3 0.5366709968750001 0.7177735140625 0.4753245578125 0.576495815625 0.4642910265625 0.5801183203125 0.5234307578124999 0.7177735140625 0.5366709968750001 0.7177735140625
3 0.6602465546875 0.6918984781249999 0.61655376875 0.5583832890625 0.605961578125 0.5589007890625 0.6509783875 0.6918984781249999 0.6602465546875 0.6918984781249999
3 0.54946989375 0.80937114375 0.5949280453125 0.9108012875 0.604637553125 0.9082137828124999 0.5560900125 0.8057486390624999 0.5547659890625 0.7643485796875 0.54946989375 0.7395085453125 0.5397603859375 0.7493410593750001 0.54946989375 0.7798736015625 0.54946989375 0.80937114375
3 0.7083527546874999 0.8968287671875 0.7167382390625 0.8932062625 0.67790020625 0.7814261046875 0.6712800875 0.7332985359374999 0.6615705796875 0.7374385421875 0.6681906984375 0.78297860625 0.7083527546874999 0.8968287671875