1 0.6320882578125 0.7681513265625 0.5822717796875 0.5084167421875 0.4219170421875 0.5700392078125 0.460376553125 0.8026353328125 0.6320882578125 0.7681513265625
1 0.5489007328125 0.30628582656250003 0.5149224734375 0.07120617500000001 0.5078783453125 0.0715753421875 0.35558345 0.1792480140625 0.395998625 0.3810097640625 0.5489007328125 0.30628582656250003
1 0.3665773765625 0.267119709375 0.238277271875 0.342053425 0.257252371875 0.47822812499999995 0.3984717640625 0.41086247656249997 0.3665773765625 0.267119709375
1 0.18693113125 0.503650690625 0.1628040515625 0.3639982046875 0.0379211171875 0.441751065625 0.04918135625 0.57233361875 0.18693113125 0.503650690625
1 0.22399382499999998 0.8517519765625 0.208735421875 0.6846506078125 0.06710753124999999 0.7385456171875 0.08131292812499999 0.8854641000000001 0.22399382499999998 0.8517519765625
1 0.2884014390625 0.668482559375 0.3149492125 0.839489625 0.444579709375 0.80196409375 0.4251285109375 0.6290859953125 0.4006576234375 0.625121553125 0.2884014390625 0.668482559375
5 0.448692 0.117811 0.022638891832631992 0.0230214201718165
5 0.43138 0.202684 0.02635416887447395 0.01775738805964091
5 0.462933 0.034337 0.020967264427970277 0.019814533016686776
5 0.416413 0.042037 0.028697918874473947 0.017880218792335523
5 0.359309 0.550606 0.029779269237293703 0.0265149123699004
5 0.339364 0.649378 0.03061508293962447 0.02811835594746519
5 0.302898 0.610035 0.02420139183263199 0.023103307326946165
2 0.288675 0.671676 0.02897073738612832 0.02569271879233561
5 0.408893 0.09467 0.023365578130301046 0.02149986374938142
2 0.681807 0.451314 0.014526291469812236 0.014018234396167627
2 0.700048 0.460069 0.012291668874473949 0.017020403663473082
2 0.778593 0.498497 0.012881945916315996 0.01159259724103805
2 0.852521 0.516408 0.014553573320977708 0.014799484396167628
2 0.916839 0.549412 0.012291668874473994 0.01702040366347326
2 0.933436 0.555741 0.00983879146981228 0.013772572930778538
2 0.654969 0.620689 0.015334823320977709 0.014840427973732773
2 0.673937 0.627921 0.016170637023308565 0.016443871551297562
2 0.756115 0.658742 0.012264387023308565 0.01623915366347326
2 0.616777 0.82222 0.01681547776748147 0.012578565128862351
2 0.65296 0.831135 0.01996775961864685 0.013523589439121863
2 0.72678 0.845921 0.015225695916315996 0.011715427973732772
2 0.817896 0.864733 0.018377977767481467 0.01266045228399193
2 0.879188 0.878083 0.016006945916315997 0.011756371551297207
2 0.904297 0.882518 0.013799605172143136 0.01553979081860284
2 0.956995 0.895417 0.012936509618646851 0.01315509724103805
2 0.832305 0.674432 0.017061014427970277 0.01960981512886235
2 0.901792 0.699129 0.014389882213985138 0.010111984396167806
2 0.913702 0.705212 0.009893355172143136 0.015335072930778538
2 0.976103 0.727978 0.014553573320977708 0.014799484396167805
2 0.366777 0.809118 0.023120041469812235 0.014468613749381376
2 0.276095 0.735741 0.032467759618646855 0.014178686680159914
5 0.314123 0.775166 0.027080855172143183 0.016235831637205676
5 0.266303 0.767981 0.02169395072563951 0.01829297659425162
2 0.881866 0.351844 0.016034227767481424 0.012537621551297562
2 0.932176 0.385674 0.012963791469812237 0.013936347241038049
2 0.955351 0.401705 0.01687004146981228 0.014141065128862351
2 1.0 0.431464 0.022311509618646853 0.013646420171816586
2 0.989915 0.587554 0.012291668874473994 0.01702040366347326
2 0.386122 0.201872 0.02083085517214318 0.015908283016686807
2 0.377149 0.257549 0.017033732576804895 0.01882856512886235
2 0.797591 0.327932 0.018405259618646853 0.013441702283992107
2 0.732164 0.285512 0.020912700725639423 0.01825203301668683
2 0.702739 0.269154 0.01541666887447395 0.017184177973732596
5 0.753035 0.883169 0.026971727767481468 0.013110831637205677
5 0.868987 0.898603 0.03176835517214309 0.016481493102595123
4 0.1624944359375 0.6330511578125 0.1645418875 0.6465485156249999 0.19990521249999998 0.6196339859375 0.23401211875 0.5806127125 0.254360253125 0.5509049234375001 0.27593975312499996 0.534021225 0.2897736796875 0.5225556984375 0.27817313125 0.5181514140625 0.24961404375 0.54256124375 0.22681765468749998 0.5702492375 0.20636931875000003 0.6028264171875 0.18483992031250002 0.6182754218750001 0.1624944359375 0.6330511578125
3 0.41400457812499997 0.5955248890625 0.41272311406249995 0.5841354921875 0.28512489375 0.6316366109375 0.2846990375 0.6438315203125 0.41400457812499997 0.5955248890625
3 0.242201921875 0.6346021421875 0.23494678125 0.6500190984375 0.21792366406250002 0.6566395218750001 0.20362435781250002 0.657388915625 0.18091369531249998 0.65857913125 0.1348911609375 0.678175903125 0.0812984046875 0.6981694140625 0.0825297703125 0.71099350625 0.12085683124999999 0.695380209375 0.17358340156250002 0.676148128125 0.19995921249999998 0.6661734140625 0.240458975 0.6604707390625 0.2451406109375 0.6466207234375 0.242201921875 0.6346021421875
3 0.1181146484375 0.629648725 0.1183545765625 0.6468209859375 0.132829234375 0.6410501578125001 0.140574809375 0.6356319859374999 0.1408002625 0.6291758578125 0.151985528125 0.621429315625 0.171632253125 0.6118072578125 0.19043784218749998 0.60222928125 0.20687032656249998 0.5884794671875 0.218946828125 0.579254146875 0.21766536250000001 0.56786475 0.1995506078125 0.5817027296874999 0.1667858421875 0.60633296875 0.1439248765625 0.6118272703125001 0.13256425624999998 0.624595246875 0.11643237656250001 0.6297368890625 0.1181146484375 0.629648725
3 0.4044898859375 0.45926089687499994 0.399969128125 0.44446109062500005 0.26343349531250004 0.5074673296875 0.26632208125 0.5209206046875 0.4044898859375 0.45926089687499994
3 0.06996759531249999 0.6001616703125 0.17686629375000001 0.54557959375 0.229881603125 0.5435664890624999 0.23946081718749998 0.5262276734375 0.2068819640625 0.534057528125 0.17898561875000002 0.536284821875 0.0657134703125 0.5934968421875 0.06996759531249999 0.6001616703125