2 0.351097 0.358633 0.028293171642972938 0.029560866641249996
2 0.085385 0.379659 0.034643165592848746 0.04689383700597229
2 0.147158 0.503204 0.034634075233769226 0.04533133700597229
2 0.165644 0.54808 0.030636921642972936 0.029615418028020812
2 0.207355 0.62913 0.035324421642972934 0.02972452080156245
2 0.626233 0.328794 0.021466454722264317 0.06455346248093755
2 0.897327 0.322485 0.04039371672431687 0.09545862357510426
2 0.854326 0.46331 0.034779520979043 0.0703313370059723
2 0.383768 0.516444 0.026194861338122523 0.07169381525447918
2 0.611806 0.525979 0.02757100897699054 0.03969893284565984
2 0.595577 0.630248 0.033821008976990544 0.03984440321038196
2 0.58433 0.683628 0.03689601200205246 0.03132338839274311
2 0.584789 0.739079 0.028320442720211857 0.03424836664124999
2 0.805797 0.61442 0.021321008976990453 0.03955346248093754
2 0.842211 0.531552 0.03450226502711464 0.022675087005972296
2 0.407323 0.629943 0.022043171642972936 0.029415396276527873
2 0.428144 0.676327 0.02754828307929138 0.03579268284565984
2 0.439494 0.739336 0.019658515027114732 0.022329594889756877
2 0.296571 0.734851 0.033821008976990544 0.03984440321038196
2 0.761797 0.658407 0.027521012002052547 0.03110518284565984
2 0.734062 0.726231 0.025949421642972936 0.029506315254479176
1 0.387584934375 0.4708395078125 0.37411421875 0.306385709375 0.165479675 0.2945745921875 0.2009337046875 0.47345024843749994 0.387584934375 0.4708395078125
1 0.42157624531250004 0.756789596875 0.3858713078125 0.53478650625 0.22429183749999998 0.5449358921874999 0.31522564218750004 0.7598783359375 0.42157624531250004 0.756789596875
1 0.9063852406249999 0.3799793 0.698745103125 0.3598452109375 0.6134423265625 0.7543002328124999 0.7136403265625 0.769151540625 0.7246435609375 0.68872853125 0.7496586625 0.686528725 0.7912075062499999 0.6582843828125 0.9063852406249999 0.3799793
3 0.57293 0.494856 0.0588720477136226 0.3177336670780903
3 0.5658259046875 0.746153465625 0.579890434375 0.74178220625 0.581555846875 0.66476370625 0.5920536671875001 0.6527916515625 0.5967944453125 0.6200116984374999 0.611492484375 0.603438790625 0.646273025 0.405966821875 0.6187556062499999 0.3987482890625 0.5883447921875 0.6207547531250001 0.5714618890625001 0.6250604125 0.5694574671875 0.6438082125 0.5663391234375 0.713275115625 0.5658259046875 0.746153465625
5 0.521645 0.4484 0.021243740924813716 0.02627221248093754
5 0.472444 0.446421 0.02120737948849527 0.02002221248093754
2 0.488223 0.688208 0.014167039129415571 0.01829605832062491
2 0.528071 0.6865 0.014961924668035032 0.02065799211621524
4 0.46274348906249996 0.769157453125 0.42690686875 0.7747503546875001 0.38775376875 0.7624132625 0.3502983859375 0.765826153125 0.3031802734375 0.7647294671875 0.290408825 0.7780003343749999 0.29278324843750003 0.8180458734375 0.3212027515625 0.8258484671874999 0.341590759375 0.8334641234375001 0.38440463125 0.8308900671874999 0.41694970624999994 0.8116524249999999 0.43353566718750003 0.8098961328125001 0.4683512828125 0.812848809375 0.5052961671875 0.8137087109375001 0.5331760828125 0.8207846312499999 0.5497994390625001 0.8254562171875 0.5755584 0.8360533312499999 0.59543590625 0.8479417796875 0.612113278125 0.8618980765625001 0.636220234375 0.864601509375 0.65603956875 0.866491034375 0.6805656124999999 0.8492090843750001 0.6927102125 0.8202131578125 0.698479478125 0.799638190625 0.7107404203125001 0.7906401093750001 0.7117364937499999 0.777809278125 0.6549598125 0.7729172265625001 0.61373561875 0.772671834375 0.5607111234375 0.7685812265624999 0.5382187765625 0.7673435984375 0.4980737609375 0.7685515515625 0.46274348906249996 0.769157453125
1 0.3153966703125 0.9321160203125001 0.6939063140624999 0.9337848109375001 0.7118077125 0.8820712921875 0.29636565312499996 0.8816852265625 0.3153966703125 0.9321160203125001
5 0.704519 0.836278 0.01804147287263689 0.012918227298576567
5 0.652176 0.837497 0.01572499394987581 0.01755117591180557
5 0.59514 0.839605 0.01961760841125635 0.015298344889756876
5 0.543591 0.838462 0.013390334308955332 0.019059124525034575
5 0.491234 0.842024 0.017273858411256348 0.015243793502986236
5 0.437341 0.840935 0.013372153590796288 0.015934124525034576
5 0.33343 0.844134 0.012609084308955331 0.0190409407294446