2 0.276417 0.210381 0.02490071159934022 0.0234375
2 0.336815 0.245537 0.026531407759274296 0.02578125
2 0.370082 0.261162 0.021085389812585474 0.0265625
2 0.48227 0.304131 0.026326819279472245 0.01875
2 0.446537 0.311162 0.03264501543940614 0.02109375
2 0.445307 0.349444 0.021525659012915456 0.01484375
2 0.55829 0.419756 0.0193864974927175 0.021875
2 0.612575 0.4596 0.030278533386094875 0.0203125
2 0.783195 0.577569 0.043582515439406236 0.02109375
2 0.602901 0.825225 0.020304139812585654 0.0265625
2 0.457062 0.672881 0.024028533386094786 0.0203125
2 0.437675 0.651006 0.018537051332783605 0.01953125
2 0.467907 0.965069 0.027335389812585476 0.0265625
2 0.365196 0.818194 0.021571123119538172 0.01640625
2 0.344134 0.792412 0.023224551332783606 0.01953125
2 0.273051 0.685381 0.02101719365265158 0.02421875
2 0.218094 0.810381 0.024028533386094963 0.0203125
2 0.270776 0.902569 0.019318301332783606 0.01953125
2 0.223151 0.366631 0.02391487311953817 0.01640625
2 0.272467 0.423662 0.020145015439406146 0.02109375
2 0.286984 0.439287 0.01925010517284953 0.0171875
2 0.337686 0.543975 0.023088159012915454 0.01484375
2 0.140218 0.604131 0.020076819279472247 0.01875
2 0.162175 0.633819 0.020994461599340042 0.0234375
2 0.183951 0.657256 0.019363765439406322 0.02109375
2 0.298272 0.639287 0.012750052586424764 0.00859375
3 0.64795253125 0.6469997234375 0.4766407015625 0.866956334375 0.5146019296875 0.879658996875 0.555574965625 0.8194884953124999 0.6030018890625 0.751963821875 0.6465129984375 0.696473246875 0.6781244625 0.6516796515625 0.6638068953125 0.6229315234375 0.6673176265625 0.5941833953125 0.68398559375 0.5727894390625 0.7068351046875 0.553401165625 0.6927475453125 0.547384115625 0.6477682875 0.5614239000000001 0.6465690515625 0.541367065625 0.662633971875 0.5406985046874999 0.6810847703125 0.5193045484375001 0.67174608125 0.50325908125 0.651010103125 0.5112818140625001 0.6337036125 0.523984475 0.601375809375 0.562761021875 0.41995059843749993 0.7626607984375 0.428514590625 0.7746949 0.5759847953125 0.608223178125 0.6163158765625 0.57011519375 0.6324780640625 0.5661038265625 0.640053375 0.5814807328125 0.6462120359375 0.614908790625 0.64795253125 0.6469997234375
3 0.6375644968749999 0.483202246875 0.75146533125 0.367541171875 0.7365252640625 0.3601869984375 0.6639830984375 0.4330601625 0.6327996031249999 0.4631454125 0.6375644968749999 0.483202246875
4 0.8698667546875001 0.556743971875 0.878434175 0.538024259375 0.8574327125 0.493899225 0.8483080109375001 0.47049958593749996 0.83149470625 0.4049805953125 0.8198159078125 0.3468157765625 0.7836638203125 0.27193693125 0.7806268249999999 0.2231319671875 0.7634633656250001 0.1696470765625 0.7642220375 0.14357319375 0.733392128125 0.1308705328125 0.7277323890625 0.141567509375 0.7202120078124999 0.15493873281249998 0.718098475 0.16630427187500002 0.718620278125 0.1790069328125 0.73359239375 0.2465316078125 0.7408370015625 0.273274053125 0.7509503843750001 0.2933308859375 0.761083221875 0.312719159375 0.7758836875 0.355507071875 0.7836695546875 0.3942836171875 0.792619178125 0.42370030625000005 0.7987229124999999 0.42838023437499995 0.803468353125 0.44910562968749995 0.80373726875 0.47049958593749996 0.8162330984375 0.5005848375 0.8296787046875 0.5286644046875 0.836031896875 0.55540685 0.8698667546875001 0.556743971875
1 0.360439134375 0.7630357671875 0.62387280625 0.5014731703125 0.5426108265625 0.3260048453125 0.19775520156249998 0.5678887515625 0.360439134375 0.7630357671875
1 0.7142626 0.6638223671875 0.5288279499999999 0.949983328125 0.602855309375 0.998360109375 0.757579025 0.7531964203125 0.7142626 0.6638223671875
1 0.799748821875 0.4686753515625 0.69076380625 0.6072461312499999 0.7408068 0.6908805671875 0.8346293156250001 0.5473901140625 0.799748821875 0.4686753515625
1 0.6335297015625 0.4325977515625 0.7448640375 0.3260048453125 0.7071374109375 0.1948135734375 0.5445152578125 0.2981266984375 0.6181524796875 0.43505758906249997 0.6335297015625 0.4325977515625
1 0.064385 0.548662 0.022420569279472245 0.01875
1 0.071819 0.508819 0.028738765439406323 0.02109375
1 0.082887 0.4596 0.03103705133278325 0.01953125
1 0.098089 0.418194 0.030346729546028683 0.02265625
1 0.111341 0.363506 0.03130983597251955 0.02890625
1 0.127628 0.305694 0.0327359436526514 0.02421875
1 0.139159 0.245537 0.02581835391920819 0.028125
1 0.160618 0.177569 0.034366639812585566 0.0265625
1 0.84050975 0.1139823875 0.94736358125 0.5417150265624999 0.9832703593750001 0.457696115625 0.9143963734374999 0.0747008171875 0.84050975 0.1139823875