0 0.453142171875 0.5709274328125 0.3820604921875 0.424819365625 0.289702940625 0.45836802812500005 0.3378603046875 0.6188860046875 0.453142171875 0.5709274328125
0 0.58878299375 0.802387646875 0.4760007296875 0.58557275625 0.36544580781249997 0.64028289375 0.45261197343750004 0.882237553125 0.58878299375 0.802387646875
0 0.819420303125 0.6508492671874999 0.69022476875 0.48346394843749996 0.59409025625 0.5219058609375 0.721215678125 0.7257715015625 0.819420303125 0.6508492671874999
0 0.48978844062500004 0.38664729375 0.57155219375 0.5197208953125 0.6533127421875 0.4693217203125 0.5656131765625 0.355204403125 0.48978844062500004 0.38664729375
1 0.511230453125 0.592676321875 0.5004072046875 0.5933151703124999 0.5158256734375 0.6203969218750001 0.5212931703125 0.6387848140625 0.5294830671875 0.652782259375 0.539226825 0.6703789203125 0.5501660125 0.6929026 0.5588759171875 0.71270210625 0.5669829296875 0.7302606734375 0.5770954796875001 0.74608439375 0.5853268203125 0.7583012765625 0.5896092484375 0.7713170109374999 0.5912045515625 0.7731356671875 0.606502884375 0.7913069953125 0.6199365375 0.8192333093749999 0.618069884375 0.800929228125 0.594710175 0.7491666671874999 0.5754878437500001 0.7166518046875 0.565296603125 0.6901371000000001 0.5481585015625 0.6665783750000001 0.5317414578124999 0.626111940625 0.511230453125 0.592676321875
1 0.6382412093750001 0.8067432968749999 0.663165390625 0.7912896843749999 0.647102584375 0.76374755625 0.634557734375 0.7398503578125 0.6284148171874999 0.7223375062499999 0.6058111921875 0.7084499609375 0.579708359375 0.6619681296875 0.56455088125 0.6518169453125 0.55625318125 0.6565230093750001 0.572320184375 0.6698130328125 0.58455840625 0.6928123296875001 0.5953732640625 0.72067769375 0.6113201312500001 0.72505729375 0.6183622078125001 0.7461541234375 0.6382412093750001 0.8067432968749999
1 0.585754340625 0.55699885 0.683513103125 0.7191661203125 0.693816340625 0.7127252109375 0.5947274609375001 0.55141774375 0.585754340625 0.55699885
1 0.5219604515625 0.596043734375 0.51557504375 0.6030212140625 0.55722486875 0.6569910078125 0.5732711484374999 0.6711713109375 0.597981696875 0.7211837859375 0.6113097703125 0.7255024328124999 0.639929759375 0.8045556906250001 0.6632171953125 0.7890639828125 0.6271779453125 0.7191910484374999 0.6093602296875 0.710759471875 0.585107525 0.6692198984375 0.5304673390625 0.6104939390624999 0.5219604515625 0.596043734375
1 0.5552869296875 0.526057903125 0.485264421875 0.40842719687500006 0.4796047953125 0.41443669375000003 0.54005715 0.5120562609375 0.530791615625 0.522075978125 0.5349719890625 0.5365028015625 0.5552869296875 0.526057903125
0 0.2675681875 0.361736403125 0.5574177671875 0.2620348296875 0.5127220343750001 0.19889991875 0.23632479062499998 0.28117328124999996 0.2675681875 0.361736403125
0 0.5342606715434026 0.2860206865484727 0.016769925911805574 0.016006859707395814
