5 0.76547 0.625854 0.02734375 0.027661923337045202
5 0.743595 0.530014 0.04140625 0.02079430533895419
5 0.656877 0.173992 0.0328125 0.02303805800445442
5 0.64047 0.093714 0.02734375 0.03547442333704529
5 0.620939 0.008004 0.03671875 0.029333511338317957
5 0.66547 0.01608 0.021875 0.02994203866963623
5 0.695939 0.1251 0.0296875 0.024564195337363426
5 0.792814 0.751317 0.02734375 0.02453692333704538
2 0.676408 0.067515 0.0296875 0.019876695337363425
2 0.703752 0.179697 0.025 0.027634651336727066
2 0.801408 0.591061 0.03359375 0.038672148671227015
2 0.810002 0.651898 0.01875 0.024436926002545434
2 0.833439 0.71725 0.0296875 0.028470445337363516
2 0.381095 0.22642 0.028125 0.018296014003817973
2 0.355314 0.247814 0.02578125 0.011237492003499838
2 0.29672 0.287558 0.02265625 0.015107379336408933
2 0.210783 0.309652 0.0296875 0.015189195337363426
2 0.164689 0.340657 0.02265625 0.018232379336408932
2 0.138908 0.351113 0.02578125 0.014362492003499839
2 0.093595 0.378984 0.02109375 0.01587044800286357
2 0.268595 0.631635 0.01875 0.021311926002545434
2 0.20297 0.655055 0.01640625 0.016597154002227298
2 0.185783 0.659161 0.015625 0.016588063335454352
2 0.130314 0.680119 0.01328125 0.016560791335136216
2 0.294377 0.825085 0.0171875 0.020512494668999893
2 0.231095 0.832853 0.02109375 0.018214198002863568
2 0.20297 0.837086 0.02109375 0.014307948002863568
2 0.156095 0.845444 0.02734375 0.01672442333704538
2 0.449064 0.58891 0.021875 0.016660788669636162
2 0.430314 0.593816 0.0171875 0.01894999466899989
2 0.34672 0.618226 0.0296875 0.019095445337363515
2 0.379533 0.808469 0.02265625 0.02370112933640911
2 0.454533 0.795097 0.02265625 0.01901362933640911
2 0.488908 0.788447 0.02265625 0.01979487933640911
2 0.33254027656249996 0.8413546609375 0.46991757187500005 0.812790784375 0.44156987656249996 0.6457495265625 0.311824653125 0.6825931515625 0.33254027656249996 0.8413546609375
2 0.111210190625 0.882983328125 0.2485874859375 0.8516299359374999 0.2355039328125 0.7011481749999999 0.1090295984375 0.7388835765625 0.111210190625 0.882983328125
1 0.254038965625 0.3550322015625 0.2758448859375 0.4961140734375 0.354346196875 0.45335785 0.41213188437500003 0.4340886609375 0.37179093281250003 0.29601198281249996 0.254038965625 0.3550322015625
2 0.406877 0.41987 0.04453125 0.013799418006045273
2 0.247502 0.475631 0.0296875 0.016751695337363516
2 0.173283 0.505401 0.04375 0.0216028273392725
2 0.108439 0.533499 0.025 0.020603401336727244
1 0.06977894375 0.5608111140625 0.211517421875 0.5070908249999999 0.18862120625 0.37624987499999996 0.058875982812500005 0.446567721875 0.06977894375 0.5608111140625
1 0.418673659375 0.3958891203125 0.5778568749999999 0.3094214609375 0.5287935546875 0.1082171890625 0.3630685640625 0.2021996859375 0.418673659375 0.3958891203125
1 0.4928137875 0.82089291875 0.6672611453124999 0.7891081765625 0.5963919062499999 0.5416656640624999 0.4524728359375 0.5935516468750001 0.4928137875 0.82089291875