2 0.22883210723290598 0.7994928493003547 0.02197953912941557 0.01860524749271768
2 0.35598495969223404 0.7703856739901033 0.020403403590796197 0.016216033386094963
2 0.4199701916400572 0.7589684523616331 0.02277896984757497 0.02175297954602886
2 0.5392878182016863 0.7257277065182682 0.011814198770336048 0.01674723079967002
2 0.7117122640451561 0.6909077403000745 0.01807783430895533 0.01927283722616089
2 0.7655503363520589 0.680757501978557 0.018836358411256526 0.015389319279472246
2 0.8233037490180413 0.6722834239235962 0.021974993949875808 0.017823997492717503
2 0.8810389809658646 0.6606843458686354 0.021974993949875808 0.01782399749271768
5 0.3175082669720222 0.7356780533778476 0.02511362948849527 0.020258675705962757
5 0.41814407122674835 0.7136104882550105 0.029042605386194253 0.02427858597251955
5 0.7715776225546083 0.6426581084050478 0.02050339754067192 0.03340353338609496
5 0.8566156978865731 0.6248234022159839 0.018881810206654137 0.023201819279472246
5 0.2031093109375 0.668411496875 0.45818139531249996 0.6130297140625001 0.4070177140625 0.4637227234375 0.1733884234375 0.4998150828125 0.2031093109375 0.668411496875
5 0.48790650312499995 0.22098904218749998 0.63406585 0.19460593125 0.5582151921875 0.06832345625 0.4185263828125 0.08417226875 0.48790650312499995 0.22098904218749998
5 0.71295305625 0.39373705625 0.647595196875 0.27465296875 0.5046711171875 0.29576893125 0.5675049390625 0.4300975328125 0.71295305625 0.39373705625
2 0.26849144564707805 0.09764084428578981 0.018109650565734013 0.024741587226160842
2 0.28836812929210354 0.1575841456185733 0.018046018052176826 0.013804087226160843
2 0.29469994252382004 0.17182850204506406 0.01493010841125635 0.015275659012915454
2 0.316979463502863 0.2419962495377816 0.01651987948849527 0.02000862311953817
2 0.12568684299135827 0.25595814647650317 0.017301129488495225 0.02003135517284953
2 0.11676584006449202 0.19945809389007838 0.020435219847574838 0.021684783386094874
2 0.5682914577473264 0.07199495275734459 0.019653969847574792 0.021662051332783518
2 0.596666442622016 0.11578205667655284 0.01651987948849527 0.02000862311953817
2 0.6092937076491306 0.1380207695295343 0.01961760841125635 0.015412051332783516
2 0.6408573250373774 0.19283630166198792 0.01573862948849527 0.019985891066226814
2 0.48835501463433123 0.2954120692129652 0.015738629488495092 0.019985891066226814
2 0.6608612737095175 0.27465460299477146 0.01884544877033605 0.016951819279472157
2 0.6987248880727022 0.3382457415537158 0.018105105386194253 0.023960337226160887
2 0.7184424904338343 0.3708452928864993 0.014157948770336048 0.016815426959604095
2 0.5349941861791082 0.39050326035833427 0.020430674668035033 0.020903533386094787
2 0.526286806690613 0.3707219577719095 0.018091469847574794 0.021616587226160888
2 0.3291345507386847 0.3173372303374517 0.01808692466803503 0.020835337226160888
2 0.3545981590517452 0.39775215604341463 0.02196590359079611 0.016261497492717592
2 0.36096633371978026 0.41824651246990535 0.02353749394987581 0.01786946159934022
2 0.15731461377400952 0.4560634465556454 0.018082379488495226 0.020054087226160887
2 0.15163224033563852 0.4191855721824661 0.01731021984757484 0.02159385517284953
2 0.1379419241770557 0.34848662727617324 0.01807783430895542 0.0192728372261608
1 0.352123284375 0.459061865625 0.3147322328125 0.3193463921875 0.1522049109375 0.339126059375 0.1804855125 0.4847036296875 0.2385661890625 0.4756710359375 0.24568110625 0.46362369374999995 0.2548316625 0.46465584531250004 0.273163975 0.472082340625 0.352123284375 0.459061865625
1 0.30513155625 0.24094546249999998 0.25923432968750004 0.0986847890625 0.1156302171875 0.11518557812500001 0.13997769375 0.25835101250000003 0.30513155625 0.24094546249999998
3 0.4538595109375 0.2069781125 0.40620295000000006 0.09913165 0.39446596093749997 0.102619628125 0.4434603015625 0.2158663 0.44634532812499994 0.2626700140625 0.46272667343749996 0.27157153749999996 0.4606954890625 0.259258071875 0.45860636875000005 0.236986246875 0.4538595109375 0.2069781125
3 0.326268675 0.2813871765625 0.353053684375 0.282166540625 0.3530046609375 0.2737402375 0.3392543125 0.267978859375 0.334453975 0.2287783953125 0.2946191046875 0.1180959296875 0.2887662078125 0.1225210140625 0.3167036515625 0.20911446875 0.3253257015625 0.23157638125000002 0.3281483328125 0.26765570781250003 0.326268675 0.2813871765625
3 0.387369903125 0.45472615312500003 0.3977646546875 0.44507193906250003 0.35392089375 0.31895487031249997 0.3428461109375 0.32399391093749996 0.362067915625 0.37203887343750003 0.36996536562500004 0.3822253375 0.377396703125 0.42456594843750006 0.387369903125 0.45472615312500003
3 0.4675136421875 0.3084739203125 0.527080996875 0.442707478125 0.5407600390625 0.436212415625 0.4779128484375 0.2995857328125 0.4675136421875 0.3084739203125
4 0.43342653750000004 0.2875687453125 0.44400400937500006 0.3093216546875 0.4610163640625 0.3144120515625 0.47207777812499996 0.307074928125 0.4530208671875 0.2873729828125 0.4372393359375 0.2692981375 0.3998813109375 0.2475318890625 0.367709521875 0.2190234625 0.354460940625 0.1872361578125 0.35132371875 0.2093559109375 0.36453664531249996 0.235014996875 0.38684219375 0.251747875 0.4150541171875 0.273248 0.43342653750000004 0.2875687453125
4 0.3491588359375 0.1740616203125 0.36556246406250004 0.18679328125 0.37021573281250003 0.20071483906249998 0.37490465624999997 0.220764615625 0.386073028125 0.2318121515625 0.3946371421875 0.24431570625000001 0.41103185781249996 0.2555153140625 0.4234845328125 0.26277072968750004 0.42605313906250003 0.255186490625 0.40896947656249993 0.23783965468749999 0.3931567484375 0.21440261718750003 0.3884901078125 0.1981829765625 0.367321796875 0.1523790703125 0.344461 0.1524797859375 0.3491588359375 0.1740616203125
1 0.9012681390624999 0.540141665625 0.8056760828125 0.3887760421875 0.594263209375 0.42628073281249995 0.665047959375 0.5799881265625 0.9012681390624999 0.540141665625
2 0.15797873086766873 0.704478214502334 0.01807783430895542 0.01927283722616089
5 0.1219492855151783 0.4191030041566351 0.023582945745273864 0.02568196159934022
5 0.10341693325224202 0.3217051669304743 0.014971015027114643 0.022306909012915453
5 0.09271526170746495 0.22765965023742685 0.013408515027114643 0.022261444906292827
5 0.09255618042357164 0.20031590023742685 0.010238063231716565 0.014358016693047393
2 0.1006772317514315 0.11931595282385159 0.01181419877033597 0.01674723079967011
2 0.11113346360105888 0.171173969516899 0.016492608411256347 0.015321123119538172
2 0.4746419725780493 0.22080687430667237 0.01336306323171641 0.014448944906292737
2 0.44534483713762574 0.15277828833415277 0.014916472872636888 0.012931909012915455
2 0.4390175690854491 0.13931518190766207 0.014139768052176649 0.013690426959604141
2 0.411342020979043 0.08148831004176513 0.01493919877033605 0.016838159012915455
2 0.29592870364210977 0.78582280588513 0.022043171642972936 0.029542747492717503
5 0.19110484825591553 0.7593392107414104 0.02986476200205255 0.03133256802583091
2 0.18694406820168624 0.7154755504748537 0.023605671642972937 0.02958821159934022
2 0.46208899306611306 0.6141249652937569 0.008652837334017605 0.010406302586424766
5 0.25035154146710664 0.4704873108996949 0.03220851200205255 0.031400764185764984
5 0.6585225897699044 0.4097199247815261 0.025972147540671918 0.03356265775927429
5 0.9393054780389984 0.606139249866986 0.022034081283893413 0.027980247492717502
5 0.9317520532727673 0.6504431793338725 0.0220658975406721 0.0334489974927175
5 0.463674218963812 0.6180766794003796 0.0063227228726368875 0.012681856426490867