6 0.265735 0.804783 0.027162565254479177 0.02686358893530496
2 0.318877 0.835399 0.026308580072118205 0.023706755437207506
2 0.231378 0.77184 0.020876197663298603 0.025046420950527094
2 0.25171 0.703108 0.026308580072118025 0.023706755437207506
2 0.264066 0.641724 0.026363131458888845 0.026050505437207504
5 0.437441 0.134354 0.022329594889756877 0.02042258794672147
5 0.415164 0.219556 0.025400043502986237 0.018206171939110227
5 0.325586 0.580679 0.027144381458888846 0.026082338935304605
5 0.301493 0.676883 0.02705346248093754 0.022176088935304605
2 0.401976 0.115505 0.015389263867708359 0.024042336463846726
2 0.371287 0.226808 0.02634494766329869 0.025269255437207504
2 0.362947 0.283344 0.01922277868534721 0.021076503954332713
2 0.279602 0.57787 0.021675631458888844 0.025859504448624372
2 0.568859 0.825993 0.019150043502986235 0.017951503954332537
2 0.603924 0.828467 0.019931293502986235 0.01798333745242999
2 0.675472 0.839601 0.02222049211621524 0.015735087946721647
2 0.617337 0.621086 0.017696646276527873 0.022575336958138337
2 0.636759 0.624977 0.01689721248093754 0.021762253460041237
2 0.715846 0.647512 0.015243793502986058 0.017792336463846682
2 0.654186 0.446311 0.019894925911805573 0.016420837452429993
2 0.668793 0.455863 0.01924096248093754 0.021857753954332714
2 0.750788 0.487644 0.012191528685347208 0.020790002471457923
2 0.772757 0.315037 0.019186411094166723 0.019514003954332716
2 0.716707 0.275174 0.016679006933854178 0.012387253460041148
2 0.688147 0.261508 0.016006859707395904 0.01704291996194396
5 0.642906 0.327353 0.02073072729857639 0.018796420950527092
2 0.819247 0.497343 0.020040396276527872 0.022670837452429992
2 0.883363 0.525951 0.019222778685347254 0.021076503954332713
2 0.901168 0.53225 0.017696646276527783 0.022575336958138337
2 0.91071 0.357027 0.013663109707395815 0.016947419467652304
2 0.86062 0.329409 0.016806293502986146 0.01785600346004106
2 0.933747 0.37326 0.018423344889756964 0.020263420456235436
2 0.977624 0.39957 0.02630858007211807 0.023706755437207506
2 0.957672 0.552582 0.013045513867708358 0.023946835969555026
3 0.451687434375 0.62309409375 0.3219207328125 0.661762121875 0.329403234375 0.671353409375 0.4562490515625 0.6319472703125 0.451687434375 0.62309409375
3 0.2228215609375 0.6769160296875001 0.12265858437499999 0.70874210625 0.1272923171875 0.7206936875000001 0.2369589859375 0.6917312296875 0.263641825 0.6841511671875 0.2597924015625 0.6747079171875 0.2228215609375 0.6769160296875001
4 0.312972515625 0.558008946875 0.30771313125 0.550365525 0.2649816078125 0.585769940625 0.226955934375 0.6362243421875 0.1918854453125 0.6577017781250001 0.20002244687499998 0.6642242671874999 0.244409125 0.6375545984375 0.27823376093749996 0.5937390421875001 0.312972515625 0.558008946875
3 0.42909763593749994 0.49464043125 0.42739921093750005 0.4840466421875 0.2956978578125 0.5331604249999999 0.3011303234375 0.548240015625 0.42909763593749994 0.49464043125
3 0.1572531078125 0.6668152015625 0.1760152953125 0.6620078640625 0.178590021875 0.64787363125 0.1942726703125 0.63551169375 0.2123515140625 0.6325337921874999 0.233134890625 0.6209987859375 0.2587016890625 0.59665773125 0.2519313796875 0.586476371875 0.2412340765625 0.5947077953125001 0.22286131406249998 0.6162465171875 0.20328597187500003 0.6173061625 0.1876610171875 0.6321468234375 0.1631436 0.6391960265625001 0.156935796875 0.6531822218750001 0.1572531078125 0.6668152015625
3 0.45121498437499996 0.6651731796875 0.3271458203125 0.6991206203125 0.3627082765625 0.854723884375 0.493677559375 0.8365349328124999 0.4914977125 0.8364461109375 0.45121498437499996 0.6651731796875
3 0.27027845 0.8757213859374999 0.2496431796875 0.7064872140625 0.11044490468749998 0.7453900296875 0.134834090625 0.888775246875 0.27027845 0.8757213859374999
2 0.792118 0.656892 0.02614492591180557 0.016675505437207506
2 0.860322 0.677528 0.01604322729857639 0.01860541996194378
2 0.878218 0.679921 0.016860844889756966 0.020199753460041058
2 0.933214 0.697973 0.019131859707395858 0.017170253954332713
2 0.904378 0.863836 0.018314242116215285 0.015575920456235792
2 0.851398 0.85975 0.015915940729444467 0.013136669961943782
2 0.82807 0.856018 0.015952308320624997 0.014699169961944137
2 0.767423 0.846001 0.019204594889756964 0.020295253954332536
1 0.5682545796875 0.36039558125000004 0.5065160328125 0.14057821718750002 0.3705504984375 0.224806559375 0.42884892499999994 0.42157730156250006 0.5682545796875 0.36039558125000004
1 0.6822225265624999 0.828121128125 0.6108847796875 0.5701479421875 0.4557586609375 0.6108781203125 0.515037865625 0.8497871625 0.6822225265624999 0.828121128125
1 0.605504 0.861184 0.03401197729857639 0.01933759041817922
1 0.536736 0.864767 0.024618793502986236 0.018174338441013304
1 0.69731 0.873834 0.0324131097073959 0.017711423421985017