2 0.32088004829677563 0.8129032707230657 0.02490071159934022 0.024424338441013306
2 0.37923210589776535 0.7753276748676787 0.026531407759274296 0.026831755437207505
2 0.4115899648315384 0.7583656679475965 0.021085389812585474 0.027390170950527093
2 0.5212772018994147 0.7108765612177947 0.026326819279472245 0.019800505437207506
2 0.48513511341961274 0.7053096521302658 0.03264501543940632 0.022398923421985018
2 0.48167749280735705 0.6671239026245572 0.021525659012915456 0.015703254448624193
2 0.5905691080093364 0.5922910458947556 0.01938649749271768 0.022639003954332715
2 0.642534773290458 0.5502826180241461 0.030278533386094965 0.021522172927693362
2 0.8062897332404455 0.4255014994313463 0.04358251543940632 0.022844592395345843
2 0.6115836723407506 0.18548528897467328 0.020304139812585654 0.027358337452429903
2 0.47461017273646194 0.3435909021302657 0.024028533386094963 0.02126750494291585
2 0.4564966702291796 0.36622990608459843 0.018537051332783605 0.020263420456235526
2 0.46845213479802067 0.05130790163597414 0.027335389812585476 0.02764483893530465
2 0.37428826082055267 0.2021939223962208 0.021571123119538172 0.01726575444862428
2 0.35472591857982694 0.2288028433467479 0.023224551332783516 0.02045442144481866
2 0.28987145988348056 0.3386036076812039 0.02101719365265158 0.025046420950527094
2 0.22764058135366608 0.21599112003849363 0.024028533386094876 0.02126750494291585
2 0.2749581990629279 0.1217662761602731 0.019318301332783516 0.020295253954332716
2 0.2585211376345075 0.6590089495822581 0.02391487311953817 0.01736125494291585
2 0.3045179477427797 0.6000358561983292 0.020145015439406146 0.02188958745242999
2 0.3181258066765529 0.5838378532325796 0.01925010517284953 0.017951503954332714
2 0.3627359615328332 0.47720850984865065 0.023088159012915454 0.015766921444818748
2 0.16176684342786 0.42516980186343556 0.020076819279472156 0.019545837452429993
2 0.18199677540202905 0.3946227974148114 0.02099446159934022 0.024265170950527094
2 0.20240856380268885 0.37032579296618706 0.019363765439406166 0.021857753954332714
2 0.3177751510288497 0.38361501874589926 0.012750052586424764 0.009103085969555114
3 0.343492959375 0.3394225328125 0.5020046203125 0.11274628281250001 0.4633041734375 0.1016054828125 0.42583270312500004 0.16337416875 0.3823353140625 0.23275128281250002 0.34205342656250004 0.289949009375 0.313048684375 0.33597756562500003 0.3290392203125 0.36410821250000003 0.3272014609375 0.3929653078125 0.31177849375 0.4150130671875 0.2900572640625 0.43530939999999996 0.3044949796875 0.44074529218749997 0.34865720625 0.4248893890625 0.3510236296875 0.444873578125 0.33499761562499997 0.4461959421875 0.3177918203125 0.4683163453125 0.328064259375 0.4839622671875 0.3483333625 0.47510412031250004 0.364900634375 0.461711334375 0.394971871875 0.421663503125 0.5647641046875 0.21460822031250001 0.5554998 0.20293734218749998 0.4177172578125 0.37522064374999997 0.37960383593749997 0.41492681249999996 0.36367508593750003 0.4195919828125 0.35520493124999997 0.40454197656249996 0.3471009546875 0.3714044984375 0.343492959375 0.3394225328125
3 0.36341303125 0.5026025296875 0.256242984375 0.622767578125 0.2716110203125 0.629504271875 0.3399124015625 0.5537616390625 0.369345115625 0.5224414296875 0.36341303125 0.5026025296875
4 0.1268310828125 0.4386135875 0.11935303906250001 0.45766020156250004 0.142922315625 0.5008771765625 0.15340873906250002 0.5238772703125 0.17403485937500002 0.588633490625 0.1890985046875 0.6462534734375 0.2296080953125 0.7195704562499999 0.23548524999999998 0.768193809375 0.2557612125 0.8209159296875 0.256519884375 0.8469898125 0.2880890125 0.8584211906249999 0.2931262515625 0.8475062796874999 0.29986850781249996 0.8338444781250001 0.301320634375 0.82240629375 0.300059609375 0.8097399546874999 0.281157959375 0.7429054046875 0.27235710156250004 0.7164898609375 0.2610765296875 0.6968688968750001 0.24981540937500002 0.6779164921875 0.23252494218750003 0.6357823812500001 0.22248251093750002 0.5973690609375 0.211821009375 0.5683519171875 0.20544493125000002 0.5639262453125 0.199493396875 0.543418784375 0.19797948125 0.5220611515625 0.18373286718749998 0.49252073437500005 0.16865319843749998 0.46502232499999996 0.160743753125 0.438570459375 0.1268310828125 0.4386135875
1 0.624253746875 0.2118087890625 0.3760414640625 0.48379537343749995 0.4675146578125 0.6557444890624999 0.7982940765625 0.4000955734375 0.624253746875 0.2118087890625
1 0.3606729234375 0 0.227686446875 0.23781868125 0.2762039125 0.3253217625 0.44498569374999997 0.0319441953125 0.3908022453125 0 0.3606729234375 0
1 0.2020740875 0.52372070625 0.30299510625 0.38087341874999997 0.248085084375 0.2993772359375 0.1626128625 0.4465205390625 0.2020740875 0.52372070625
1 0.3703927078125 0.552982621875 0.265261446875 0.6639856765625 0.3106226265625 0.7934841640625 0.4672325671875 0.6836671828124999 0.3856267828125 0.5498991265625001 0.3703927078125 0.552982621875
1 0.08916206921296517 0.48366273418266925 0.02242056927947216 0.01964133794672147
1 0.09891515393184354 0.5231563157036001 0.028738765439406188 0.022239755931498982
1 0.11284727329045799 0.5718657297340449 0.031037051332783516 0.02077275642579064
1 0.13045832211595904 0.6126034762740039 0.03034672954602886 0.02386592292769336
1 0.14689331584775286 0.6666861398101571 0.03130983597251964 0.03014775642579064
1 0.1665442377927921 0.7237664693539216 0.032735943652651575 0.025523923421985017
1 0.18157585589776531 0.7833815498862693 0.02581835391920828 0.029143671939110403
1 0.20699104453585196 0.8503952949433533 0.034366639812585566 0.02793134041817922
1 0.18195418125 0.879654021875 0.050208853124999994 0.45678246875 0.019191475 0.5421648546875 0.11035351093750001 0.9218996687500001 0.18195418125 0.879654021875