5 0.221437 0.722244 0.02734375 0.027661923337045202
5 0.243311 0.626405 0.04140625 0.02079430533895419
5 0.33003 0.270382 0.0328125 0.02303805800445442
5 0.346437 0.190104 0.02734375 0.03547442333704529
5 0.365968 0.104394 0.03671875 0.029333511338317957
5 0.321436 0.11247 0.021875 0.02994203866963623
5 0.290968 0.22149 0.0296875 0.024564195337363426
5 0.194093 0.847707 0.02734375 0.02453692333704538
2 0.310499 0.163905 0.0296875 0.019876695337363425
2 0.283155 0.276087 0.025 0.027634651336727066
2 0.185499 0.687451 0.03359375 0.038672148671227015
2 0.176905 0.748288 0.01875 0.024436926002545434
2 0.153468 0.81364 0.0296875 0.028470445337363516
2 0.605812 0.32281 0.028125 0.018296014003817973
2 0.631593 0.344204 0.02578125 0.011237492003499838
2 0.690187 0.383948 0.02265625 0.015107379336408933
2 0.776124 0.406042 0.0296875 0.015189195337363426
2 0.822218 0.437047 0.02265625 0.018232379336408932
2 0.847999 0.447503 0.02578125 0.014362492003499839
2 0.893311 0.475374 0.02109375 0.01587044800286357
2 0.718311 0.728025 0.01875 0.021311926002545434
2 0.783937 0.751445 0.01640625 0.016597154002227298
2 0.801124 0.755551 0.015625 0.016588063335454352
2 0.856593 0.776509 0.01328125 0.016560791335136216
2 0.69253 0.921475 0.0171875 0.020512494668999893
2 0.755812 0.929243 0.02109375 0.018214198002863568
2 0.783937 0.933477 0.02109375 0.014307948002863568
2 0.830811 0.941834 0.02734375 0.01672442333704538
2 0.537843 0.6853 0.021875 0.016660788669636162
2 0.556593 0.690206 0.0171875 0.01894999466899989
2 0.640186 0.714616 0.0296875 0.019095445337363515
2 0.607374 0.90486 0.02265625 0.02370112933640911
2 0.532374 0.891487 0.02265625 0.01901362933640911
2 0.497999 0.884837 0.02265625 0.01979487933640911
2 0.33254027656249996 0.8413546609375 0.46991757187500005 0.812790784375 0.44156987656249996 0.6457495265625 0.311824653125 0.6825931515625 0.33254027656249996 0.8413546609375
2 0.111210190625 0.882983328125 0.2485874859375 0.8516299359374999 0.2355039328125 0.7011481749999999 0.1090295984375 0.7388835765625 0.111210190625 0.882983328125
1 0.254038965625 0.3550322015625 0.2758448859375 0.4961140734375 0.354346196875 0.45335785 0.41213188437500003 0.4340886609375 0.37179093281250003 0.29601198281249996 0.254038965625 0.3550322015625
2 0.58003 0.51626 0.04453125 0.013799418006045273
2 0.739405 0.572021 0.0296875 0.016751695337363516
2 0.813624 0.601791 0.04375 0.0216028273392725
2 0.878468 0.629889 0.025 0.020603401336727244
1 0.06977894375 0.5608111140625 0.211517421875 0.5070908249999999 0.18862120625 0.37624987499999996 0.058875982812500005 0.446567721875 0.06977894375 0.5608111140625
1 0.418673659375 0.3958891203125 0.5778568749999999 0.3094214609375 0.5287935546875 0.1082171890625 0.3630685640625 0.2021996859375 0.418673659375 0.3958891203125
1 0.4928137875 0.82089291875 0.6672611453124999 0.7891081765625 0.5963919062499999 0.5416656640624999 0.4524728359375 0.5935516468750001 0.4928137875 0.82089291875