2 0.339103 0.257533 0.033021585335772485 0.019879860495108835
2 0.359413 0.0 0.04643010467059074 0.03159090521931955
2 0.48197 0.05584 0.0338755606699543 0.02617536312594475
2 0.522186 0.090192 0.03155908267027261 0.028382605233436962
2 0.604645 0.131688 0.026844310669954387 0.025765839448421434
2 0.487913 0.29821 0.022138629336408932 0.02393032366340595
2 0.514539 0.305225 0.022156810669954296 0.02549282366340595
2 0.664258 0.356885 0.04012556066995439 0.026539384172632196
2 0.647441 0.186489 0.018314195337363514 0.030734060509226245
2 0.671052 0.202698 0.018305104670590745 0.029952810509226248
2 0.716619 0.227212 0.025363626670908877 0.032706084186749605
5 0.435842 0.38574 0.02290169800286357 0.02241332629424182
5 0.437187 0.434223 0.02680794800286357 0.022640839448421345
2 0.323618 0.805477 0.08320339867122702 0.03841702886860787
2 0.462117 0.765139 0.09884658000477256 0.04088958148532633
2 0.325887 0.530796 0.08940794533736351 0.034874799915295365
2 0.517157 0.530225 0.040071016669318026 0.021851884172632195
2 0.614695 0.525757 0.03143181333545444 0.017445105233436918
2 0.666903 0.517087 0.027498291335136305 0.014873842079257394
2 0.723888 0.516502 0.022847154002227123 0.01772582629424182
2 0.607693 0.729117 0.03379374466899989 0.019144113125944707
2 0.533084 0.758343 0.026789766669318028 0.021078339448421347
2 0.6478 0.686952 0.022983514003817974 0.02944457629424182
2 0.720937 0.665448 0.02283806333545444 0.01694457629424182
1 0.24702560624999997 0.3900470109375 0.6529036406250001 0.2788441765625 0.6266550078125 0.05108396093749999 0.246055759375 0.266431859375 0.24702560624999997 0.3900470109375
1 0.5194834015625001 0.7758853 0.706938353125 0.8092002140625001 0.691408009375 0.5916482828125 0.5254106593750001 0.576943284375 0.5194834015625001 0.7758853
1 0.23761634062499998 0.681268525 0.44497708906250005 0.7630732546875 0.4458323359375 0.58609175625 0.23903534375 0.5593196640625 0.23761634062499998 0.681268525
1 0.12062193750000001 0.6980125125 0.1241995671875 0.28706986562500003 0.0745028859375 0.315240321875 0.06909349687500001 0.676640459375 0.12062193750000001 0.6980125125
3 0.387704946875 0.5109412875 0.3286630890625 0.514380084375 0.26576466718749997 0.5388058906250001 0.6353541375 0.54526385 0.6311125046875 0.49586169843750005 0.387704946875 0.5109412875
3 0.613641446875 0.34161268906250003 0.6066325640625 0.32306394374999997 0.3555223890625 0.37921422968749996 0.35651710312499996 0.39721054843750003 0.2611800125 0.41540127968749996 0.2634532390625 0.42700414374999995 0.3744019421875 0.41241770312500003 0.3914707546875 0.3942720171875 0.613641446875 0.34161268906250003
4 0.201164465625 0.39903710625 0.18855801562500002 0.4476151203125 0.1744628296875 0.5206530875000001 0.179982975 0.5636617859374999 0.1794679296875 0.6079247062500001 0.1838462046875 0.6455836328125 0.17367064999999998 0.6922146375 0.177316990625 0.6892941265625 0.24355693125000002 0.688144225 0.235725359375 0.53333378125 0.24422682187500003 0.42361039062500006 0.24309930937500002 0.31354511406249996 0.223214534375 0.2632486453125 0.19061294374999999 0.2710151046875 0.180369065625 0.3235177234375 0.201164465625 0.39903710625
2 0.67476 0.454306 0.015770450668363623 0.01341005261671846
2 0.674315 0.416025 0.018141472668681758 0.015890310509226423
5 0.83152 0.641441 0.036955107336090795 0.022451123649288363
5 0.825451 0.58956 0.02446419800286348 0.022504331555913738
5 0.827931 0.534273 0.02598124466899989 0.018689086817585476
5 0.829629 0.478941 0.02602669800286348 0.022595336817585476
5 0.829829 0.428986 0.030023854670590745 0.03063534997176518
5 0.826821 0.371818 0.02761647000318166 0.02503009207925726
5 0.826384 0.267176 0.02134828866963625 0.0231035710325699