1 0.451687434375 0.62309409375 0.3219207328125 0.661762121875 0.329403234375 0.671353409375 0.4562490515625 0.6319472703125 0.451687434375 0.62309409375
1 0.2228215609375 0.6769160296875001 0.12265858437499999 0.70874210625 0.1272923171875 0.7206936875000001 0.2369589859375 0.6917312296875 0.263641825 0.6841511671875 0.2597924015625 0.6747079171875 0.2228215609375 0.6769160296875001
1 0.42909763593749994 0.49464043125 0.42739921093750005 0.4840466421875 0.2956978578125 0.5331604249999999 0.3011303234375 0.548240015625 0.42909763593749994 0.49464043125
1 0.1572531078125 0.6668152015625 0.1760152953125 0.6620078640625 0.178590021875 0.64787363125 0.1942726703125 0.63551169375 0.2123515140625 0.6325337921874999 0.233134890625 0.6209987859375 0.2587016890625 0.59665773125 0.2519313796875 0.586476371875 0.2412340765625 0.5947077953125001 0.22286131406249998 0.6162465171875 0.20328597187500003 0.6173061625 0.1876610171875 0.6321468234375 0.1631436 0.6391960265625001 0.156935796875 0.6531822218750001 0.1572531078125 0.6668152015625
1 0.45121498437499996 0.6651731796875 0.3271458203125 0.6991206203125 0.3627082765625 0.854723884375 0.493677559375 0.8365349328124999 0.4914977125 0.8364461109375 0.45121498437499996 0.6651731796875
1 0.27027845 0.8757213859374999 0.2496431796875 0.7064872140625 0.11044490468749998 0.7453900296875 0.134834090625 0.888775246875 0.27027845 0.8757213859374999
0 0.5682545796875 0.36039558125000004 0.5065160328125 0.14057821718750002 0.3705504984375 0.224806559375 0.42884892499999994 0.42157730156250006 0.5682545796875 0.36039558125000004
0 0.6822225265624999 0.828121128125 0.6108847796875 0.5701479421875 0.4557586609375 0.6108781203125 0.515037865625 0.8497871625 0.6822225265624999 0.828121128125
0 0.4338107552214243 0.8988711704934165 0.03401197729857639 0.01933759041817922
0 0.5025789390170147 0.9024537683259698 0.024618793502986236 0.018174338441013304
0 0.34200511492882024 0.9115210677179475 0.0324131097073959 0.017711423421985017
