1 0.31924201406249997 0.553743171875 0.4462198796875 0.8417905234375 0.5739887546875 0.7462463765625 0.4732461109375 0.4797338328125 0.31924201406249997 0.553743171875
1 0.784525346875 0.5907279812499999 0.733544146875 0.383786975 0.6420699921875 0.41827519999999996 0.6995759515625 0.6445485671875 0.784525346875 0.5907279812499999
1 0.50811535 0.42997866250000005 0.38316561718750003 0.054794445312499995 0.1685583078125 0.085544871875 0.3383324578125 0.48269656875000005 0.50811535 0.42997866250000005
1 0.7675354999999999 0.32180560156250004 0.70743644375 0.0571108875 0.5994070125000001 0.053724634375000004 0.6771217625 0.3606777109375 0.7675354999999999 0.32180560156250004
2 0.421565 0.452989 0.026090374525034578 0.013881315254479176
2 0.473615 0.304823 0.02861596248093754 0.021748366641249996
2 0.481427 0.271029 0.02703527868534721 0.02093074905006951
2 0.545341 0.095229 0.02632676386770836 0.02403756525447918
2 0.807078 0.12353 0.031904616641249994 0.028852351823611143
2 0.731573 0.305072 0.03174096248093754 0.021821101823611144
2 0.696454 0.374677 0.03095971248093754 0.021802918028020812
2 0.639626 0.519046 0.03557447729857639 0.01878702080156245
2 0.651873 0.608653 0.03557447729857639 0.01878702080156245
5 0.698057 0.577875 0.04102504350298615 0.018133057370694417
2 0.598333 0.726369 0.036337543502986146 0.01802395459715278
2 0.576004 0.774571 0.034048344889756964 0.020313153210381962
2 0.528405 0.878859 0.026926175911805572 0.01624324905006915
2 0.363995 0.766998 0.03328527868534721 0.02107621941479181
2 0.405871 0.651899 0.026944359707395903 0.01702449905006951
2 0.415591 0.632913 0.033194359707395905 0.01716996941479181
2 0.457195 0.506095 0.029506315254479176 0.026454050436840328
2 0.28986 0.402901 0.030850609707395903 0.01711541802802081
2 0.325776 0.266835 0.02000402868534721 0.020767094889756966
2 0.333806 0.242417 0.03179551386770836 0.024164851823611146
2 0.375573 0.089018 0.031704594889756875 0.02025860182361114
2 0.237292 0.092237 0.019113675911805572 0.01606141109416668
2 0.214838 0.202194 0.019131859707395903 0.016842661094166676
2 0.197124 0.247161 0.021621080072118028 0.02314721248093754
2 0.175251 0.348506 0.024746080072118204 0.0232199476632986
2 0.210463 0.417256 0.01931369766329869 0.02465516109416672
2 0.196638 0.494963 0.022184124525034755 0.013790396276527872
2 0.184175 0.530428 0.03165004350298624 0.017914851823611144
2 0.161775 0.609117 0.02703527868534721 0.02093074905006951
2 0.257289 0.682716 0.03555629350298624 0.01800577080156245
3 0.57293420625 0.092341303125 0.539079034375 0.0985280421875 0.6147685640625 0.3426614515625 0.539722209375 0.3705573109375 0.4507397828125 0.0982156046875 0.43557521250000003 0.1004781671875 0.5379113796875 0.3984140671875 0.62575809375 0.369944296875 0.645711928125 0.36169032031250004 0.57293420625 0.092341303125
3 0.569225596875 0.45145335624999994 0.53414775625 0.4602271578125 0.509648028125 0.464016125 0.5906338609375 0.680373903125 0.603616746875 0.6719576765624999 0.5360252156249999 0.47945135156249996 0.544198553125 0.47789790625000006 0.5734469890625 0.46986026406250003 0.5924418124999999 0.452865559375 0.5718737484374999 0.4375655421875 0.569225596875 0.45145335624999994
4 0.6331665281250001 0.45119791718749996 0.5869108375 0.39083613437500003 0.5740902015625 0.3922814125 0.5714826140625 0.40442649062499997 0.6145773296875 0.4507652484375 0.6256885453125001 0.47281988124999996 0.6331665281250001 0.45119791718749996
1 0.7270177234374999 1 0.9385786703125 0.7643225499999999 0.9124332796875001 0.6390407890625001 0.57747710625 0.9459790921875 0.6037552046875 1 0.7270177234374999 1
5 0.349135 0.90101 0.034048344889756874 0.020313153210381785
5 0.300406 0.856026 0.02705346248093754 0.021711999050069507
5 0.250115 0.811078 0.04095230832062491 0.015008057370694416
5 0.20551 0.775377 0.02705346248093754 0.021711999050069507
5 0.171007 0.737097 0.024691528685347207 0.020876197663298512
5 0.135923 0.707428 0.04102504350298597 0.018133057370694417
5 0.101638 0.678522 0.028725065254479175 0.026435866641249993
4 0.5877539125 0.8041082515625 0.6078699984375 0.7888833281250001 0.6291073468749999 0.7754281796875 0.641050096875 0.7617567000000001 0.648244140625 0.7523338953125001 0.6636115218749999 0.7413576453124999 0.6847677453125 0.7313879734375 0.7025399 0.71698033125 0.7120778765625 0.7067402421875 0.73329494375 0.6941564671875 0.7510265375 0.6814915625 0.7559172125 0.6711433046875 0.7818829859374999 0.6543108515625 0.7973720546874999 0.638106390625 0.819629259375 0.630777865625 0.8290861093749999 0.62402325 0.8109228187499999 0.605291840625 0.7993248515625 0.6041500546874999 0.777209615625 0.6053789984375 0.7572355 0.6145043421875 0.7476772421875 0.6256158015625 0.7215694984375001 0.6485478359375 0.7002915890625 0.6637457203125 0.6813373265625 0.6789976859375 0.6828844968750001 0.6624687234375 0.67533988125 0.637009740625 0.6755832578125001 0.6265533171875 0.6615805156250001 0.628842921875 0.6438692015624999 0.64063645625 0.6447876515625001 0.651119921875 0.6455032859375 0.670317075 0.645097659375 0.6877444484375 0.6446717515625 0.706043190625 0.631404928125 0.726658578125 0.6018725515625001 0.7468953796875 0.5687938609375001 0.769665165625 0.5226714375 0.8034652812499999 0.46097882187500006 0.856955334375 0.433891784375 0.8720180093750001 0.4092500859375 0.8819065546875 0.4425170984375 0.900989509375 0.463450228125 0.9006048921875 0.487990521875 0.8950731875000001 0.495468503125 0.8734512234375 0.5118963015625 0.866858859375 0.54621794375 0.8406306406249999 0.5616461687500001 0.8270402859375 0.5877539125 0.8041082515625