0 0.5203372171875 0.8490878984375 0.5642696109374999 0.6159475890625 0.4051563265625 0.55617329375 0.3492200109375 0.8165958078125 0.5203372171875 0.8490878984375
0 0.4432833609375 0.35357006874999997 0.59462928125 0.42653824374999993 0.63980044375 0.2242220421875 0.4898310875 0.118284596875 0.482786959375 0.117997571875 0.4432833609375 0.35357006874999997
0 0.5914567328125 0.4564320265625 0.7312773046875 0.5221753921875 0.7534522046875 0.3857234671875 0.6267432578125 0.3122580203125 0.5914567328125 0.4564320265625
0 0.9374074578125 0.6138885328125 0.9517276156250001 0.4831211625 0.8285057796874999 0.40679549843749996 0.8010914734375 0.5467868171875 0.9374074578125 0.6138885328125
0 0.8979320812499999 0.9275221281249999 0.9155820718750001 0.7803777578125 0.7750382671875 0.7281152984375 0.75586316875 0.8954630874999999 0.8979320812499999 0.9275221281249999
0 0.6956520140625 0.712871334375 0.5842700921875 0.6708040468750001 0.5596768078125 0.6750559828125 0.53616903125 0.8482318421875 0.6650826328125 0.8842583015625 0.6956520140625 0.712871334375
1 0.6999339859375 0.6881669859375 0.6997920859375 0.6759720765624999 0.57314595 0.62994221875 0.5715972328125 0.64135123125 0.6999339859375 0.6881669859375
1 0.8627739984374999 0.7378226546875 0.900783696875 0.7529945734375 0.9023157218750001 0.7401508640625 0.8491238437499999 0.72077528125 0.8035021859375 0.7017081640625 0.7807915234375 0.700782775 0.7664922171875 0.7002001234375 0.7496027265625 0.69377586875 0.742698353125 0.6784373796875001 0.7394757109375 0.6904951953125 0.743839984375 0.7042961671875 0.78425623125 0.709528040625 0.8104316031250001 0.71919869375 0.8627739984374999 0.7378226546875
1 0.7866358171875001 0.6250181203125 0.7688217203125001 0.61138611875 0.767273003125 0.62279513125 0.7791490671875 0.631883134375 0.7952808921875001 0.6454465890625001 0.8138860421875 0.6548087812500001 0.8333323296874999 0.6642052453125 0.8443505625000001 0.6718242796875 0.8444256859375001 0.6782804078125 0.8520543375 0.683610303125 0.8664120734375 0.6892143875000001 0.8670528796875001 0.6720323203125 0.8687351515625 0.6721008671875001 0.852703490625 0.6671455828124999 0.8416268265625 0.6545051156249999 0.8188660796875 0.6492756421875 0.7866358171875001 0.6250181203125
1 0.721200603125 0.56499124375 0.72440655 0.551498734375 0.58917376875 0.49006183906249995 0.5843022437500001 0.504920496875 0.721200603125 0.56499124375
1 0.7571573609375 0.5872206578125 0.8101905234375 0.5886152453125 0.9159466500000001 0.64197076875 0.92036145 0.6352535234375 0.8082854296875001 0.5793414390625 0.7804069375 0.5774391296875 0.7479709046874999 0.5699866765625 0.7571573609375 0.5872206578125