1 0.5203372171875 0.8490878984375 0.5642696109374999 0.6159475890625 0.4051563265625 0.55617329375 0.3492200109375 0.8165958078125 0.5203372171875 0.8490878984375
1 0.4432833609375 0.35357006874999997 0.59462928125 0.42653824374999993 0.63980044375 0.2242220421875 0.4898310875 0.118284596875 0.482786959375 0.117997571875 0.4432833609375 0.35357006874999997
1 0.5914567328125 0.4564320265625 0.7312773046875 0.5221753921875 0.7534522046875 0.3857234671875 0.6267432578125 0.3122580203125 0.5914567328125 0.4564320265625
1 0.9374074578125 0.6138885328125 0.9517276156250001 0.4831211625 0.8285057796874999 0.40679549843749996 0.8010914734375 0.5467868171875 0.9374074578125 0.6138885328125
1 0.8979320812499999 0.9275221281249999 0.9155820718750001 0.7803777578125 0.7750382671875 0.7281152984375 0.75586316875 0.8954630874999999 0.8979320812499999 0.9275221281249999
1 0.6956520140625 0.712871334375 0.5842700921875 0.6708040468750001 0.5596768078125 0.6750559828125 0.53616903125 0.8482318421875 0.6650826328125 0.8842583015625 0.6956520140625 0.712871334375
5 0.4056334766868172 0.1648954185162502 0.022129538669636205 0.02276633794672147
5 0.38632095003181666 0.2500052475657231 0.025972154002227122 0.017456755437207504
5 0.4218391846753633 0.0812207554743885 0.020530676002545434 0.019577670950527093
5 0.3750823633434086 0.08946699558855677 0.02831590400222712 0.01755225593149905
5 0.3060458407463146 0.598910979771226 0.029197151336727067 0.026177839429596263
5 0.283771946093223 0.6979559748283102 0.02999658267027261 0.02777217292769336
5 0.2481793440881323 0.6590234674139362 0.02369203866963625 0.02283000494291585
2 0.23250034742995013 0.7208549639538951 0.028406810669954385 0.025364755931499162
5 0.36632552868395374 0.1422099936113904 0.022892607336090796 0.02123567144481866
2 0.6312538313971789 0.49581113197585386 0.014217041335136215 0.01385425296574958
2 0.6493134880649061 0.5043558024320893 0.011909654002227299 0.016883752471457923
2 0.7270572274029059 0.5418823187437116 0.012627269334818081 0.011446835969555025
2 0.8006583594048149 0.5589371675648481 0.014226132001909165 0.014635502965749581
2 0.8642850547421783 0.591203180910721 0.011909654002227299 0.016883752471457923
2 0.8807549394095874 0.5973404343707621 0.009529541335136216 0.01366325197716627
2 0.600432187420405 0.6655678750557715 0.015007382001908987 0.014667336463846681
2 0.6192549127545869 0.6725818790101042 0.015806813335454528 0.016261669961943958
2 0.7008139954248594 0.7024550628122126 0.011900563335454351 0.016102502471457926
2 0.5574923514480856 0.8676277821661342 0.01654261000159085 0.012387253460041237
2 0.5935116674490402 0.8761233730786053 0.019676700668363623 0.013295837452429992
2 0.6670764367838583 0.8900532218997416 0.014971019334818082 0.01154233646384668
2 0.7578650687857673 0.9078084076790163 0.018105110001590853 0.012450920456235793
2 0.8189207474538126 0.9204476705305975 0.015752269334818082 0.011574169961944136
2 0.8439571101209035 0.9245913424697079 0.013453972668681757 0.01538491946765248
2 0.896419038788949 0.93688043684222 0.012645450668363622 0.013009335969555025
2 0.7767316054264504 0.7172616621276406 0.016624426002545434 0.019418503460041057
2 0.8457270534293138 0.7411567599601938 0.01417158800127254 0.00994800296574958
2 0.8575094380967228 0.7471030124316517 0.009547722668681757 0.015225751977166269
2 0.919455454766041 0.7691491087813302 0.014226132001908809 0.014635502965749581
2 0.3074923514480856 0.8574410627750316 0.022810791335136305 0.01420442144481875
2 0.21841112277208605 0.7850938774900484 0.032176700668363534 0.013805173421985017
5 0.2555662247771767 0.8240900519006168 0.02673522266868176 0.01592608893530496
5 0.2078554307765404 0.8174607085166876 0.021293744668999894 0.018047004448624192
2 0.8338782973822252 0.3939634249792219 0.015761360001590674 0.012355419961943958
2 0.8834606740531339 0.42721893535934524 0.012654541335136571 0.013790585969555024
2 0.9062896467218156 0.4429858568041639 0.016560791335136216 0.01394975346004106
2 0.952701570058861 0.4722077831918984 0.022020450668363622 0.013391337946721649
2 0.9365600440801781 0.6285068627356629 0.011909654002227299 0.016883752471457923
2 0.34102663136536215 0.24972140467608575 0.020485222668681757 0.015671420950527093
2 0.33074365937299816 0.30552573570272507 0.01661533533577266 0.01863725346004106
2 0.7500572807129069 0.37102599068282194 0.018114200668363622 0.013232170456235526
2 0.6855402473742709 0.3293531438388519 0.020512494668999893 0.01801517095052709
2 0.6564612747055891 0.31333155440925564 0.015034654002227121 0.01701108646384668
5 0.6924946074554035 0.927009393838852 0.026698860001590673 0.01280108893530496
5 0.8082286954566762 0.9410957515572369 0.031422722668681756 0.01611708992388792
4 0.7093996625 0.5623593703124999 0.6976821921874999 0.566900971875 0.7112655703125 0.5782095640625 0.7324775984375 0.594848053125 0.7521576015625 0.6243302500000001 0.7853959421875001 0.6629689953125 0.820174653125 0.6894813796875 0.822539465625 0.675954596875 0.8005113421875001 0.6614338796875 0.779316009375 0.646230084375 0.759602615625 0.6138784984375001 0.7374242453125001 0.586445521875 0.7093996625 0.5623593703124999
3 0.6999339859375 0.6881669859375 0.6997920859375 0.6759720765624999 0.57314595 0.62994221875 0.5715972328125 0.64135123125 0.6999339859375 0.6881669859375
3 0.8627739984374999 0.7378226546875 0.900783696875 0.7529945734375 0.9023157218750001 0.7401508640625 0.8491238437499999 0.72077528125 0.8035021859375 0.7017081640625 0.7807915234375 0.700782775 0.7664922171875 0.7002001234375 0.7496027265625 0.69377586875 0.742698353125 0.6784373796875001 0.7394757109375 0.6904951953125 0.743839984375 0.7042961671875 0.78425623125 0.709528040625 0.8104316031250001 0.71919869375 0.8627739984374999 0.7378226546875
3 0.7866358171875001 0.6250181203125 0.7688217203125001 0.61138611875 0.767273003125 0.62279513125 0.7791490671875 0.631883134375 0.7952808921875001 0.6454465890625001 0.8138860421875 0.6548087812500001 0.8333323296874999 0.6642052453125 0.8443505625000001 0.6718242796875 0.8444256859375001 0.6782804078125 0.8520543375 0.683610303125 0.8664120734375 0.6892143875000001 0.8670528796875001 0.6720323203125 0.8687351515625 0.6721008671875001 0.852703490625 0.6671455828124999 0.8416268265625 0.6545051156249999 0.8188660796875 0.6492756421875 0.7866358171875001 0.6250181203125
3 0.721200603125 0.56499124375 0.72440655 0.551498734375 0.58917376875 0.49006183906249995 0.5843022437500001 0.504920496875 0.721200603125 0.56499124375
3 0.7571573609375 0.5872206578125 0.8101905234375 0.5886152453125 0.9159466500000001 0.64197076875 0.92036145 0.6352535234375 0.8082854296875001 0.5793414390625 0.7804069375 0.5774391296875 0.7479709046874999 0.5699866765625 0.7571573609375 0.5872206578125