5 0.116813 0.305773 0.021525659012915456 0.016072321032569902
5 0.191782 0.335877 0.02085806927947189 0.019933068401734033
5 0.277932 0.321397 0.017823997492717503 0.022876057878390376
5 0.632622 0.261723 0.02175297954602886 0.023884821032569992
5 0.728769 0.242365 0.021039925705962935 0.026183068401734032
5 0.854445 0.219268 0.024764319279472157 0.02016058155591365
5 0.846877 0.173591 0.015412051332783516 0.02039579998588259
2 0.817439 0.180456 0.019318301332783516 0.020623313140062206
2 0.748249 0.188125 0.024142193652651578 0.025583828925077712
2 0.688707 0.205715 0.017664873119538172 0.017407307878390378
2 0.625857 0.216873 0.021548391066226812 0.016853571032569903
2 0.336633 0.2749 0.019963159012915455 0.015981315770898164
2 0.281369 0.278701 0.022261444906292737 0.014555323663405862
2 0.227114 0.29036 0.024650659012915455 0.016254331555913736
2 0.171986 0.298848 0.025454641066226812 0.017081084186749605
2 0.896836 0.523568 0.015389319279472157 0.01961454998588259
2 0.903283 0.55748 0.018605247492717546 0.022921560509226245
2 0.91553 0.629947 0.01782399749271755 0.022876057878390376
2 0.693422 0.555396 0.012954641066226813 0.016353042093374803
2 0.700286 0.576854 0.014471676959604097 0.01488154735504672
2 0.728431 0.659606 0.012977373119538171 0.017134292093374803
2 0.52257 0.580542 0.014494409012915455 0.01566279735504672
2 0.53086 0.597403 0.01286371285298138 0.013228042093374803
2 0.564315 0.675005 0.015184730799670022 0.01258329998588259
2 0.394798 0.692429 0.013940479546028861 0.02342979472421085
2 0.355479 0.627745 0.014471676959604097 0.01488154735504672
2 0.3383 0.600227 0.01679269490629274 0.01423680524755433
2 0.419151 0.778859 0.015389319279472246 0.01961454998588259
2 0.452546 0.8276 0.016147837226160887 0.018878802616718815
2 0.464143 0.850893 0.01679269490629274 0.01423680524755433
2 0.492827 0.898579 0.018400659012915453 0.015890310509226423
2 0.649427 0.892882 0.014494409012915455 0.015662797355046366
2 0.622009 0.83513 0.012082462852981379 0.013182539462538756
2 0.613787 0.820613 0.018377926959604097 0.015109060509226424
2 0.582949 0.752523 0.013758623119538172 0.017179794724210672
2 0.740724 0.733635 0.01378135517284953 0.017961044724210673
2 0.764577 0.802878 0.015321123119538172 0.01727079998588259
2 0.774543 0.823736 0.019318301332783516 0.020623313140062292
2 0.794907 0.880297 0.020054087226160887 0.019106315770898163
2 0.958196 0.86329 0.019250105172849485 0.018279563140062294
2 0.947344 0.811963 0.012377979546028862 0.023338789462538756
2 0.941906 0.785908 0.011460337226160845 0.018605786831702886
2 0.931539 0.72447 0.01688362311953816 0.01736180524755433
5 0.401021 0.557864 0.013758623119538172 0.01717979472421085
5 0.802745 0.506389 0.02175297954602886 0.023884821032569902
1 0.8851586671874999 0.41529732656249996 0.6650339 0.38119434375 0.5780251187500001 0.5508929515625 0.790205415625 0.5783007812500001 0.8851586671874999 0.41529732656249996
1 0.4450482171875 0.34231135 0.1918402703125 0.302977375 0.155424628125 0.5055186015625 0.39564678125 0.52493063125 0.4450482171875 0.34231135
2 0.885679 0.274122 0.019386497492717546 0.022967063140062204
1 0.2228329859375 0.8928892046874999 0.326700365625 0.5400807624999999 0.16465840625 0.5145246171875 0.08410727500000001 0.8818814125 0.2228329859375 0.8928892046874999
1 0.5206671468749999 0.9137176265625 0.6750581234374999 0.59614180625 0.544949121875 0.5687257796875 0.40089578281250005 0.903991825 0.5206671468749999 0.9137176265625
5 0.108597 0.345071 0.024073997492717325 0.02324007892507769
4 0.43312592031249997 0.67789816875 0.42437905000000004 0.690806584375 0.41838563281249996 0.6999382640625 0.4125277328125 0.7044124390625 0.40574197968750003 0.710490525 0.3989712828125 0.716051109375 0.39180441875 0.7200848984375 0.38419621249999997 0.724144390625 0.37829314062499997 0.7301710671875 0.37060964531249996 0.7368180640624999 0.3512254125 0.7518959078125 0.3412900375 0.760223934375 0.3370770421875 0.7687352921875 0.3283753453125 0.7800912062500001 0.323264609375 0.7891714765625 0.32174483593750003 0.7959761000000001 0.32704093125 0.7956676390624999 0.3328235421875 0.7937809687499999 0.33524105625 0.7864074328124999 0.3376284546875 0.7800688984375 0.34266390156250004 0.77357613125 0.34505130156249997 0.767237596875 0.348200921875 0.7649876578125 0.3549264453125 0.7609795734375 0.36169714062499997 0.7554189874999999 0.366231015625 0.75102193125 0.37166262968749997 0.7460559625000001 0.379772409375 0.739900759375 0.3842460515625 0.73757370625 0.3941513109375 0.7302806828125 0.40130311875 0.72676439375 0.41079715156249996 0.7184620749999999 0.41536114062499996 0.7130300140625 0.421234096875 0.708038340625 0.42353114999999997 0.704804809375 0.4311845296875 0.6991928140625 0.4344546109375 0.6928028687500001 0.4363404375 0.6885600421875 0.4386826640625 0.683774009375 0.4405835484375 0.6790136812500001 0.43312592031249997 0.67789816875
3 0.5079011265625 0.5459369515625 0.4424439265625 0.6907876734375 0.45568416562499997 0.6900165171875 0.5188292546875 0.5489168249999999 0.5079011265625 0.5459369515625
3 0.3671989375 0.5360500890625 0.31962125625 0.67211009375 0.3288894234375 0.671570284375 0.3777760703125 0.5359506640625 0.3671989375 0.5360500890625
3 0.42901260468749997 0.7132681546875 0.42299373906250004 0.7384166515625 0.420465096875 0.7798938265625 0.368936125 0.8851865421875 0.37857034375 0.8872085328124999 0.42697981093750004 0.783130753125 0.4278381015625 0.7536332109375 0.43843601562499995 0.7225351546875001 0.42901260468749997 0.7132681546875
3 0.3073831046875 0.7141527812499999 0.299362615625 0.762665928125 0.25727211250000004 0.87670814375 0.26555219375 0.8798422499999999 0.30902695156250004 0.763652915625 0.31697215 0.7177272734375 0.3073831046875 0.7141527812499999