5 0.9878986095737815 0.6274354282834383 0.013594895697929132 0.018277874525034755
5 0.9838502633893853 0.5297246268966675 0.012759098620028197 0.015134690729444423
5 0.8361764224799948 0.5700197057345145 0.03418013108743238 0.03437565321038196
5 0.7220048283241935 0.561114871578334 0.04365058847375849 0.040062608757465236
5 0.596264488632619 0.5605310304882991 0.03489319724005639 0.030487587005972296
5 0.43993266801576797 0.5522067713702434 0.03881308400953163 0.03135975598392378
6 0.30076857669934043 0.7668478867772224 0.03404376339268058 0.02656315321038214
6 0.33925833238138325 0.7349445765567364 0.026367631087432387 0.034193815254479176
6 0.5622049086802772 0.712020142095556 0.03712785308425524 0.024292138392743114
6 0.7228560365212985 0.6993597539871533 0.02927444277582971 0.021766550436840327
6 0.8421690982096959 0.689641874712466 0.0222295560063543 0.020821646276527873
6 0.3096473299490466 0.3359797464846183 0.030151150162155815 0.02725348423243057
6 0.34373200365015266 0.3648866496950003 0.03420740462638268 0.03593815321038196
6 0.5552149744291596 0.4010462745043754 0.03478410308425524 0.024237587005972294
6 0.7151627187471167 0.4375682688047922 0.023092626623205346 0.025527330072118205
6 0.8348848835197689 0.4512878895301048 0.03487956047058134 0.029706337005972118
5 0.17113384942751184 0.632633928096007 0.019200013392680626 0.026217661094166546