5 0.5529152861878822 0.41470601206475644 0.03079671153100705 0.04834723423243052
5 0.5621480818750699 0.5762974754956245 0.025182491166284748 0.041969947663298514
5 0.572906356760695 0.7026781375397217 0.03637456430454868 0.053162020801562446
5 0.5769054853697924 0.8073292699485413 0.01895067496187508 0.042605727298576215
6 0.6935117571212854 0.8132136344055898 0.02641768284565984 0.027943815254479178
6 0.7046830336224311 0.6886675760849646 0.03501143284565966 0.028143837005972117
6 0.7159991272779171 0.5367595839687495 0.030287565254479176 0.026472234232430482
6 0.4407660039871534 0.7010636989944788 0.02754442496187508 0.04280574905006951
6 0.4623163085080563 0.820939787900312 0.025527330072118205 0.0232381314588892
6 0.4089860610735074 0.5446870656357288 0.021839285619201475 0.03252221248093754
6 0.3711912010817711 0.33138828505052054 0.028997822188333355 0.03815461664124999
6 0.3337814668493405 0.30255542344326364 0.03688305737069451 0.04146145459715278
6 0.7349445765567364 0.3096333863054508 0.03475751291777769 0.050781903210381965
6 0.7657393284565975 0.2557628506862494 0.03350413744281262 0.06402678561920147
6 0.6365219943004168 0.14464612557187445 0.016152330072118026 0.023019925911805572