6 0.23375464528963835 0.321875 0.011955107336090797 0.0203125
6 0.36341432594686607 0.39140625 0.02622669267186346 0.03828125
6 0.5233336712683212 0.47890625 0.024646011338317918 0.03671875
6 0.7244592719207764 0.58359375 0.025281810669954295 0.02421875
6 0.7458706479153675 0.6234375 0.026035788669636163 0.021875
5 0.7084177432765936 0.41796875 0.024482379336408934 0.02265625
5 0.566221699952275 0.3515625 0.016760786004136108 0.03046875
5 0.4472358899586383 0.3046875 0.019794879336408933 0.02265625
5 0.32281769263209253 0.2546875 0.016688060669954475 0.02421875
6 0.8318739719525932 0.34921875 0.018350558004454242 0.0328125
6 0.861534199952275 0.3515625 0.016833511338317918 0.03671875
6 0.6630790659611836 0.2859375 0.02698976133831792 0.03671875
6 0.5176489346355924 0.22890625 0.022293170671545327 0.0359375
6 0.39622846797422845 0.18984375 0.021539192671863373 0.03828125
5 0.614528099220278 0.8328125 0.018241470003181704 0.0234375
5 0.538620127227914 0.7765625 0.023001695337363515 0.0296875
5 0.40925134790741335 0.68203125 0.013517607336090798 0.0203125
5 0.29924109591823106 0.60234375 0.01748749200349984 0.02578125
5 0.25352006325591264 0.5703125 0.012736357336090798 0.0203125
5 0.16986322593095773 0.50859375 0.019149989337999784 0.034375
5 0.10255809460536647 0.4515625 0.012009651336727111 0.025
5 0.18319266597709197 0.16875 0.025327264003818017 0.028125
5 0.2579932186505462 0.11875 0.022156810669954386 0.02421875