6 0.629568317774182 0.28718554847775657 0.04672104139585791 0.0378156763877346
6 0.587404137173217 0.3315284560824108 0.03633296631477982 0.02412059091247105
6 0.3841660888775003 0.36150116307904273 0.03811365462638268 0.03668425790866543
6 0.2596842861175568 0.3860953033834914 0.03576990462638267 0.03658875741437386
5 0.16738946631148463 0.5103684501137307 0.02858865016215577 0.02770850593149916
5 0.261248560467286 0.5204384698853943 0.03812729139585782 0.03746550790866543
5 0.35438095170098804 0.5336016561589606 0.04922843262955982 0.04728617688202626
5 0.4966775458567894 0.5456453528126501 0.04300570616851011 0.04859400889724856
6 0.5826225486961631 0.7732066201128557 0.026422178165332967 0.03776925543720751
6 0.6247515474783472 0.816300045512007 0.04680286201270878 0.0425031763877346
6 0.37850206452447577 0.7078986606075848 0.030532979707460585 0.04964717292769336
5 0.25827533928124213 0.6631843853987138 0.023297178165332964 0.037641921444818746
5 0.7627195572208751 0.49090740916189113 0.03265854139585791 0.03724267342198502
5 0.766855452511767 0.6831267426599883 0.02557274431795715 0.03383117193911023