2 0.6365238363682311 0.15552853353746582 0.01612510517284953 0.01782416996194396
2 0.5856971222616083 0.15603521091378356 0.015321123119538172 0.017011086463846727
2 0.5207169799417403 0.1539898912558508 0.009670516693047481 0.010538251977166357
2 0.48317151583511764 0.15395539916451623 0.008980194906292737 0.013631418479069169
2 0.4190180876218722 0.15344074600848626 0.014517141066226813 0.01619800296574949
2 0.3681913735152496 0.153947423384804 0.012127926959604097 0.014540002471457925
2 0.33954954796757125 0.19109459631249742 0.013849551332783516 0.020072419467652303
2 0.338015791699365 0.24590943030488618 0.013758623119538172 0.016947419467652304
2 0.34270930337784755 0.2996883463124974 0.011460337226160888 0.018414418973360734
2 0.3608742816702352 0.3325817593543591 0.011323944906292738 0.013726918973360735
2 0.39628058425666 0.3397430019399853 0.011392141066226814 0.016070668973360826
2 0.44471808425665993 0.33776932505795915 0.015275659012915454 0.01544858646384668
2 0.4948317445232167 0.3396382311797386 0.00973871285298138 0.012882001977166269
2 0.5393857265765281 0.3386049717881985 0.012840980799670021 0.012228085969555113
2 0.5933829047897734 0.339533460419492 0.017642141066226812 0.016325336958138335
2 0.6581584586298395 0.3345475300774247 0.01598871285298138 0.01313666996194387
2 0.6777662649771877 0.30950110912689766 0.012150659012915455 0.015321252471457925
2 0.6783369148189032 0.24846810863260602 0.015548443652651577 0.02482358646384668
2 0.6743564569804867 0.19231360912689763 0.01880983597251955 0.029638420456235527
2 0.7003315867639424 0.305452937682079 0.022230352665567034 0.03992200444862428
2 0.32184287391096095 0.3083603507611217 0.018696175705962936 0.025732170456235437
6 0.7202255157686106 0.6128197687087182 0.028116639812585654 0.027676672433401706
6 0.7633497269722394 0.4820035088228865 0.014698997492717502 0.02244800296574958
6 0.5788419978219219 0.6193628818643107 0.01552571159934022 0.02404233646384668
6 0.44352662344874255 0.6194013270351255 0.026531407759274116 0.026831755437207505
6 0.3159782849689405 0.6175589372249684 0.013985943652651578 0.024759919467652304
6 0.30221130166198795 0.628288190190718 0.020463264185764985 0.032827087452429994
6 0.5749705032321982 0.7282431333471854 0.014858121865896834 0.02791675296574958
6 0.45364943269908486 0.7253648255522507 0.01927283722616089 0.018732753954332715
6 0.3339590583259055 0.7247666007611218 0.012287051332783516 0.020008752471457926
6 0.3231806826990849 0.7306810197344824 0.011801318025830908 0.030133168973360824
6 0.7069562891255756 0.7213007721687593 0.008448997492717502 0.02219333498097189
6 0.6959960570722643 0.7209651911421201 0.008789978292387701 0.03391208498097189
6 0.6984056547232663 0.80377769114212 0.01130121285298138 0.012945668973360825
6 0.3254766200835303 0.8095872697344824 0.009943301332783516 0.019913251977166535
6 0.5693151997878437 0.8833444688224489 0.013667694906292738 0.01382241946765248
6 0.4645822356812211 0.8860476575674732 0.011505801332783606 0.019976918973360826