6 0.19880808226178537 0.71796875 0.03526964206513994 0.0421875
6 0.2319614874811049 0.671875 0.0328726841585147 0.0546875
6 0.2719017609468667 0.4421875 0.030513523606936134 0.08125
6 0.30338552132903607 0.290625 0.031128173635170953 0.0515625
6 0.32055688175355773 0.18359375 0.021624371018452493 0.0359375
6 0.5525881317535577 0.18359375 0.03752238680346807 0.040625
6 0.5650209713431534 0.30546875 0.024741665742663344 0.04921875
6 0.5783869793768356 0.4515625 0.03765889469597585 0.04296875
6 0.5979960111586282 0.66484375 0.037105157850155376 0.046875
6 0.6351474006635194 0.69765625 0.03309249203690499 0.071875
5 0.4290100637047596 0.575 0.052502644695975854 0.04296875
5 0.42744610565695995 0.4140625 0.04010135523343692 0.03125
5 0.43179124238984096 0.29921875 0.032872684158514784 0.0546875
5 0.4395343949077374 0.1796875 0.04867969468185844 0.0578125
5 0.48885039739739894 0.03046875 0.02644837891096028 0.03828125
5 0.3926656421357271 0.03203125 0.02374060786427288 0.03203125