0 0.8937138921875001 0.66026810625 0.8068652984375 0.5453496640625 0.5958880921875 0.7076002984375 0.67862113125 0.8481924 0.8992399000000001 0.658810971875 0.8937138921875001 0.66026810625
0 0.6867581765625 0.58879795 0.8599114125 0.465241940625 0.8197337265625 0.408476321875 0.6500061296874999 0.522037515625 0.6867581765625 0.58879795
0 0.7949201609375 0.3815459859375 0.7402364296874999 0.323439778125 0.5868925218750001 0.4155308890625 0.6345306468749999 0.47652805625 0.7949201609375 0.3815459859375
0 0.718793928125 0.2993397953125 0.675908921875 0.251139834375 0.53400346875 0.3331895109375 0.5679914046875 0.38001625 0.718793928125 0.2993397953125
0 0.512643934375 0.3105140296875 0.64708894375 0.22423280625 0.62017500625 0.1887647828125 0.47865599843749995 0.26368729218750003 0.512643934375 0.3105140296875
0 0.5974149296875 0.5491105187499999 0.3658812109375 0.6887898 0.41187854062499996 0.8277568390625 0.6367572140625 0.621421759375 0.5974149296875 0.5491105187499999
0 0.533766609375 0.4484364828125 0.32781235 0.552836778125 0.359882775 0.6597537734375 0.5624904421875 0.5147502562499999 0.533766609375 0.4484364828125
0 0.4863483859375 0.366192821875 0.292831846875 0.4551170390625 0.32243762187499997 0.5345074453125 0.5128703546875 0.41711568750000005 0.4863483859375 0.366192821875
0 0.4321597796875 0.27376051874999996 0.263522946875 0.3512441234375 0.290099825 0.42300186718750005 0.45199591874999995 0.3333170609375 0.4321597796875 0.27376051874999996
0 0.39255293125 0.2019097796875 0.2368127296875 0.2658887359375 0.2559721140625 0.326939809375 0.413846609375 0.2476567984375 0.39255293125 0.2019097796875
0 0.3670759703125 0.15051654375 0.2135729515625 0.20868401718750001 0.2369054421875 0.258242865625 0.38140735000000003 0.1895499546875 0.3670759703125 0.15051654375
0 0.3343343015625 0.1019026328125 0.187050278125 0.15054275 0.2031679078125 0.19632091093749998 0.3540315421875 0.13523631875 0.3343343015625 0.1019026328125
0 0.5697873078125 0.126196140625 0.43926601249999997 0.1852373359375 0.46274689375 0.2281056546875 0.5977340718749999 0.1623351 0.5697873078125 0.126196140625
0 0.5334397937500001 0.08117734531250001 0.4033954984375 0.13288444375 0.42784083749999996 0.173835825 0.5532761765624999 0.119588821875 0.5334397937500001 0.08117734531250001
0 0.4919527375 0.039344050000000005 0.37748496249999997 0.08525193125 0.399389325 0.11952844843749999 0.5191305749999999 0.0691372203125 0.4919527375 0.039344050000000005
