1 0.4958568921875 0.8011895593749999 0.32239423437500003 0.554960746875 0.154909909375 0.6093407859375 0.3695699296875 0.87879523125 0.4958568921875 0.8011895593749999
1 0.48499427968750003 0.574317175 0.3233599875 0.340391959375 0.180629671875 0.3671709734375 0.40124438749999997 0.6236473015625 0.48499427968750003 0.574317175
1 0.589814734375 0.5258456078125 0.4579115671875 0.30677218125 0.350181053125 0.3360456015625 0.502637559375 0.5704893140625 0.589814734375 0.5258456078125
1 0.6707313984375001 0.4864029578125 0.5607523328124999 0.2891380703125 0.484167525 0.3054728625 0.602298853125 0.5145326671875 0.6707313984375001 0.4864029578125
1 0.7517222921875 0.448782040625 0.6553776984375 0.268441128125 0.5792286890625 0.280320315625 0.6880777546875 0.4752881390625 0.7517222921875 0.448782040625
1 0.8149585609375001 0.4122563859375 0.738880096875 0.2527470984375 0.674616659375 0.263188253125 0.7657529281250001 0.435713378125 0.8149585609375001 0.4122563859375
1 0.8656738109375001 0.386132815625 0.8014235 0.23892712500000002 0.7540453578124999 0.24740769375 0.829249003125 0.405563815625 0.8656738109375001 0.386132815625
1 0.9149907890625 0.365408421875 0.8526583609375 0.22555572656249998 0.8191745640624999 0.2300435796875 0.8801867265625001 0.3849054640625 0.9149907890625 0.365408421875
1 0.627784940625 0.8223161484375 0.510109978125 0.6347405671875 0.431145409375 0.6636350640625001 0.5600202515625 0.86684146875 0.627784940625 0.8223161484375
1 0.5276419125 0.628180078125 0.6511691203125001 0.8005350437500001 0.71606325 0.7649862953125 0.6023414421875 0.5855345765625 0.5276419125 0.628180078125
1 0.6338975359375 0.5752202203125 0.734399396875 0.73845273125 0.7815017906249999 0.7030884078125 0.6786805734375 0.5375994453125 0.6338975359375 0.5752202203125
1 0.7128163484375001 0.526456684375 0.8078248 0.674006309375 0.8473057421875 0.6501530359375 0.7621081734375 0.4889522484375 0.7128163484375001 0.526456684375
1 0.785340690625 0.4832123046875 0.8602078609375001 0.63393806875 0.8963202453125 0.6024666171875 0.823617759375 0.462722971875 0.785340690625 0.4832123046875
1 0.8456945234375001 0.45830962187499996 0.9040140984375 0.5958000343750001 0.9380265265625001 0.568008475 0.874088178125 0.43210240000000005 0.8456945234375001 0.45830962187499996
1 0.893040009375 0.42448886406249997 0.9502296546875 0.55385331875 0.9781712812500001 0.533894325 0.9232894890625 0.41088588125000003 0.893040009375 0.42448886406249997