0 0.6853421421875 0.287985946875 0.6417087171875 0.1447559375 0.4106704078125 0.3560529859375 0.451711540625 0.434550896875 0.6853421421875 0.287985946875
0 0.72264356875 0.4214570796875 0.68951130625 0.307200440625 0.4660492625 0.4612607984375 0.5104374953125 0.5396418234375 0.72264356875 0.4214570796875
0 0.754461825 0.533593328125 0.72763921875 0.4393709265625 0.52710670625 0.564569621875 0.5615461640625 0.632243759375 0.754461825 0.533593328125
0 0.77787050625 0.631048390625 0.7588985 0.5530739625 0.5789937234375 0.652042409375 0.6066831500000001 0.7046463140625 0.77787050625 0.631048390625
0 0.8000025671875 0.7070216734375 0.7827860734375001 0.6476132640625 0.61842715625 0.7256309046875 0.6430696171875 0.77323923125 0.8000025671875 0.7070216734375
0 0.8278895125 0.7668832 0.8079920359375 0.7113581859375 0.6560061078125 0.7872430984375 0.674614015625 0.8265588296875 0.8278895125 0.7668832
0 0.846543746875 0.8186437859375 0.831374315625 0.7777177796875 0.6808265484375 0.8399471765625 0.7054133125 0.872251484375 0.846543746875 0.8186437859375
0 0.661046246875 0.8887646515625001 0.6420262953125 0.8530386421875 0.5138633234375 0.9119353312499999 0.543083471875 0.9398261828125 0.661046246875 0.8887646515625001
0 0.63259731875 0.8429616765624999 0.6115426109375 0.8026739734375001 0.4777305765625 0.864318946875 0.5041707468750001 0.8948578609375 0.63259731875 0.8429616765624999
0 0.5991222296875 0.7889108609375 0.58152169375 0.75185214375 0.43620405937499995 0.813048571875 0.4658097625 0.851980253125 0.5991222296875 0.7889108609375
0 0.5558233265625 0.724907884375 0.52900455625 0.6737550109375 0.3833831 0.753669325 0.41950150468749997 0.8008768875 0.5558233265625 0.724907884375
0 0.5063813390624999 0.6508242171874999 0.47774404062500003 0.5905119734375 0.31484560625 0.6829342640625 0.3674293015625 0.73551916875 0.5063813390624999 0.6508242171874999
0 0.4589773390625 0.5747975203125 0.41556874375 0.496322965625 0.2501572515625 0.5990369515625 0.2985265515625 0.6670749609375 0.4589773390625 0.5747975203125
0 0.392809440625 0.4605534890625 0.3601937359375 0.39026472343749996 0.17469200468749999 0.52089083125 0.22996308281250002 0.5818852015625 0.392809440625 0.4605534890625
0 0.4576114140625 0.2790917609375 0.38380090624999996 0.1203265125 0.14318325468749998 0.33025742343750003 0.2330196625 0.4351122765625 0.4576114140625 0.2790917609375
