6 0.3981763076656305 0.23049855934840613 0.03342333163720586 0.02805437944567011
6 0.4344789778374471 0.2507361306885244 0.02947613805964089 0.02709119292790536
6 0.5607902515818797 0.44925705976269087 0.046168993102595125 0.03332407630251701
6 0.6601362336031983 0.6114423825505512 0.05439425090451113 0.026693086641598994
5 0.600305373699004 0.26180840963885643 0.037742339439121864 0.021241453266987696
5 0.6766708791260709 0.4039188269261986 0.0530774123699004 0.03130781203449331
5 0.7345386900710619 0.5218297648917054 0.037865170171816585 0.0235852032669877
6 0.6586014733148913 0.1189081261404104 0.03559666327441171 0.054653266749222995
6 0.7361510204650722 0.29855493073130557 0.03194271879233561 0.029544104838564244
6 0.8050315745126582 0.44727922105417717 0.0437024123699004 0.03087116439185813
6 0.8487549983025193 0.5642826304836366 0.034327412369900404 0.03043451674922295
5 0.7894043317487475 0.6422300020714238 0.02548800090451131 0.02534675641014079
5 0.7187443509706243 0.728535683212505 0.04830802521477064 0.02952698821317572