1 0.4067493875 0.6461331109375 0.6297321671875 0.8279373484375 0.6566442546875 0.77159139375 0.6738995234375 0.70789913125 0.4543787859375 0.5703290359375 0.409904790625 0.6376607015625 0.4067493875 0.6461331109375
1 0.46857810000000005 0.5322031984375 0.672023471875 0.6608532828125 0.6955978328125 0.5816407046875 0.5026354265624999 0.46462908281250004 0.46857810000000005 0.5322031984375
1 0.5176940359375 0.43649340312499996 0.6929039234375 0.5317272046875 0.717287853125 0.4539577796875 0.5493558046875 0.3702878390625 0.5176940359375 0.43649340312499996
1 0.5700399625 0.3451317140625 0.7363694484375001 0.42876435312499994 0.74961001875 0.363554340625 0.5993310375 0.2845682046875 0.5700399625 0.3451317140625
1 0.6104661109375 0.2705842921875 0.759910659375 0.34385377031250003 0.7771825031249999 0.283010509375 0.6197997203125001 0.22237504375 0.6104661109375 0.2705842921875
1 0.6412934484374999 0.1986620703125 0.78188245625 0.26460389218749997 0.79289321875 0.2292524578125 0.6490990796875 0.1632360359375 0.6412934484374999 0.1986620703125
1 0.6738890984375 0.155267178125 0.8047881374999999 0.2081646859375 0.8077860765624999 0.17262675 0.6825043015625 0.1212842953125 0.6738890984375 0.155267178125
1 0.4964079640625 0.08276945 0.6112813609375001 0.13529395625 0.61911185625 0.10414142500000001 0.5170838359375 0.0561888234375 0.4964079640625 0.08276945
1 0.4646881828125 0.1390035046875 0.5795532921875 0.1901035109375 0.6001711484375 0.1535513734375 0.48128305625 0.0995091171875 0.4646881828125 0.1390035046875
1 0.42488099375 0.182230546875 0.5438022375 0.2419708109375 0.558777971875 0.1995901203125 0.44148415312499995 0.1441606578125 0.42488099375 0.182230546875
1 0.37554958125 0.240903303125 0.50653978125 0.309470328125 0.518285525 0.26274152968750003 0.3945317265625 0.19861586250000002 0.37554958125 0.240903303125
1 0.315867803125 0.31072962187500003 0.4589683953125 0.39524591249999996 0.477909103125 0.3458359640625 0.34444046875 0.2643924765625 0.315867803125 0.31072962187500003
1 0.24263881718750002 0.3930594015625 0.39700708281249997 0.48638380156250005 0.42712430156250003 0.43011244531250004 0.28237970625000003 0.338436346875 0.24263881718750002 0.3930594015625
1 0.1830564875 0.4799797375 0.347164453125 0.5948954578125 0.3677077234375 0.545522809375 0.20988570312500002 0.409388765625 0.1830564875 0.4799797375
1 0.391165590625 0.8594166718749999 0.4472527265625 0.7225641890625 0.22916051718750002 0.5551168625 0.16016999062499998 0.6774259328125 0.391165590625 0.8594166718749999