6 0.6831597626986897 0.2694517816409284 0.024293161069925694 0.04793023180303493
6 0.650984668959292 0.31164143569370434 0.03016121515360979 0.037283830231458384
6 0.631225273583281 0.5301024913180569 0.028653278855940555 0.038773555624352515
6 0.24799358901489238 0.26702687241635675 0.033995543283910835 0.05774187944567011
6 0.2898016322988031 0.32142111993515743 0.028172129218760313 0.0473309183207995
6 0.3166989821134687 0.5314489373463342 0.020059528855940555 0.03837329528527036
6 0.3413418619652011 0.6993256420610638 0.03158730589778251 0.03345035483856407
6 0.359414794086519 0.8135144205971111 0.03007936960011337 0.03494008023145838
6 0.5868676714911807 0.8060507152632089 0.018142364790789855 0.02814427067816432
6 0.6055680530721936 0.691714233460174 0.024129469962933213 0.04324273180303493
5 0.47727441668185727 0.8048949377606188 0.029243555897782512 0.03334119292790527
5 0.4780060482628702 0.6913953639393013 0.03048859736759475 0.04665883023145838
5 0.47857398873689067 0.5732082901179838 0.04042659255827132 0.0408818651776464
5 0.4753522410991433 0.41372412820732496 0.02773561960011328 0.03483091832079954