0 0.6169130218750001 0.651088190625 0.5768015953125001 0.5699186125 0.34156114375 0.699829290625 0.383510890625 0.8457541125000001 0.6169130218750001 0.651088190625
0 0.56278036875 0.5422736265625 0.519321840625 0.4609871671875 0.305827315625 0.5640812703125 0.3376171625 0.6803707765625 0.56278036875 0.5422736265625
0 0.50294934375 0.43495730625 0.46931101406250003 0.36504564375 0.275326275 0.4499986515625 0.30104205624999997 0.5458625828125 0.50294934375 0.43495730625
0 0.45210082656250006 0.3440781421875 0.4250344984375 0.2896708609375 0.2530606328125 0.351148078125 0.2711179875 0.430255984375 0.45210082656250006 0.3440781421875
0 0.41353934218750005 0.2679181671875 0.3894606390625 0.21870684062499998 0.2318212328125 0.2738160078125 0.248339734375 0.3342806625 0.41353934218750005 0.2679181671875
0 0.37669228593750004 0.2038346828125 0.35854923125 0.1633167 0.2046418828125 0.21215500468749998 0.2238854484375 0.268932740625 0.37669228593750004 0.2038346828125
0 0.35249494531250003 0.149527603125 0.3282939109375 0.1155869 0.18659726875 0.1592192515625 0.201284515625 0.20110373125 0.35249494531250003 0.149527603125
0 0.5202276718750001 0.0893615734375 0.49134379843750003 0.05950036875 0.3728350234375 0.1022088484375 0.391431709375 0.139174596875 0.5202276718750001 0.0893615734375
0 0.5557919 0.139382459375 0.5297176765625 0.10707356406249999 0.4007396484375 0.149884746875 0.4213172046875 0.19154301406250002 0.5557919 0.139382459375
0 0.5967052078124999 0.1934246859375 0.5675643578125 0.1525226515625 0.43357245781250003 0.20613900156249998 0.450734803125 0.244335196875 0.5967052078124999 0.1934246859375
0 0.648814053125 0.2563438921875 0.6132594046875 0.2067318328125 0.47610933437499997 0.2730064484375 0.5023222359374999 0.3259055 0.648814053125 0.2563438921875
0 0.7165009671875 0.33168757968749996 0.6645502609375 0.275562715625 0.5246695484375 0.3503585515625 0.552593703125 0.41252151406250004 0.7165009671875 0.33168757968749996
0 0.780187209375 0.4198929546875 0.732628928125 0.34864660937499997 0.5711700015625001 0.4295067859375 0.613648203125 0.5108182109375 0.780187209375 0.4198929546875
0 0.8547128609374999 0.503112903125 0.8001736781250001 0.438411596875 0.6359822140625 0.5480881640625 0.667767121875 0.6204808671875 0.8547128609374999 0.503112903125
0 0.88399149375 0.695479878125 0.795411175 0.584613775 0.569095921875 0.724587503125 0.6410297984375 0.8881147687500001 0.88399149375 0.695479878125
