0 0.5927283562500001 0.3597748796875 0.3728286 0.1844280015625 0.34492198749999997 0.24156655625 0.32654788125 0.305771678125 0.5437563515625 0.4369776609375 0.589423775 0.3683405359375 0.5927283562500001 0.3597748796875
0 0.528885734375 0.475523109375 0.32760345 0.35277090312500003 0.3026367578125 0.432682834375 0.4936349796875 0.54409963125 0.528885734375 0.475523109375
0 0.47807910781249996 0.572678234375 0.304460459375 0.48252639999999997 0.278709059375 0.5610184890625 0.44524877500000004 0.63981626875 0.47807910781249996 0.572678234375
0 0.42411708125 0.6655785 0.259179928125 0.586771396875 0.24479565625 0.6523777109375 0.3937568953125 0.7270045453125 0.42411708125 0.6655785
0 0.38237319062499997 0.7413148234375 0.2341469328125 0.6723813328125 0.2158059765625 0.733737453125 0.3721942359375 0.7898038125 0.38237319062499997 0.7413148234375
0 0.3502778359375 0.8141462031250001 0.210782803125 0.752283940625 0.1991504640625 0.787961740625 0.3418506265625 0.8498053546875 0.3502778359375 0.8141462031250001
0 0.3169114296875 0.858496878125 0.1868826 0.8093991890625001 0.1832630828125 0.845030371875 0.3076995125 0.8927361906250001 0.3169114296875 0.858496878125
0 0.4931991359375 0.9258427062499999 0.379195946875 0.8766517828125 0.37081846406249996 0.90803743125 0.472050865625 0.9530294375 0.4931991359375 0.9258427062499999
0 0.525913440625 0.8686761796875 0.41189367656250003 0.8209097578125 0.3906293796875 0.8580679999999999 0.5086224015624999 0.9086601140624999 0.525913440625 0.8686761796875
0 0.5664913859375 0.82428355 0.448564665625 0.7679934265624999 0.4328430390625 0.8108170421875001 0.549216921875 0.8628429843750001 0.5664913859375 0.82428355
0 0.6168670484375001 0.7641654640625 0.48702055 0.6993982562500001 0.47445432500000007 0.74647673125 0.5971390109375 0.8070123875 0.6168670484375001 0.7641654640625
0 0.6777919796874999 0.6925907625 0.5361085828125 0.6122239656249999 0.5162976671874999 0.662193396875 0.6483988328125 0.73976713125 0.6777919796874999 0.6925907625
0 0.7524878875 0.6081163 0.5996859953125 0.519267759375 0.568574253125 0.5764249625 0.7117773374999999 0.6639049421875 0.7524878875 0.6081163
0 0.8136117281249999 0.51944758125 0.6514430828125 0.4092874609375 0.6300296046875 0.45926621718750005 0.7855393578125 0.590831153125 0.8136117281249999 0.51944758125
0 0.612041615625 0.1460017703125 0.5535427609375 0.28450939062499997 0.7688005796875 0.44563922656250005 0.83995419375 0.32130203281249997 0.612041615625 0.1460017703125
