5 0.97734375 0.3953125 0.01328125 0.01796875
5 0.975 0.49296875 0.0125 0.01484375
5 0.8265625 0.44921875 0.03359375 0.03359375
5 0.7125 0.45546875 0.04296875 0.0390625
5 0.58671875 0.453125 0.034375 0.0296875
5 0.43046875 0.4578125 0.03828125 0.03046875
6 0.2875 0.23984375 0.03359375 0.02578125
6 0.3265625 0.27265625 0.02578125 0.03359375
6 0.55 0.30078125 0.03671875 0.0234375
6 0.7109375 0.3171875 0.02890625 0.02109375
6 0.83046875 0.3296875 0.021875 0.0203125
6 0.30390625 0.67109375 0.0296875 0.0265625
6 0.3375 0.64296875 0.03359375 0.03515625
6 0.5484375 0.61171875 0.034375 0.0234375
6 0.7078125 0.57890625 0.02265625 0.025
6 0.82734375 0.56796875 0.034375 0.02890625
5 0.16015625 0.37109375 0.01875 0.02578125