6 0.375 0.26171875 0.04609375 0.0359375
6 0.41796875 0.3078125 0.0359375 0.02265625
6 0.621875 0.34609375 0.0375 0.03515625
6 0.746875 0.37578125 0.03515625 0.03515625
5 0.84140625 0.50390625 0.028125 0.0265625
5 0.74765625 0.51015625 0.0375 0.0359375
5 0.6546875 0.51953125 0.0484375 0.0453125
5 0.5125 0.52578125 0.0421875 0.046875
6 0.43046875 0.75 0.02578125 0.03671875
6 0.3890625 0.79140625 0.04609375 0.040625
6 0.63359375 0.69296875 0.0296875 0.0484375
5 0.753125 0.653125 0.02265625 0.03671875
5 0.2453125 0.46015625 0.03203125 0.0359375
5 0.24453125 0.65234375 0.025 0.0328125