2 0.6426333629847705 0.20410226759283118 0.013273544724210672 0.013717759618646852
2 0.5908433498305907 0.19839541541591293 0.011248313140062294 0.019104664065150566
5 0.5756733761389501 0.20566227839260437 0.015427578925077689 0.023928573320977708
2 0.526598839307247 0.19303330362034785 0.017771328925077868 0.02401041887447395
2 0.4867550893072471 0.191641929210911 0.0119385578783902 0.017569445916315995
2 0.4241185814147393 0.1871156311176768 0.01887880261671846 0.01625248257680485
2 0.37480882615306743 0.18383437449425483 0.012537797355046721 0.014471727767481424
2 0.6839254918957307 0.24374761015110255 0.01639854472421067 0.013826887023308565
2 0.6897274418392609 0.30320445570459886 0.01570829998588259 0.01536210517214318
2 0.6867991338902835 0.3600174508952755 0.013546560509226247 0.018405259618646853
2 0.6656899733387049 0.38578877721147803 0.01180204998588259 0.015225695916315996
2 0.6063604759695409 0.3844966065229055 0.010467063140062294 0.01907738221398514
2 0.5523177180770331 0.38027040879249097 0.010656778939195278 0.008948414065150522
2 0.5061329628153612 0.3770982795737307 0.011665542093374804 0.012881945916315996
2 0.45847671281536123 0.37543408665263966 0.010103042093374804 0.012827382213985139
2 0.4055869312453301 0.364231202624556 0.015617294724210673 0.013799605172143181
2 0.37489066809115046 0.35926096042910427 0.01419130261671846 0.016088791469812236
2 0.3528035654885494 0.32808288229880317 0.008768055247554418 0.016679068511654283
2 0.3459396444842143 0.277165223042976 0.01102079998588259 0.015198414065150522
2 0.3463421919098481 0.21714538229880315 0.011711044724210673 0.013663195916315995
2 0.7076198681052679 0.356066560876742 0.022686342079257217 0.02808035998146661
2 0.331201581273565 0.33200649046617114 0.01928832629424182 0.023283732576804807
6 0.7750712205666946 0.5369643860118183 0.01501805524755433 0.01689732332097762
6 0.33547664150044254 0.6463591671451935 0.015890310509226246 0.018487105172143005
6 0.3196696309770989 0.642688530121885 0.011657836817585476 0.0261359140651507
6 0.4636926467621144 0.6523958907363236 0.030362334186749607 0.026009428493120802
6 0.5982496572854581 0.6602133691367772 0.032842592079257396 0.02843502404661713
6 0.73037191254713 0.6663865019837345 0.015154563140062294 0.01924107332097762
6 0.7469601730704737 0.6700844208582085 0.01768032366340595 0.022447918874474126
6 0.7312280282333236 0.7747892790255765 0.014691831555913738 0.024682541469812237
6 0.7179467782333235 0.7743254875557642 0.011240607864272788 0.03235863221398514
6 0.5947899992941282 0.7614484869227921 0.019561342079257214 0.027971232576804894
6 0.4729605019249642 0.7579737681409854 0.019606844710093264 0.028752482576804895
6 0.35628123613994866 0.7492212723173366 0.013174834186749607 0.025409227767481467
6 0.3442817650791438 0.7573785126986897 0.012249371018452493 0.036292164065150526
6 0.7243780597327675 0.8579738012580951 0.015063557878390199 0.01767857332097762
6 0.3503945281627363 0.8355580764010206 0.009640310509226247 0.018268850362819576
6 0.4916180386154929 0.9176761503549706 0.011248313140062294 0.0191046640651507
6 0.5917090438771646 0.9227307273041452 0.01423680524755433 0.016870041469812237