6 0.30527565543716156 0.16796875 0.03496138108743239 0.03359375
6 0.4347506956152033 0.2453125 0.023310814934808022 0.0375
6 0.5550768323846785 0.24609375 0.04858355032431163 0.053125
6 0.6815438749983523 0.240625 0.03106876785690744 0.034375
6 0.4312320036501527 0.35703125 0.028366507710637735 0.05859375
6 0.563908135955401 0.34921875 0.041565937093786684 0.05390625
6 0.7007632536501527 0.35703125 0.04691195616851011 0.046875
6 0.2961166639585782 0.359375 0.03175456047058134 0.02890625
6 0.3170819545436571 0.2625 0.03568808400953163 0.03046875
6 0.2438292353862081 0.496875 0.02892956939903506 0.04609375
2 0.40102590096963936 0.640625 0.022597748782184013 0.04140625
2 0.45020374066121394 0.63828125 0.022379560470581338 0.02890625
2 0.49703783035278837 0.6359375 0.02255683847375849 0.0390625
2 0.543254311278065 0.64296875 0.02797104139585791 0.0359375
2 0.5947622642001642 0.63984375 0.01930910754848192 0.03203125
2 0.6510122642001642 0.63984375 0.013881267856907442 0.034375
2 0.6976514849791711 0.67109375 0.03134150324641105 0.05
2 0.31960830559602205 0.67578125 0.03742786201270878 0.040625
2 0.34167026622875907 0.73125 0.0162795649348082 0.0375
2 0.35289018424782237 0.7921875 0.018377853084255057 0.0234375
2 0.38164247564368015 0.828125 0.022434107548481918 0.03203125
2 0.428503838874205 0.82734375 0.01618410754848192 0.03203125
2 0.49081292410155264 0.81640625 0.022365923701106107 0.028125
2 0.5291214476405031 0.81796875 0.022597748782184013 0.04140625
2 0.5930748534847016 0.81171875 0.013881267856907442 0.034375
2 0.641471443176276 0.809375 0.022284103084255234 0.0234375