0 0.6698717953125 0.3076923078125 0.6522435890625 0.24358974375 0.625 0.1866096875 0.403044871875 0.3632478625 0.40625 0.37179487187500004 0.45112179531249996 0.440170940625 0.6698717953125 0.3076923078125
0 0.66826923125 0.35470085625 0.465544871875 0.47863247812500004 0.5 0.547008546875 0.6923076921875 0.4344729359375 0.66826923125 0.35470085625
0 0.6899038453124999 0.48433048593750005 0.515224359375 0.5754985765625 0.547275640625 0.6424501421875 0.7147435890625 0.5626780625000001 0.6899038453124999 0.48433048593750005
0 0.733974359375 0.5883190890625001 0.5681089734375 0.66809116875 0.5977564109375 0.7293447296875 0.7475961546875001 0.653846153125 0.733974359375 0.5883190890625001
0 0.7580128203125 0.6737891734375 0.608974359375 0.7435897437500001 0.6185897437500001 0.7920227921875 0.7756410265625 0.7350427359375 0.7580128203125 0.6737891734375
0 0.7804487171875001 0.753561253125 0.640224359375 0.8162393171875 0.6482371796875 0.8518518515625001 0.7916666671875 0.7891737890625 0.7804487171875001 0.753561253125
0 0.8036858984374999 0.8105413109375 0.6730769234375 0.8603988609375 0.6818910265625 0.89458689375 0.8068910265625 0.846153846875 0.8036858984374999 0.8105413109375
0 0.6105769234375 0.8789173796874999 0.4959935890625 0.9287749296875001 0.5168269234375 0.95584045625 0.6185897437500001 0.9102564109375001 0.6105769234375 0.8789173796874999
0 0.578525640625 0.8233618234375 0.46394230781249995 0.8717948718749999 0.48076923125000004 0.9116809109374999 0.5993589734375 0.8603988609375 0.578525640625 0.8233618234375
0 0.5424679484375 0.7706552703125 0.42387820468750004 0.827635328125 0.440705128125 0.8660968671875 0.5576923078125 0.8133903124999999 0.5424679484375 0.7706552703125
0 0.5048076921875 0.7022792015625 0.3741987171875 0.76780626875 0.3934294875 0.8105413109375 0.5168269234375 0.7492877499999999 0.5048076921875 0.7022792015625
0 0.45673076874999996 0.6153846140625 0.31410256406250003 0.696581196875 0.3429487171875 0.7435897437500001 0.4759615390625 0.6652421640624999 0.45673076874999996 0.6153846140625
0 0.39423076875 0.522792021875 0.24038461562500002 0.6125356125 0.2804487171875 0.66809116875 0.4246794875 0.5797720796875 0.39423076875 0.522792021875
0 0.34375 0.41310541250000005 0.1802884609375 0.5242165234375 0.20753205156250001 0.595441596875 0.3645833328125 0.46296296249999996 0.34375 0.41310541250000005
0 0.4431089734375 0.2877492875 0.3862179484375 0.14957265 0.15625 0.3262108265625 0.2259615390625 0.45014244999999997 0.4431089734375 0.2877492875
