6 0.42421875 0.70625 0.0546875 0.04140625
6 0.371875 0.74609375 0.07734375 0.04140625
6 0.61875 0.66171875 0.04921875 0.0546875
6 0.74609375 0.6296875 0.04140625 0.0390625
6 0.41875 0.26015625 0.04921875 0.04375
6 0.38828125 0.21484375 0.03828125 0.053125
6 0.628125 0.3203125 0.04921875 0.06875
6 0.75234375 0.35703125 0.0359375 0.0515625
5 0.5078125 0.484375 0.04921875 0.0609375
5 0.65078125 0.4875 0.04765625 0.04375
5 0.746875 0.50078125 0.03984375 0.04375
5 0.83125 0.50859375 0.03828125 0.04140625