6 0.660484793643678 0.7656830436281312 0.03330050090451113 0.025710629445670107
6 0.6201154211878693 0.7240563157540377 0.029066702283992107 0.019278692927905537
6 0.41728699230962557 0.6756422787409351 0.04123583163720572 0.028418252481199245
6 0.28209644278459534 0.6389512998333842 0.023638895861557076 0.01980523180303493
5 0.5110359130472689 0.5015391528099217 0.04378429952503016 0.03243366439185813
5 0.37484942955561235 0.5053276246881591 0.044360831637205854 0.02856380169541097
5 0.2789194538658718 0.503976986351149 0.0366711623699004 0.030543678659881834
5 0.18393450248639084 0.5057877353176916 0.04168953301668674 0.02220463978475227
6 0.2693286906368888 0.36558657444049014 0.03148901741285455 0.035757717535011314
6 0.3947890360689045 0.3355802049196175 0.036548331637205854 0.028199928659881836
6 0.5805760498637145 0.2818859323794262 0.04127677521477065 0.029199502481199423
6 0.6223607581406003 0.24642362137839022 0.046250880257724704 0.034886576302517014