6 0.3625 0.6171875 0.02421875 0.0265625
6 0.53046875 0.53046875 0.02421875 0.03359375
6 0.7359375 0.41875 0.02421875 0.0359375
6 0.7546875 0.371875 0.02265625 0.0453125
5 0.715625 0.5859375 0.01953125 0.02890625
5 0.5703125 0.65 0.0203125 0.02109375
5 0.44921875 0.70234375 0.01953125 0.02734375
5 0.32890625 0.75390625 0.0234375 0.025
6 0.23984375 0.68515625 0.01953125 0.02890625
6 0.3984375 0.8171875 0.0171875 0.0265625
6 0.51796875 0.7734375 0.0203125 0.0203125
6 0.665625 0.7203125 0.01796875 0.028125
6 0.8359375 0.6515625 0.01484375 0.025
6 0.86953125 0.6578125 0.015625 0.025
5 0.62578125 0.171875 0.01640625 0.02109375
5 0.54921875 0.221875 0.0140625 0.02265625
5 0.41953125 0.32109375 0.0203125 0.01953125
5 0.309375 0.40234375 0.0265625 0.01640625
5 0.2609375 0.4390625 0.009375 0.01875
5 0.2140625 0.47109375 0.01328125 0.02265625