5 0.54921875 0.871875 0.0203125 0.0234375
5 0.496875 0.65546875 0.02734375 0.0265625
5 0.50234375 0.7515625 0.0234375 0.0359375
5 0.5 0.56328125 0.0234375 0.0296875
5 0.49453125 0.42734375 0.03203125 0.04609375
6 0.675 0.3546875 0.028125 0.02890625
6 0.6234375 0.65546875 0.02109375 0.028125
6 0.6078125 0.74609375 0.015625 0.03203125
6 0.29609375 0.33359375 0.02109375 0.03046875
6 0.328125 0.36640625 0.0234375 0.034375
6 0.37890625 0.665625 0.0234375 0.0234375
5 0.45703125 0.87734375 0.0234375 0.03046875
5 0.35078125 0.82890625 0.03359375 0.0390625
6 0.39609375 0.75390625 0.02109375 0.0390625
6 0.6984375 0.3140625 0.0265625 0.06328125