2 0.6625 0.30088486457673136 0.059375 0.03428464067472685
2 0.63203125 0.4043644005808676 0.02265625 0.026826129336408933
2 0.63984375 0.4589609939131403 0.03203125 0.019903967337681648
2 0.634375 0.5082433785805495 0.0234375 0.023710220003181702
2 0.6375 0.5543007659134586 0.01328125 0.024373291335136216
2 0.640625 0.6034831532463676 0.02578125 0.026862492003499838
2 0.6484375 0.6369859965786404 0.0171875 0.01816874466899989
2 0.68203125 0.6592513479074134 0.0125 0.013426700668363623
2 0.740625 0.6593507978994592 0.028125 0.011264764003817974
2 0.79375 0.654045132558914 0.0171875 0.007231244668999892
2 0.8234375 0.6240121872215505 0.0296875 0.015189195337363515
2 0.8140625 0.5655275252228232 0.03359375 0.028515898671227013
2 0.82109375 0.5115394592218687 0.025 0.017478401336727067
2 0.8234375 0.47479343722155054 0.0234375 0.016678970003181703
2 0.8171875 0.41002241255573235 0.01015625 0.012618178668045488
2 0.81171875 0.35461729722314145 0.03046875 0.018323286004136196
2 0.77734375 0.3222047865611412 0.0234375 0.015116470003181703
6 0.49921875 0.7543473139322303 0.02890625 0.022992604670590742
6 0.4875 0.2427649239338212 0.02265625 0.020576129336408934
6 0.35546875 0.2857074966184113 0.0234375 0.017460220003181703
6 0.35703125 0.30209556528486586 0.0421875 0.01845964600572696
6 0.36015625 0.43252795261777494 0.02265625 0.030732379336408933
6 0.35859375 0.5700461339513204 0.03515625 0.030096580004772378
6 0.35703125 0.6950643152848659 0.0453125 0.027871008672817867
6 0.259375 0.6985443986314561 0.03203125 0.023810217337681648
6 0.2625 0.6781955359643653 0.04453125 0.014580668006045272
6 0.2515625 0.5619165552991834 0.03671875 0.03636476133831792
6 0.25078125 0.4423943959659561 0.03359375 0.021484648671227013
6 0.246875 0.3299398492998197 0.03046875 0.024573286004136108
6 0.2515625 0.30879155529918345 0.03515625 0.013690330004772554
6 0.171875 0.6948750533100011 0.0296875 0.020657945337363516
6 0.16640625 0.33009493797741013 0.0359375 0.026980670671545238
6 0.09375 0.5582841199872733 0.03671875 0.02698976133831792
6 0.0828125 0.45684888932209144 0.03515625 0.028534080004772554