0 0.33431683749999996 0.1192560796875 0.130297509375 0.3898997265625 0.30027987343749996 0.4432889609375 0.463981271875 0.196105953125 0.33431683749999996 0.1192560796875
0 0.37645774374999996 0.37415837500000004 0.16594411874999998 0.631861759375 0.31000478125 0.6578010625 0.462360309375 0.42298778593749997 0.37645774374999996 0.37415837500000004
0 0.4801891625 0.426711725 0.337047846875 0.6619897890625001 0.44615230937500006 0.6906272546875 0.5693334359375 0.4708358203125 0.4801891625 0.426711725
0 0.5823000515625 0.48207318125 0.47250496406250003 0.6917729671874999 0.5498838359375 0.707656728125 0.6519945078125 0.50979665 0.5823000515625 0.48207318125
0 0.6698233609375001 0.520807546875 0.5687508125 0.716364509375 0.6455113078125 0.7277962703124999 0.7346555796875001 0.546935746875 0.6698233609375001 0.520807546875
0 0.7492429421875 0.5599193812500001 0.6649966593750001 0.7329355671875 0.7297931234374999 0.74299903125 0.799487796875 0.583083503125 0.7492429421875 0.5599193812500001
0 0.814075159375 0.5896910453124999 0.74520153125 0.7482486234375 0.793004596875 0.756450553125 0.8513536140625 0.6089047546875 0.814075159375 0.5896910453124999
0 0.865940759375 0.6100470796875 0.8111477609375 0.7652283453125001 0.8448704140625001 0.7695196328125 0.9015984687499999 0.6293362765625 0.865940759375 0.6100470796875
0 0.5255717796875 0.1300950421875 0.40477640625 0.334005546875 0.4850516171875 0.3624321296875 0.5952664515625 0.1742141203125 0.5255717796875 0.1300950421875
0 0.57944479375 0.4110879140625 0.6860314703125 0.231014915625 0.6195785078125 0.1958535125 0.502880471875 0.368888696875 0.57944479375 0.4110879140625
0 0.6578673375 0.45856593125 0.7541051796875 0.2925160109375 0.7054810703125 0.2574351109375 0.61147434375 0.421215575 0.6578673375 0.45856593125
0 0.7434192015625001 0.50671445625 0.8221791062499999 0.3450545875 0.7816589421875 0.3214375015625 0.6925146703125 0.4695067375 0.7434192015625001 0.50671445625
0 0.8061016203125 0.5325783656249999 0.873221428125 0.3924434875 0.835764490625 0.36119036875 0.7669246296875001 0.512317390625 0.8061016203125 0.5325783656249999
0 0.8579057421874999 0.5628969781250001 0.9164034671874999 0.4266499265625 0.881200171875 0.3990635640625 0.828395228125 0.5368617687499999 0.8579057421874999 0.5628969781250001
0 0.9080548234375 0.583821184375 0.9580073421874999 0.4605215734375 0.9292046265625 0.4407304671875 0.8771998359375001 0.5703980515625 0.9080548234375 0.583821184375
