2 0.36875 0.81875 0.015625 0.0171875
2 0.41953125 0.8203125 0.01484375 0.01640625
2 0.484375 0.825 0.009375 0.01015625
2 0.521875 0.8265625 0.00859375 0.01328125
2 0.5859375 0.8296875 0.0140625 0.015625
2 0.63671875 0.83125 0.01171875 0.0140625
2 0.66640625 0.7953125 0.01328125 0.01953125
2 0.66953125 0.740625 0.01328125 0.01640625
2 0.66640625 0.68671875 0.0109375 0.01796875
2 0.64921875 0.653125 0.0109375 0.01328125
2 0.6140625 0.64453125 0.0109375 0.015625
2 0.565625 0.64453125 0.01484375 0.01484375
2 0.515625 0.640625 0.009375 0.0125
2 0.47109375 0.63984375 0.0125 0.01171875
2 0.4171875 0.63671875 0.0171875 0.015625
2 0.35234375 0.6390625 0.015625 0.0125
2 0.33203125 0.66328125 0.01171875 0.01484375
2 0.3296875 0.72421875 0.01484375 0.02421875
2 0.33203125 0.78046875 0.01796875 0.02890625
2 0.309375 0.66640625 0.02109375 0.0390625
2 0.6875 0.67890625 0.01796875 0.025
6 0.2984375 0.35859375 0.02734375 0.0265625
6 0.2515625 0.4875 0.0140625 0.021875
6 0.43984375 0.3578125 0.01484375 0.0234375
6 0.575 0.36328125 0.02578125 0.02578125
6 0.70234375 0.3703125 0.01328125 0.02421875
6 0.71640625 0.36015625 0.01953125 0.03203125
6 0.446875 0.24921875 0.0140625 0.02734375
6 0.56796875 0.25703125 0.01875 0.01796875
6 0.6875 0.2625 0.01171875 0.01953125
6 0.6984375 0.25703125 0.0109375 0.0296875
6 0.31484375 0.25078125 0.0078125 0.021875
6 0.32578125 0.2515625 0.0078125 0.03359375
6 0.32578125 0.16875 0.0109375 0.0125
6 0.6984375 0.178125 0.009375 0.01953125
6 0.45703125 0.09453125 0.01328125 0.01328125
6 0.56171875 0.09609375 0.0109375 0.01953125