0 0.8239837968750001 0.690119190625 0.7492297171875 0.572403084375 0.5213799171875 0.7269601406249999 0.5893307734375 0.87015406875 0.8296591187500001 0.6888578937500001 0.8239837968750001 0.690119190625
0 0.6246431453125 0.6115709421875 0.8106374687500001 0.49430967968750006 0.7764323828124999 0.436257134375 0.5949089015625 0.5436634640625 0.6246431453125 0.6115709421875
0 0.7544558015625 0.408515475 0.7058939843750001 0.3486187625 0.5429939171875 0.435170496875 0.5842115 0.4977063796875 0.7544558015625 0.408515475
0 0.6869898375 0.3238193640625 0.6491815390625 0.27422057031249997 0.49876513281249996 0.3511505203125 0.527825675 0.3990683484375 0.6869898375 0.3238193640625
0 0.47979463750000007 0.327775621875 0.623198546875 0.24636233437500002 0.600017484375 0.2100270359375 0.45073409687500005 0.2798577953125 0.47979463750000007 0.327775621875
0 0.5395129546875 0.568845840625 0.29348428437499996 0.70015994375 0.3248921046875 0.8404499265625001 0.5712542234375 0.6423832453125 0.5395129546875 0.568845840625
0 0.48645242499999997 0.46615494375 0.2696842765625 0.563154578125 0.290532003125 0.6709735796875 0.50821015 0.5333364578124999 0.48645242499999997 0.46615494375
0 0.44768089531250005 0.38242343125 0.2449645265625 0.4644125640625 0.266233440625 0.5446749109375 0.4688508140625 0.43416847656249996 0.44768089531250005 0.38242343125
0 0.40321071249999996 0.2882876859375 0.22655767343750002 0.3597278390625 0.2455993140625 0.43226732187500005 0.41679421093749996 0.34841549843749997 0.40321071249999996 0.2882876859375
0 0.371156790625 0.21520061093749998 0.208807584375 0.27361369999999996 0.22155813750000003 0.3352093859375 0.38764395 0.26159784531249997 0.371156790625 0.21520061093749998
0 0.35108052968750003 0.1630226265625 0.191576090625 0.2157141328125 0.2097014015625 0.26598660937499996 0.36131311093749996 0.202476896875 0.35108052968750003 0.1630226265625
0 0.3234527625 0.11336475937499998 0.1711618359375 0.1567653375 0.182472840625 0.2030129921875 0.33964517031249997 0.1473181734375 0.3234527625 0.11336475937499998
0 0.5562166703125 0.14582690468749998 0.41958839374999995 0.2001924875 0.4385630640625 0.2437932140625 0.5803596265625 0.182867825 0.5562166703125 0.14582690468749998
0 0.5246085453125 0.0996309875 0.389225471875 0.14669403125 0.4093648734375 0.18841538124999999 0.54040794375 0.13865672812500002 0.5246085453125 0.0996309875
0 0.487530225 0.056434709375 0.3683218375 0.0982539953125 0.3866212296875 0.13322536093749998 0.5115696578125 0.087115903125 0.487530225 0.056434709375
