6 0.668588314311871 0.707045814091314 0.022928960772388506 0.04713862933640911
6 0.635230913647941 0.6660299154200869 0.02911532825883114 0.036273854670590744
6 0.609150723560008 0.4485242420830417 0.027561918617910842 0.03781817333704538
6 0.2340815041052166 0.7246476533656804 0.03235850292686626 0.05662271733768165
6 0.27425250703208287 0.6688612773710891 0.026830665592848746 0.046402832670272606
6 0.29501095550783124 0.4581510440404072 0.01896816861791084 0.037718176002545435
6 0.3147427142884299 0.28961922004295254 0.03065510236113216 0.03238578600413611
6 0.32947335568078184 0.17493910204486157 0.02910169272021177 0.033930104670590745
6 0.5568352863989411 0.17445948607572379 0.017346581283893416 0.027543744668999892
6 0.5788324853656688 0.28800436541213276 0.022901689695149587 0.04245112933640893
5 0.4474239249626226 0.17943679272754265 0.028311352361132157 0.03235851400381802
5 0.45145237392935034 0.292772586728179 0.029169870413308985 0.045648854670590745
5 0.4554535518188391 0.4107958807288153 0.03928975897699054 0.0395170333386361
5 0.4568700851927182 0.5701981527291335 0.02675794272021186 0.03390283267027261