1 0.130297509375 0.60403156875 0.33431683749999996 0.8651728640625 0.463981271875 0.782283771875 0.30027987343749996 0.5427252796875 0.130297509375 0.60403156875
1 0.16594411874999998 0.36040926875 0.37645774374999996 0.6083078234375 0.462360309375 0.5554774359375 0.31000478125 0.3277602328125 0.16594411874999998 0.36040926875
1 0.337047846875 0.3223119546875 0.4801891625 0.5509231046874999 0.5693334359375 0.5026470484375001 0.44615230937500006 0.2885928671875 0.337047846875 0.3223119546875
1 0.47250496406250003 0.2862197609375 0.5823000515625 0.49080575781249997 0.6519945078125 0.4598362171875 0.5498838359375 0.2667320203125 0.47250496406250003 0.2862197609375
1 0.5687508125 0.25714549531249997 0.6698233609375001 0.44799492812499997 0.7346555796875001 0.41884712031250004 0.6455113078125 0.24213855781250002 0.5687508125 0.25714549531249997
1 0.6649966593750001 0.23609171562500003 0.7492429421875 0.40518406718750005 0.799487796875 0.37967975468750004 0.7297931234374999 0.2230103078125 0.6649966593750001 0.23609171562500003
1 0.74520153125 0.2170430578125 0.814075159375 0.3723927953125 0.8513536140625 0.3514428140625 0.793004596875 0.2066146640625 0.74520153125 0.2170430578125
1 0.8111477609375 0.196991840625 0.865940759375 0.34962108125 0.9015984687499999 0.3286711 0.8448704140625001 0.1911298953125 0.8111477609375 0.196991840625
1 0.40477640625 0.6471416890625 0.5255717796875 0.845426059375 0.5952664515625 0.7980608984375 0.4850516171875 0.614976228125 0.40477640625 0.6471416890625
1 0.6860314703125 0.7370326546875 0.57944479375 0.5619240109375 0.502880471875 0.60768926875 0.6195785078125 0.7752891546875 0.6860314703125 0.7370326546875
1 0.7541051796875 0.6723609765624999 0.6578673375 0.5107934046875 0.61147434375 0.55030455 0.7054810703125 0.7097065796875001 0.7541051796875 0.6723609765624999
1 0.8221791062499999 0.6166518046875 0.7434192015625001 0.4586602375 0.6925146703125 0.4982388734375 0.7816589421875 0.6421561484375 0.8221791062499999 0.6166518046875
1 0.873221428125 0.5668855703125 0.8061016203125 0.42987684843749996 0.7669246296875001 0.4519625203125 0.835764490625 0.599883275 0.873221428125 0.5668855703125
1 0.9164034671874999 0.5306678953125 0.8579057421874999 0.3971454203125 0.828395228125 0.424555103125 0.881200171875 0.559893878125 0.9164034671874999 0.5306678953125
1 0.9580073421874999 0.4948585171875 0.9080548234375 0.3738854828125 0.8771998359375001 0.388745709375 0.9292046265625 0.5159911312500001 0.9580073421874999 0.4948585171875