0 0.44551282031249995 0.7108262109375 0.22516025625 0.54985755 0.14503205156250001 0.6652421640624999 0.1394230765625 0.6638176625 0.3709935890625 0.8518518515625001 0.44551282031249995 0.7108262109375
0 0.16746794843749999 0.4700854703125 0.3477564109375 0.5925925921874999 0.3806089734375 0.5256410265625 0.20432692343749997 0.41310541250000005 0.16746794843749999 0.4700854703125
0 0.27884615468749996 0.327635328125 0.2275641015625 0.3860398859375 0.3934294875 0.4800569796875 0.4375 0.41880341874999993 0.27884615468749996 0.327635328125
0 0.3389423078125 0.25498575625000003 0.2988782046875 0.30341880312499997 0.4543269234375 0.3831908828125 0.4855769234375 0.33618233750000004 0.3389423078125 0.25498575625000003
0 0.3661858984375 0.22792022812499999 0.5056089734375 0.3133903125 0.5368589734375 0.2663817671875 0.391025640625 0.1923076921875 0.3661858984375 0.22792022812499999
0 0.6743465734375 0.6906843968749999 0.4347586484375 0.5523989968749999 0.3996399140625 0.6249145515625 0.6364559921875 0.8298718765625 0.6743465734375 0.6906843968749999
0 0.7044868609375 0.5545560234375 0.4925238 0.45138889375 0.46767072656249997 0.5178472578125 0.6786523953125 0.66162331875 0.7044868609375 0.5545560234375
0 0.733765915625 0.45666594375 0.5351374359375 0.3688973125 0.511589365625 0.41995717812500005 0.7087925671875 0.5362016406250001 0.733765915625 0.45666594375
0 0.757017028125 0.35265775625 0.5839259421875 0.27618116718749997 0.5675641203125 0.3358329 0.73462715 0.4245457609375 0.757017028125 0.35265775625
0 0.778748496875 0.26717593906250003 0.6193359625 0.20412441874999998 0.6007130546874999 0.24997978125000003 0.7631502171875 0.3283177609375 0.778748496875 0.26717593906250003
0 0.7986497359375 0.20985543906249998 0.6418119921875001 0.1526004203125 0.6297581343750001 0.191703959375 0.7782106453125001 0.2595331984375 0.7986497359375 0.20985543906249998
0 0.8217782296875 0.1515796140625 0.671712090625 0.10381255625000001 0.65396233125 0.13724950625000001 0.8083314296875 0.19743600625 0.8217782296875 0.1515796140625
0 0.5716679734375 0.1877292984375 0.4377532984375 0.129467196875 0.4119201421875 0.16575644843749998 0.5506909953125 0.2307196578125 0.5716679734375 0.1877292984375
0 0.6044781609375 0.135185521875 0.4714673421875 0.0842522578125 0.453874134375 0.1227660890625 0.5824254421874999 0.176265203125 0.6044781609375 0.135185521875
0 0.6276065828124999 0.08741845312499999 0.5105046578125 0.042191849999999996 0.48507069375 0.072132990625 0.60770534375 0.12181075156250001 0.6276065828124999 0.08741845312499999
