6 0.6203432744950843 0.25604507924891295 0.03217215056573401 0.02459146733768165
6 0.5818302203385541 0.2963342719207763 0.02822953912941557 0.018296014003817973
6 0.38082171136156373 0.33773307328136604 0.03999828610435356 0.027026124005408825
6 0.24705069935951118 0.3697563272995016 0.022765334308955422 0.019013629336408933
5 0.48290586524694756 0.5154393552673666 0.042364762002052456 0.03095964600572696
5 0.346246202580965 0.5068739719525931 0.043123286104353474 0.02706248667249973
5 0.25017063329912426 0.5048671239656379 0.035324421642972934 0.029315330004772377
5 0.1548944947354427 0.49972618531191004 0.04074317466803503 0.020785214672181595
6 0.24702238652057806 0.6431756459659561 0.029887487899751618 0.034720445337363515
6 0.37415705826174683 0.6776313672820024 0.035310786104353474 0.026971580004772556
6 0.5628559438985622 0.7379314259230035 0.04000283128389341 0.027807374005408825
6 0.6063877752806514 0.7749223485837311 0.044722147540672094 0.03333066800604527