6 0.26875 0.628125 0.03203125 0.053125
6 0.30546875 0.58046875 0.03203125 0.04921875
6 0.34453125 0.38828125 0.0359375 0.0671875
6 0.37109375 0.26796875 0.04140625 0.053125
6 0.74296875 0.60859375 0.0328125 0.03203125
6 0.74296875 0.55703125 0.04140625 0.0546875
6 0.69609375 0.3890625 0.05859375 0.06171875
6 0.64765625 0.2421875 0.0328125 0.06328125
5 0.50703125 0.1703125 0.0421875 0.04765625
5 0.5171875 0.2453125 0.03046875 0.05625
5 0.521875 0.35625 0.04765625 0.0421875
5 0.525 0.4921875 0.03046875 0.03203125
5 0.45078125 0.75390625 0.0359375 0.04609375
5 0.75078125 0.74609375 0.053125 0.065625
5 0.45390625 0.03984375 0.03046875 0.03125
5 0.5546875 0.04375 0.03203125 0.04296875