6 0.240625 0.71796875 0.0328125 0.0421875
6 0.27109375 0.671875 0.0296875 0.0546875
6 0.29765625 0.4421875 0.02578125 0.08125
6 0.3203125 0.290625 0.028125 0.0515625
6 0.33125 0.18359375 0.01953125 0.0359375
6 0.56328125 0.18359375 0.03515625 0.040625
6 0.5828125 0.30546875 0.021875 0.04921875
6 0.6046875 0.4515625 0.03515625 0.04296875
6 0.63671875 0.66484375 0.034375 0.046875
6 0.67578125 0.69765625 0.02890625 0.071875
5 0.4625 0.575 0.05 0.04296875
5 0.4515625 0.4140625 0.03828125 0.03125
5 0.44921875 0.29921875 0.0296875 0.0546875
5 0.45 0.1796875 0.0453125 0.0578125
5 0.490625 0.03046875 0.02421875 0.03828125
5 0.39453125 0.03203125 0.021875 0.03203125