6 0.38324734098031615 0.8452885726608633 0.02431079528527027 0.019705004942915848
6 0.41104270119556385 0.8058732455885569 0.028236315963434677 0.037019838935304604
6 0.5944694772504118 0.7595433681356893 0.04168023180303493 0.024311591901054187
6 0.7223739993763182 0.7265464788198239 0.03181508023145838 0.030147756425790463
5 0.4857750657540377 0.6022800133830539 0.03550300641014079 0.025619423916276675
5 0.6205674427185084 0.5999747085538687 0.03348674214211726 0.032555173421985016
5 0.7178234323794263 0.5953601458160183 0.050492305624352515 0.029349260380123355
6 0.34413541356328864 0.3571200692008222 0.03259633023145838 0.030179589923887827
6 0.3849445041338292 0.396211744105682 0.039482031017246656 0.027341091406762618
6 0.5836024820079228 0.4425150356261753 0.03134204528527036 0.019991506425790638
6 0.7018816011145106 0.4707275603407547 0.05705052067816432 0.019479511862997966
5 0.8007450942900849 0.601078246614321 0.02683648180303493 0.023706755437207506
5 0.2174210179875681 0.5328628740300074 0.028580918320799585 0.027676672433401706