1 0.885462071875 0.265321884375 0.7324534890625001 0.26368881875 0.7352513203125 0.641419365625 0.8978621828125 0.6356524671875 0.885462071875 0.265321884375
1 0.73504929375 0 0.7328710109375 0.251732525 0.8869593859375 0.24904290156250003 0.875335809375 0 0.73504929375 0
1 0.676991171875 0.2614935 0.680050825 0.0051943703125 0.5455334296875 0.0016853515625 0.53494681875 0.2566515609375 0.676991171875 0.2614935
1 0.671750459375 0.6525427203125 0.681594571875 0.27356803125 0.5311182999999999 0.2698967484375 0.5169735390625 0.65085154375 0.671750459375 0.6525427203125
1 0.3620924203125 0 0.33870670625 0.2615412015625 0.47937396718749997 0.2576215890625 0.495701646875 0 0.3620924203125 0
1 0.4567067734375 0.64165365625 0.47592638750000005 0.280381303125 0.33413841875 0.2718707890625 0.30282305625 0.6384826796875 0.4567067734375 0.64165365625
3 0.9153505531249999 0.277597565625 0.905999121875 0.2821536140625 0.8995803375 0.295444015625 0.7151795328125 0.29866274375 0.6986974203125 0.28870059531250003 0.693310559375 0.322472675 0.9181791968749999 0.31708327187499996 0.9153505531249999 0.277597565625
3 0.7086524515625 0.2445990265625 0.7097175328125 0.2086107375 0.506215596875 0.2100617984375 0.5098117625 0.227570109375 0.6975294421875 0.22575779218749997 0.7001811859375 0.24621110000000002 0.7086524515625 0.2445990265625
3 0.5063837515625 0.3257354953125 0.5082782390625 0.2798165984375 0.4978656078125 0.280492071875 0.49972653125 0.299494978125 0.3068032953125 0.3057909765625 0.291033078125 0.32363742812499996 0.29064711875000004 0.3587864265625 0.3133814265625 0.358389596875 0.32045230625 0.3245881203125 0.5063837515625 0.3257354953125
3 0.704552496875 0.6270777453124999 0.705882771875 0.5889836515625 0.485377765625 0.5899040671875 0.47988851875 0.6266064484375 0.48657355312500006 0.6279539703125 0.4904020703125 0.6147088796875 0.6974348531250001 0.6140236234375 0.6950856984375 0.633100015625 0.704552496875 0.6270777453124999
3 0.2686494765625 0.5966614046875 0.27799111875000004 0.5525247249999999 0.23946324218749998 0.5473402046875 0.22538145312500002 0.5168364640625 0.21622163906249997 0.5140678359375 0.20874144375 0.5595905109375 0.21606368593749997 0.5667840328125 0.2201991921875 0.544747946875 0.23463913593750002 0.5649954921875 0.24795792031250002 0.56915583125 0.262220903125 0.570371175 0.257192253125 0.593887059375 0.2686494765625 0.5966614046875
3 0.2924142953125 0 0.2825648140625 0.0118975609375 0.270354034375 0.16878666874999998 0.2751225203125 0.20091718281249998 0.290125271875 0.20504803124999998 0.2900419515625 0.279726828125 0.302441109375 0.29146780156249996 0.306119153125 0.253089478125 0.2976478265625 0.2547016515625 0.30183895625 0.182879665625 0.276783246875 0.1774599875 0.2945679234375 0 0.2924142953125 0
3 0.2623329 0.16807006093750002 0.26711613437500004 0.1410221609375 0.2547929375 0.132451721875 0.23905053281250002 0.1254052234375 0.23223547656250002 0.1518808515625 0.23177499687499997 0.16506725 0.24575880312499998 0.15018059374999998 0.2504527703125 0.1603485078125 0.2505272890625 0.18231110781249998 0.2623329 0.16807006093750002
3 0.255700746875 0.251041021875 0.2589708046875 0.205591834375 0.24876435156249999 0.208698503125 0.2493505125 0.21600960468750002 0.24325175312499997 0.221973084375 0.23781813281250003 0.2088895703125 0.2307005453125 0.1958355453125 0.22386213124999998 0.1988834234375 0.223680828125 0.228171821875 0.23095190937500001 0.2368304453125 0.24074915937500002 0.245444975 0.255700746875 0.251041021875
0 0.6886050390625 0 0.6858202171875 0.19960545624999998 0.729707196875 0.1959108921875 0.7298767109375001 0 0.6886050390625 0
0 0.727743534375 0.5654088640625 0.7295680015625 0.3291387578125 0.6847717078125 0.3260201375 0.6815351515625 0.5632869203124999 0.727743534375 0.5654088640625
2 0.7052603526402544 0.4631808750049429 0.0189781784931208 0.029219895697928953
2 0.7018054812260426 0.539757011774418 0.017224705534962935 0.023723872158978664
2 0.7048734945577044 0.11652406331654566 0.013291173683797375 0.02287443831160272
2 0.5139483941948846 0.12844518506848712 0.011865082939624471 0.026753414772652383
2 0.4975024163425853 0.4652457556853381 0.016852683302444226 0.03542898538950343
2 0.4917037949283733 0.5418628027632388 0.013318455534962937 0.023655688311602675
2 0.2892335593563436 0.5266583628267829 0.012428078130301135 0.02051705154212762
2 0.3196329098039813 0.19273733035937896 0.012318950725639422 0.01739205154212753
5 0.257447912251052 0.028298729303718732 0.01717014183263199 0.022161372158978565
5 0.25279512858578806 0.07210327638161942 0.012591769237293705 0.02520455154212753
5 0.22037197586856488 0.35218624269639937 0.013263891832631991 0.022093188311602674
5 0.21466512369164664 0.40381692654377516 0.013990578130301135 0.020544325081077907
5 0.20725936225890126 0.45938113393010144 0.010865578130301045 0.02048977800317715
6 0.25610857922660946 0.37967031453106637 0.01092014183263199 0.02205227800317715
6 0.24729408521705923 0.4532169086868677 0.013154764427970278 0.018968188311602675
6 0.2401239367610053 0.5243924793037188 0.010701887023308565 0.01580227800317715
5 0.0920957307627063 0.023377224432454772 0.020786215153609677 0.03627841923687925
5 0.0837003882044349 0.0625624553577313 0.016334328130301133 0.020585235389503388
5 0.07737597713450924 0.1095192759745823 0.012537205534962848 0.02364205154212754
5 0.07209571089244042 0.171292573052483 0.016334328130301133 0.020585235389503388
5 0.06807040980398131 0.1971283701303837 0.017142859981466564 0.021380122158978575
5 0.04413685808255001 0.3458931525977878 0.021966769237293692 0.025368192775829534
5 0.036113537756797195 0.39678349675358915 0.017579369600113404 0.03388012215897849
5 0.02636402632405181 0.45238861444834083 0.016470737386128264 0.02449148538950343
2 0.18593245536532682 0.6229351193196048 0.012318950725639422 0.01739205154212762
2 0.23024545055600337 0.6284078234595201 0.013318455534962848 0.023655688311602675
4 0.1600250671875 0.56354070625 0.127239903125 0.5566680578125001 0.1037814046875 0.5580248921875001 0.0841184265625 0.5754207140625 0.070580325 0.588920140625 0.05022499375 0.59495965625 0.045749496875000004 0.6139851078125 0.1055245421875 0.632836425 0.1284051078125 0.6324370421875 0.1427830078125 0.641659709375 0.154419134375 0.66703550625 0.181721290625 0.69592730625 0.24618548750000002 0.7052231078125 0.3072997234375 0.70131423125 0.3211839640625 0.6934929765625 0.334490309375 0.6866291359375001 0.3654101359375 0.6898788828125 0.41011489218749997 0.6881512265625 0.44420405937499996 0.694187709375 0.466786734375 0.7023198296875 0.5072325859375 0.697824390625 0.58138834375 0.6946352703125 0.589099384375 0.6765007390625 0.5607048140625001 0.67889109375 0.467861171875 0.6871432609375 0.41929476406250005 0.674727840625 0.33383109843750003 0.6743248859375 0.2970331515625 0.6834935 0.2516843296875 0.6880745187499999 0.20877942656249998 0.685033975 0.1770017734375 0.6751676265625 0.1692453671875 0.6478293828125 0.15787406406249999 0.6148700578125 0.14485057343750002 0.5980447796874999 0.15890025624999998 0.5854837859375001 0.1600250671875 0.56354070625
0 0.4988851140625 0 0.48874638593749997 0.1984290484375 0.5331863578125 0.20428492031249998 0.5430609875 0 0.4988851140625 0
0 0.5265016453125 0.3214863484375 0.47721260781249997 0.326033478125 0.46581571093749996 0.5744423765625 0.5171902109375 0.56880878125 0.5265016453125 0.3214863484375
0 0.320090365625 0.36888402343750004 0.269011246875 0.363620809375 0.248969859375 0.5477596984375 0.3033633296875 0.5648101921875 0.320090365625 0.36888402343750004
0 0.3527008875 0.017956770312500002 0.3005284015625 0.022358165625000002 0.28542595312499996 0.17420039375000002 0.3368486671875 0.182776440625 0.3527008875 0.017956770312500002
4 0.16459786875 0.041917826562499996 0.1863281359375 0.005914296875 0.16840051250000002 0.0033772453125 0.1586898296875 0.02349635625 0.15332515468750002 0.03641473125 0.14910145625 0.0635628421875 0.1465166421875 0.0906823953125 0.136507209375 0.119356509375 0.132333303125 0.1450787859375 0.12786064531250002 0.179356165625 0.1305635390625 0.21920810781250002 0.1305862671875 0.24200720156250002 0.1386040421875 0.27036665000000004 0.1538244328125 0.2800757796875 0.199191196875 0.2707341109375 0.2005086109375 0.2564613671875 0.177714225 0.252584396875 0.1574777 0.24581275156250001 0.1497814015625 0.23169734531250002 0.14382356875 0.21470175625 0.144819396875 0.186184975 0.1482237078125 0.15905111875 0.1517276046875 0.1290655921875 0.15416304218750002 0.1062235921875 0.157567353125 0.079089734375 0.16459786875 0.041917826562499996
2 0.8051338339511149 0.6886427508173695 0.016924605172143004 0.015130122158978665
2 0.7419344295046112 0.6874035791448583 0.012400796279135661 0.019735801542127618
2 0.593551493206942 0.6884320653451406 0.010729168874473949 0.01658352800317715