6 0.7037228380667214 0.21328125 0.02784831047058134 0.02890625
6 0.5846376473194868 0.28359375 0.02172104139585791 0.0359375
6 0.4260496258091312 0.3734375 0.03749604586008459 0.04453125
6 0.23583945738303091 0.48671875 0.028257413554836398 0.05234375
6 0.21785311647364045 0.53046875 0.03326251339268058 0.02578125
5 0.2515075474816425 0.31015625 0.031822744317957154 0.0328125
5 0.3917137617678276 0.24140625 0.023324451704283343 0.03828125
5 0.5049035085214166 0.19140625 0.03189092816533297 0.03671875
5 0.6187654111192045 0.13515625 0.03634660308425506 0.0234375
6 0.5441551489443398 0.06796875 0.03631932954530477 0.021875
6 0.43335006249917624 0.1203125 0.025640928165332966 0.03671875
6 0.29132224959296293 0.17421875 0.023955697240056483 0.0296875
6 0.11826262499835236 0.240625 0.06606137662320544 0.025