5 0.7467705390625 0.610116484375 0.604767140625 0.5346282453125 0.4967645671875 0.7042547953125 0.6514349187499999 0.8179312453125 0.7467705390625 0.610116484375
5 0.7074362703125 0.382763615625 0.6371606703125 0.4927806203125 0.76610434375 0.5745926156250001 0.8294392046875 0.43871374531249996 0.7074362703125 0.382763615625
5 0.5726458765625 0.30998870312500004 0.49343118593749996 0.39963746875 0.593433503125 0.4520351921875 0.670102065625 0.3525683140625 0.5726458765625 0.30998870312500004
5 0.4674305296875 0.4236160796875 0.3497765859375 0.55240793125 0.4634304453125 0.6314308109375 0.5734330390625 0.48045430468749994 0.4674305296875 0.4236160796875
5 0.321427003125 0.37388265625 0.197287071875 0.47714067031249996 0.28342609531249996 0.546173503125 0.40409566874999997 0.421839890625 0.321427003125 0.37388265625
5 0.43609642812500005 0.27413075937500003 0.342445359375 0.3539760625 0.4280962609375 0.398464371875 0.5227652234375 0.3087665625 0.43609642812500005 0.27413075937500003
3 0.7747711703125 0.622407334375 0.77943795625 0.632176403125 0.794104975 0.6019811328125 0.78543815 0.5939882515625 0.7821046796875 0.6019811328125 0.5927668453125 0.5078428203125 0.59743363125 0.5016261296875 0.5881000578125 0.49540946874999997 0.577777734375 0.5181955390625 0.5867667421875 0.518499984375 0.778104640625 0.6144144546875 0.7747711703125 0.622407334375
3 0.468464946875 0.6571744234375 0.47106329531249996 0.663520225 0.46326813125 0.675058009375 0.4723624984375 0.6831344968749999 0.487952825 0.658905071875 0.481023759375 0.65602060625 0.48145686562499995 0.6433290046875 0.32512063593749996 0.5371810765625 0.3116956375 0.54641134375 0.30779805625 0.5452575640624999 0.2965383890625 0.5562184796875 0.3073649796875 0.5591029453125 0.3168923953125 0.5510264765625 0.468464946875 0.6571744234375
3 0.1744142390625 0.376435140625 0.16965053125000001 0.3891267421875 0.17831182031249998 0.4139330375 0.19260294375 0.441046928125 0.18394165468749998 0.44739272812499997 0.1882723140625 0.45604608593749996 0.20776019375 0.443354484375 0.2034295625 0.4306628828125 0.18913844062500001 0.4116254796875 0.18091021406250002 0.386819184375 0.1848077796875 0.3781657890625 0.1778787578125 0.35624393906249996 0.1722489234375 0.34816747187499997 0.16142231875 0.3510519171875 0.1467265984375 0.3601035859375 0.151894903125 0.372396896875 0.1687844046875 0.362589740625 0.1744142390625 0.376435140625
3 0.3151601421875 0.368358653125 0.42472542031250005 0.4266246390625 0.42299316875 0.43643177499999997 0.43122138125 0.44047001874999997 0.44464640781250003 0.4306628828125 0.44507945624999995 0.41970196875 0.437717340625 0.41624059375 0.4299221765625 0.41739437187500006 0.31256176406249997 0.35912840625000003 0.30086901875 0.366627984375 0.2978375640625 0.358551515625 0.2824500109375 0.37470774218749997 0.2926408078125 0.373550675 0.3030343484375 0.37758891875 0.3151601421875 0.368358653125
3 0.3500364546875 0.3285266421875 0.3482858640625 0.3155341703125 0.3362818421875 0.300876003125 0.33478134375 0.2913342546875 0.3970522125 0.24369522031250002 0.3928008078125 0.2057172328125 0.4025540578125 0.1980550109375 0.401053575 0.1903927875 0.39555173125 0.1887270921875 0.38629863124999997 0.2040515375 0.39205055 0.2351939375 0.326028409375 0.2831661171875 0.3272788328125 0.30282139375 0.3402831890625 0.3208109640625 0.31252387187499997 0.347462175 0.318775975 0.35750982656249997 0.329529590625 0.3458499234375 0.3500364546875 0.3285266421875
2 0.74140625 0.74453125 0.01015625 0.01015625
2 0.76328125 0.69140625 0.01015625 0.015625
2 0.8125 0.57265625 0.01015625 0.01484375
2 0.82734375 0.534375 0.00703125 0.0125
2 0.84140625 0.4984375 0.0078125 0.01484375
2 0.85703125 0.46015625 0.009375 0.01015625
5 0.85078125 0.70859375 0.01015625 0.0140625
2 0.79375 0.7078125 0.009375 0.02578125
2 0.7796875 0.740625 0.01640625 0.0296875
5 0.665625 0.8421875 0.01328125 0.01953125
2 0.459375 0.73125 0.009375 0.0109375
5 0.4765625 0.70546875 0.01171875 0.0140625
5 0.44609375 0.6828125 0.0125 0.01640625
5 0.30703125 0.58125 0.01484375 0.01328125
5 0.1703125 0.45390625 0.0125 0.0125
5 0.1765625 0.4828125 0.0109375 0.0171875
2 0.29765625 0.609375 0.0109375 0.01015625
5 0.34375 0.29375 0.00703125 0.0109375
5 0.3671875 0.2765625 0.00859375 0.009375
5 0.38671875 0.26015625 0.00625 0.0125
5 0.4125 0.240625 0.01171875 0.0140625
5 0.25703125 0.359375 0.01015625 0.0125
5 0.2265625 0.37890625 0.01015625 0.01484375
5 0.196875 0.4046875 0.0109375 0.01171875
5 0.23046875 0.28828125 0.0109375 0.01640625
5 0.20859375 0.3046875 0.01171875 0.01796875
5 0.18515625 0.315625 0.01171875 0.0140625
5 0.134375 0.36640625 0.00859375 0.0109375
0 0.8370211671875 0.44299338125 0.79165126875 0.5402949453125 0.8049011765625 0.5493162609375 0.8470064781250001 0.449297325 0.8370211671875 0.44299338125
0 0.7554270640625 0.62129160625 0.687712996875 0.7749038984375 0.704496228125 0.7874552828125 0.7692736140624999 0.6305628296875 0.7554270640625 0.62129160625
0 0.560691621875 0.5069370546874999 0.4766472125 0.6260404687500001 0.515936334375 0.6540237453125 0.5995580734375 0.5300787 0.560691621875 0.5069370546874999
0 0.6605577312500001 0.373055578125 0.5979888578125 0.45082534843750005 0.6397997078125 0.472790278125 0.6954493703125 0.3888528328125 0.6605577312500001 0.373055578125
0 0.5226248421874999 0.3147740765625 0.455613003125 0.382369678125 0.4844683953125 0.3976666859375 0.55042355 0.32628063749999997 0.5226248421874999 0.3147740765625
0 0.44125597499999997 0.44112199375000005 0.4121061703125 0.426609434375 0.3170011921875 0.519175990625 0.34850655 0.5415331640625001 0.44125597499999997 0.44112199375000005
0 0.1978673609375 0.4218393546875 0.21727809062499998 0.44984608281250005 0.3003109078125 0.3843434703125 0.26939443281250003 0.366300840625 0.1978673609375 0.4218393546875
0 0.4257434765625 0.280402225 0.3963482546875 0.2659903015625 0.345949509375 0.309427328125 0.36420495937499997 0.33335342031250004 0.4257434765625 0.280402225
0 0.24436681249999997 0.303151628125 0.17782277500000002 0.3443358984375 0.19313378750000001 0.39258032656249997 0.25850005781249996 0.348650440625 0.24436681249999997 0.303151628125
0 0.3782654203125 0.20398388125000003 0.3326267984375 0.2361468296875 0.33439346875 0.268309790625 0.3862153578125 0.2361468296875 0.3782654203125 0.20398388125000003
6 0.30546875 0.27421875 0.01015625 0.015625
3 0.27257925625 0.25748926562499996 0.281597825 0.2631428 0.283719834375 0.2765699390625 0.2879638640625 0.278925578125 0.2953909328125 0.27586325 0.3029948046875 0.26714738125 0.302464296875 0.2624361109375 0.299458121875 0.2591382140625 0.294860425 0.25819595781250004 0.28937855 0.2619649765625 0.2877870359375 0.257724828125 0.285665015625 0.252777990625 0.2881407046875 0.251835734375 0.289201709375 0.2450043828125 0.28528967656250004 0.237529903125 0.27806113125 0.24194205000000002 0.2791221359375 0.246653328125 0.27257925625 0.25748926562499996
3 0.317848915625 0.2475955859375 0.308830346875 0.253955809375 0.3167879 0.2612582875 0.3284589859375 0.251129040625 0.325629640625 0.2442976890625 0.32209295781249997 0.23087055156249997 0.3121902015625 0.22922160468750002 0.305293665625 0.23204837031249997 0.2989276140625 0.232755059375 0.296628753125 0.22969273124999998 0.28703979375 0.23701135 0.299458121875 0.24241317968749998 0.3118365453125 0.2367596453125 0.316257415625 0.238879721875 0.317848915625 0.2475955859375
5 0.33828125 0.21640625 0.00859375 0.01484375
5 0.353125 0.20625 0.0109375 0.01875
5 0.3671875 0.19375 0.0125 0.01328125
3 0.434794975 0.270016140625 0.5380483640625 0.313299621875 0.5380483640625 0.320994453125 0.5445468328125 0.3229181578125 0.551767328125 0.3181088984375 0.5535724875 0.3060856984375 0.549240190625 0.30175736406250003 0.5423806609375 0.305123846875 0.4358780609375 0.262802234375 0.42432522187500005 0.2685733640625 0.4181878140625 0.26328316093750004 0.4117357234375 0.26897075937500003 0.416021640625 0.2738635578125 0.42685240625 0.27723005624999997 0.434794975 0.270016140625
3 0.6856339078125 0.3703555125 0.8480955203124999 0.4396090703125 0.8480955203124999 0.44586112499999997 0.8585652749999999 0.45067038437500007 0.8650637437500001 0.43095236875 0.6860660453125 0.35895851562500003 0.6762472390625 0.3799740640625 0.679496475 0.3823786953125 0.6856339078125 0.3703555125
4 0.5419073640625001 0.7823488515625 0.5104978578125 0.7648208484375 0.4674159171875 0.745031175 0.425182871875 0.7128022765625001 0.413510421875 0.69159905 0.3737714546875 0.6589932484375 0.363160140625 0.64259608125 0.33281177031250003 0.62704705 0.309963415625 0.6250680875 0.2900141421875 0.60782279375 0.2700648671875 0.5798345421875 0.24607657343749997 0.5576095421875 0.20532912187500002 0.5324483734375 0.18856324062500002 0.5109624375 0.159063775 0.506721796875 0.1316952984375 0.49447455468749996 0.1221451203125 0.46563817187499995 0.11195824375 0.468747978125 0.12023508125 0.4958881078125 0.1367887296875 0.507479196875 0.164590390625 0.517091334375 0.1869624609375 0.521042775 0.19502706718750001 0.534612840625 0.23365226093749997 0.556098765625 0.24935700624999999 0.5710823796875 0.265273984375 0.5874795374999999 0.2797053765625 0.60670379375 0.288097478125 0.6161827359375 0.3006188453125 0.6303182234375 0.3169602609375 0.6362551265625 0.3441252375 0.6404957687499999 0.363437840625 0.658023771875 0.38105263906250003 0.6806405328125 0.410217415625 0.7012646296875 0.41976759374999995 0.7182272046875 0.44353692968749997 0.7388650125 0.45096486562500004 0.743953790625 0.48683111874999996 0.7654397171875 0.5189102203125 0.7817606078125 0.5390717265625 0.7879802203125 0.5740890765625 0.8154030593750001 0.6052477796875 0.8421576249999999 0.621801428125 0.8523351703125 0.6277437484374999 0.8503562078125 0.62453960625 0.842683046875 0.6144887859375 0.8414351609375 0.608122 0.8363464031250001 0.5765002609375001 0.8092062625 0.5419073640625001 0.7823488515625
5 0.15 0.4375 0.015625 0.01328125
2 0.0671875 0.371875 0.009375 0.01328125
2 0.83359375 0.6375 0.02109375 0.0265625
3 0.7311528796875 0.7727567390625001 0.72898653125 0.767492871875 0.737482609375 0.739198534375 0.7536251328125 0.7442915203125 0.7612716046875 0.7301443328125 0.7404562421875001 0.7210901296875 0.720490453125 0.7680587375 0.7255881125 0.7742834953125 0.7039231140625 0.82691099375 0.6907541953125 0.8099343984375 0.683005896875 0.83283045625 0.6920285875000001 0.841794965625 0.6967014296875 0.855942115625 0.7111447703125 0.827647778125 0.7311528796875 0.7727567390625001
3 0.80120318125 0.6049925125 0.80969923125 0.607256053125 0.8063008109375 0.623100896875 0.81139846875 0.61913968125 0.813947284375 0.597635984375 0.8050263890625 0.5925429984374999 0.8058760218750001 0.5783958296875 0.796955128125 0.5648145453125 0.789733471875 0.578961715625 0.800353546875 0.585186471875 0.80120318125 0.5925429984374999 0.80120318125 0.6049925125
3 0.4692163171875 0.3892261015625 0.451308621875 0.40115364531250003 0.455487090625 0.4071174109375 0.4632470859375 0.39757538124999997 0.6044193734375 0.4687430359375 0.6002409046875 0.478285065625 0.6073294265625 0.4871478140625 0.6181485796875 0.4743092171875 0.6115824265625001 0.47033338281250003 0.6109855265624999 0.458803421875 0.4692163171875 0.3892261015625
4 0.30582911562500004 0.1773247671875 0.3270754234375 0.17666657187499998 0.3344869203125 0.1704136921875 0.345604165625 0.1707427890625 0.358203721875 0.174033778125 0.3722855921875 0.1707427890625 0.376732496875 0.166135409375 0.374509028125 0.15922433281249998 0.36783868750000004 0.161528028125 0.3601801171875 0.1690973 0.3443689265625 0.163502615625 0.3253460703125 0.163502615625 0.31521700625000004 0.1697554953125 0.3053350171875 0.16942639843750001 0.2917472625 0.1631735171875 0.26778340156249997 0.16745179999999998 0.24887874375000002 0.17065435625 0.24900758750000002 0.1835776484375 0.26827750156249996 0.17765386562500002 0.2892767515625 0.1746919734375 0.30582911562500004 0.1773247671875
2 0.81171875 0.74296875 0.015625 0.02109375
5 0.79921875 0.7765625 0.0109375 0.015625
5 0.7375 0.7625 0.009375 0.01484375
5 0.78046875 0.65 0.01015625 0.021875
0 0.30924038593750003 0.3151691125 0.32128773125 0.30641542187500004 0.3138950359375 0.28197803125 0.30047866875 0.28744908593749996 0.30568094375 0.3129806953125 0.263184228125 0.3412854046875 0.2711817203125 0.354925465625 0.3026691078125 0.33231176875 0.30924038593750003 0.3151691125