5 0.4640625 0.81171875 0.01953125 0.0234375
6 0.26875 0.7125 0.01953125 0.0109375
6 0.60234375 0.85234375 0.009375 0.0203125
6 0.58671875 0.87421875 0.01171875 0.015625
6 0.54765625 0.86484375 0.009375 0.0125
6 0.5171875 0.84609375 0.00859375 0.01484375
6 0.5140625 0.86015625 0.0125 0.0078125
6 0.478125 0.859375 0.01171875 0.01953125
6 0.45625 0.8484375 0.009375 0.009375
6 0.4421875 0.865625 0.0125 0.0078125
6 0.4921875 0.83125 0.0109375 0.015625
6 0.484375 0.8046875 0.00859375 0.0125
6 0.46328125 0.78828125 0.0125 0.01171875
6 0.41015625 0.88359375 0.00703125 0.0140625
6 0.3875 0.9140625 0.01015625 0.0046875
6 0.353125 0.91796875 0.01328125 0.01640625
6 0.30703125 0.9 0.01015625 0.01640625
6 0.278125 0.8734375 0.015625 0.01328125
6 0.24765625 0.85390625 0.0171875 0.0171875
6 0.221875 0.83515625 0.01015625 0.01171875
6 0.19765625 0.81640625 0.009375 0.01171875
6 0.17265625 0.79765625 0.0109375 0.01171875
6 0.15234375 0.78203125 0.01171875 0.01328125
6 0.13203125 0.76328125 0.0125 0.01015625
6 0.1125 0.74921875 0.00859375 0.01015625
6 0.09921875 0.72734375 0.0125 0.015625
5 0.46328125 0.80390625 0.01875 0.01875