6 0.6640625 0.1171875 0.0390625 0.02421875
6 0.70234375 0.1359375 0.025 0.02890625
6 0.6890625 0.19296875 0.01484375 0.01796875
6 0.68671875 0.2484375 0.0140625 0.0203125
6 0.6875 0.29921875 0.02578125 0.02109375
6 0.68828125 0.35078125 0.01640625 0.0203125
6 0.721875 0.4015625 0.02734375 0.01875
6 0.76015625 0.4390625 0.02734375 0.025
6 0.7546875 0.48203125 0.0125 0.0109375
6 0.73359375 0.55703125 0.0171875 0.02109375
6 0.703125 0.59609375 0.01484375 0.01796875
6 0.671875 0.6359375 0.0359375 0.025
6 0.653125 0.675 0.03046875 0.0171875
6 0.628125 0.715625 0.02578125 0.0109375
6 0.603125 0.74609375 0.015625 0.0125
6 0.57578125 0.775 0.0265625 0.02265625
6 0.55625 0.81015625 0.021875 0.01171875
6 0.5375 0.8375 0.0109375 0.01484375
6 0.66328125 0.33046875 0.025 0.01328125
6 0.63671875 0.31015625 0.02578125 0.015625
6 0.640625 0.284375 0.0171875 0.02734375
6 0.66171875 0.23984375 0.01796875 0.02890625
6 0.61015625 0.28828125 0.034375 0.01484375
6 0.5859375 0.3171875 0.040625 0.01328125
6 0.31796875 0.20859375 0.03828125 0.015625
6 0.27109375 0.153125 0.02109375 0.0203125