6 0.35435981826055973 0.1667455758229443 0.024529563140062206 0.018886355386194254
6 0.3864134550640278 0.20719785900043158 0.028655621018452492 0.03609203610435348
6 0.5754906365917065 0.260022356269957 0.04194457629424182 0.022892599336070064
6 0.7074077655026668 0.2975491064663488 0.03215234734092931 0.029083512002052548
5 0.48284665223554785 0.4137382296101322 0.035785581555913736 0.02441873789975162
5 0.6184579285439071 0.42076441354974525 0.03385135523343692 0.03143635236113216
5 0.7166147074831022 0.4287900161072692 0.050811342079257395 0.02763009631100797
6 0.3663472099021766 0.6543410245932803 0.032933597340929224 0.029088057181592398
6 0.40322558362205224 0.6166137656162898 0.039782836817585474 0.026003963797450604
6 0.5978709547110919 0.577187130372258 0.031560813140062295 0.01892726200205246
6 0.7136933757860142 0.5530678534412867 0.057251057878390375 0.017514752926866172
5 0.7992906995905944 0.42596447707604945 0.027100826294241997 0.022806240924813714
5 0.22063434954824213 0.47387734065366727 0.028890839448421433 0.026721581283893413