5 0.612890234375 0.44425282031249996 0.75357598125 0.3638057140625 0.6546129406250001 0.1593201453125 0.50192681875 0.278397803125 0.612890234375 0.44425282031249996
5 0.6460142171875 0.4849692390625 0.718210171875 0.592532165625 0.8392364921875 0.5323216000000001 0.7735298578124999 0.39865443125 0.6460142171875 0.4849692390625
5 0.503910553125 0.583131534375 0.58469006875 0.6700140625000001 0.681403028125 0.62403120625 0.6029982640625 0.527241653125 0.503910553125 0.583131534375
5 0.35758933437499996 0.4353776015625 0.4774913484375 0.5600608859375 0.5825017421875 0.499520971875 0.46986384374999995 0.352385840625 0.35758933437499996 0.4353776015625
5 0.206413615625 0.5159699140625 0.33235592187499996 0.614892865625 0.414187490625 0.564048778125 0.291347665625 0.4439290390625 0.206413615625 0.5159699140625
5 0.35372174843750004 0.6340654828125001 0.4487665234375 0.7106404171875 0.5348307484375 0.6729780734374999 0.4385961046875 0.5865861765625 0.35372174843750004 0.6340654828125001
3 0.5861876625 0.4616280171875 0.59690771875 0.48405362500000004 0.6061327796875 0.477511028125 0.60135748125 0.47145730468749997 0.789052125 0.3707071703125 0.7925251109375 0.37858364375 0.8010524203125 0.37028811093749997 0.785858340625 0.3406050234375 0.781362075 0.3505370609375 0.7848350609375 0.3584135328125 0.5951713562500001 0.46100966874999993 0.5861876625 0.4616280171875
3 0.30428462500000003 0.433426171875 0.315735615625 0.443993890625 0.31961305625 0.4427040046875 0.3331991703125 0.45146546093750006 0.48768258124999997 0.3398581515625 0.4870279421875 0.32718167343750004 0.493906659375 0.324055240625 0.47789340625000004 0.300370240625 0.46894001406249997 0.3087643109375 0.47693657187499994 0.3200298828125 0.4744489890625 0.3264664203125 0.3247292578125 0.437907396875 0.315060865625 0.43016363281250003 0.30428462500000003 0.433426171875
3 0.15789603125 0.6347726078125 0.17274974999999998 0.6433110906249999 0.183626703125 0.6458174624999999 0.18911556093749998 0.6375443984375 0.1956619359375 0.61538058125 0.191613325 0.6068632921875 0.19940855625 0.5817696609375 0.213367378125 0.5622332 0.21747647812499998 0.5493903703125 0.197767065625 0.5373793 0.19358745 0.5461838875 0.20235950625000002 0.552227228125 0.1885416578125 0.5798401765625 0.1803133640625 0.60494893125 0.18529860468749998 0.6174741796875 0.17991044218750002 0.6315161781249999 0.16284975625 0.622298815625 0.15789603125 0.6347726078125
3 0.293364528125 0.6154288859375 0.30903408906249996 0.6310477671875 0.31192456874999996 0.6228654375 0.32374821875 0.629956696875 0.4400915953125 0.567592415625 0.4479068984375 0.5684739796875 0.4552085953125 0.5647555140625 0.4545842234375 0.553809721875 0.4409880140625 0.5444713984375 0.43283028906250004 0.5487969781250001 0.43473372499999996 0.558543621875 0.32618548281250004 0.6206357125 0.31389857499999996 0.6118288890625 0.303575521875 0.6162300828125 0.293364528125 0.6154288859375
3 0.3239139625 0.6416242515625 0.352138478125 0.667306084375 0.33944813125 0.685749778125 0.33854079062500003 0.7054487203125 0.40540028906250003 0.7511153562499999 0.4001919640625 0.7824586171875 0.409712553125 0.7974599375 0.415185321875 0.7956021125 0.416552059375 0.7878874921875 0.40666506562500004 0.7805658609374999 0.4102535609375 0.7424394109375 0.34715115 0.6969749234375 0.348485096875 0.6873807765625 0.360233259375 0.67230341875 0.361757065625 0.659249815625 0.34094782343749996 0.64264265 0.3299906828125 0.631358271875 0.3239139625 0.6416242515625
2 0.7458654736183806 0.2295782732440089 0.010333528003177151 0.010510914065150524
2 0.7686677739426921 0.2819393814113769 0.010428985389503254 0.01597966406515052
2 0.819959312902918 0.398970624787955 0.010415348620028197 0.015198414065150522
2 0.8354712646072013 0.4367335196158118 0.007249438311602674 0.01274553666048881
2 0.8501610560030592 0.4721799462948342 0.008071598620028198 0.015116568511654193
2 0.8664542577073424 0.5099155592715257 0.00955227800317715 0.010483632213985138
5 0.8558677650142383 0.26169631408084904 0.010401711850553141 0.014417164065150524
2 0.7988501517837135 0.26446913921592524 0.009825013392680581 0.02610863221398514
2 0.7842149074657565 0.23214771253690297 0.016924447240056394 0.03026041887447395
5 0.6683796274339844 0.13456836280705542 0.013622169236879245 0.01999504146981228
2 0.46406604869945844 0.25270827151472836 0.009565914772652385 0.011264882213985139
5 0.48170356209213916 0.27788932078908896 0.01196421185055314 0.014471727767481467
5 0.45163027840691894 0.30160956298454067 0.012786372158978664 0.01684275961864685
5 0.3143405584386911 0.40802823249198683 0.015075575081077907 0.013799605172143181
5 0.17984460186314383 0.5401463064459368 0.012718188311602718 0.012936509618646851
5 0.18559004139256255 0.5110218016366133 0.01123750892845372 0.017569445916316085
2 0.30447463473758496 0.38023061470597197 0.01111477800317715 0.010538195916315996
5 0.35607763960555366 0.6942459854872117 0.0072221647726523844 0.01118303666048881
5 0.3798151485340074 0.7106150299522489 0.008757391233702094 0.009675100362819756
5 0.399632770692986 0.7263392336731131 0.006468188311602762 0.012718254809323426
5 0.4257549399298652 0.7449701825846541 0.01196421185055314 0.014471727767481467
5 0.26821340096963936 0.6316492709665742 0.010374438311602674 0.012854664065150522
5 0.2374037317327601 0.6131820131620259 0.010415348620028197 0.015198414065150522
5 0.20726621834007952 0.588437473506312 0.011142051542127529 0.012100695916316084
5 0.24289184699187985 0.7036706039061988 0.011223872158978576 0.016788195916316084
5 0.22073047483290126 0.6880282457388308 0.012032395697928955 0.018377977767481467
5 0.19710206006024894 0.6779092012737935 0.011964211850553052 0.014471727767481467
5 0.14543442004436286 0.6289012715995463 0.008784664772652384 0.011237600362819577
0 0.79967545 0.4320599828125 0.846743753125 0.5277771953125 0.8566190296875 0.52112455625 0.8127678906250001 0.4225759703125 0.79967545 0.4320599828125
0 0.6916420640625 0.201080634375 0.7620374437499999 0.35232830000000004 0.7757221640624999 0.34257354375000004 0.708206209375 0.18794316718749998 0.6916420640625 0.201080634375
0 0.4831747 0.35731464375 0.5692980671875 0.4734831625 0.6077605796875 0.44898427031250004 0.521975371875 0.3279593609375 0.4831747 0.35731464375
0 0.6075747375 0.5282924203125 0.6715010875 0.6038772375 0.706116984375 0.586861540625 0.6490021875 0.5048674234375 0.6075747375 0.5282924203125
0 0.46639378125000003 0.601719965625 0.5345855046875 0.6669754625000001 0.5621833656249999 0.6544981484375 0.49498216250000004 0.5854153046875 0.46639378125000003 0.601719965625
0 0.422114740625 0.5589995015625 0.4510112265625 0.5434690078125 0.35650911875 0.44629671875000004 0.32539400625 0.469754084375 0.422114740625 0.5589995015625
0 0.2268810625 0.5425663984375 0.2079591921875 0.5712509640625 0.2804556921875 0.6242916984375 0.3110572328125 0.6051694421875 0.2268810625 0.5425663984375
0 0.40916044218750003 0.7201689124999999 0.438304103125 0.7047304859375 0.37584131875 0.6539282625 0.35800350000000003 0.6784918484375 0.40916044218750003 0.7201689124999999
0 0.189267434375 0.6494543937499999 0.25653034531249996 0.6883148953125 0.26986940625 0.6423225390625 0.2037363375 0.6006752921875 0.189267434375 0.6494543937499999
0 0.34595990468750004 0.7522375859375 0.3921599328125 0.7828067984375 0.3995484640625 0.7503662328125 0.34716516875000003 0.7200129328125 0.34595990468750004 0.7522375859375
6 0.3181373088424329 0.7151140461943177 0.010428985389503431 0.01597966406515052
3 0.2985986421875 0.7525075625000001 0.30238020625 0.7448964703125001 0.3011999609375 0.7381021703124999 0.29870782500000004 0.7372463671875 0.300743496875 0.7322254265625 0.302261 0.7279297015624999 0.3078086625 0.7315072890625001 0.3123899125 0.730404478125 0.315338521875 0.727001603125 0.3157867953125 0.72227180625 0.3080307875 0.713821471875 0.300550265625 0.7110185015625 0.296347353125 0.7135223453124999 0.294459715625 0.7270235875 0.28553982968749997 0.73299205625 0.2922718515625 0.7435995125 0.29129308125 0.7483478406249999 0.2985986421875 0.7525075625000001
3 0.3126818484375 0.7471295125 0.30035781093749997 0.752965 0.3100745171875 0.7599487640625 0.312319925 0.7568061578124999 0.3186983109375 0.757290540625 0.32564418906250003 0.7598764734375 0.3355181625 0.7578817140624999 0.3388204734375 0.7443310734375 0.34153057656249997 0.7374009187499999 0.329682684375 0.7276792359375001 0.321852596875 0.735259596875 0.3309821828125 0.7413048859375 0.32954281875 0.7500763265625 0.3251589546875 0.7523507828125 0.3126818484375 0.7471295125
5 0.3519589297835955 0.7717807084453697 0.008852848620028197 0.015143850362819756
5 0.3669799577867727 0.7814186032732267 0.01126478246740401 0.019131945916316083
5 0.3812606460983754 0.7934275299522489 0.012731825081077907 0.013717759618646852
3 0.4244958859375 0.7166511125 0.43104725468750005 0.7221133984375 0.43709232187499997 0.7166088734375 0.44874589531250003 0.7219765687499999 0.55450976875 0.675935803125 0.5614280609375 0.6790627453125 0.56568480625 0.6745831250000001 0.56366978125 0.6626229625 0.556365340625 0.6580658484375 0.54990045 0.660216484375 0.5500347640625 0.667911315625 0.447536890625 0.714800484375 0.43946840312499996 0.7078639296875 0.42869640000000003 0.711608646875 0.4244958859375 0.7166511125
3 0.697255465625 0.6170835296875 0.8749965078124999 0.5388389390625 0.868153859375 0.51934785625 0.85776805 0.5245227265625 0.8578771796875 0.53077478125 0.69662439375 0.6057016234375 0.6902770953124999 0.5938927656249999 0.6870698328125 0.5964108625 0.697255465625 0.6170835296875
4 0.6172565453125001 0.1371064171875 0.627285584375 0.13550755 0.630355790625 0.12772249687499998 0.6243789265624999 0.1259510453125 0.608002928125 0.13670665625 0.577311228125 0.1645493078125 0.5427725453125001 0.1931949796875 0.522719603125 0.2001186484375 0.490925384375 0.21755976562499998 0.45543416875 0.24029816875 0.44809505781250003 0.2456463359375 0.42468595625 0.2671141875 0.4154318609375 0.2844102625 0.3866270796875 0.30605281562500003 0.3694070578125 0.3292846984375 0.3504004078125 0.3474871125 0.3233094515625 0.3526763765625 0.3070716640625 0.35918393593750003 0.29479703281249997 0.373756678125 0.28657038749999997 0.38352867968750004 0.27247455625 0.403256890625 0.25684379062499996 0.42020988125000003 0.2414005859375 0.4357419171875 0.20315042968750002 0.4585766640625 0.19532269062500002 0.4724283515625 0.17301959218750002 0.4771610421875 0.14538571250000001 0.4877440359375 0.12903438750000001 0.49991319062499995 0.1212312828125 0.527342353125 0.13147244062500002 0.5300964265625 0.140519278125 0.50092654375 0.167673978125 0.48772357343749995 0.1970994234375 0.4824527890625 0.213490265625 0.460381375 0.25379852812500003 0.433797275 0.27739888281249997 0.410734584375 0.2968596203125 0.3820496890625 0.3165078765625 0.3641077515625 0.33932168749999997 0.36133090625 0.36939865 0.3447220875 0.37972375 0.3279543640625 0.41889358125 0.2939608484375 0.43019592656250005 0.2723500109375 0.4718664140625 0.2386463015625 0.5146029249999999 0.2173521734375 0.5457064796875 0.1987273265625 0.5798305781249999 0.1706619046875 0.610978584375 0.142417509375 0.6172565453125001 0.1371064171875
5 0.1598184740221224 0.5572618845762378 0.015856825081077906 0.013826887023308565
2 0.07815146265803667 0.6257787607997731 0.009606825081077908 0.01360863221398514
2 0.839921211036479 0.3333902648064884 0.02155740016215546 0.027299109981466518
3 0.6947900671875 0.1340388640625 0.6859238515625 0.1433184515625 0.694071803125 0.1659439328125 0.70694439375 0.14850746875 0.729528009375 0.200378409375 0.7245390031250001 0.20678118125 0.7453246328125 0.25305256875 0.7659819531250001 0.2432714765625 0.758088540625 0.22939130937500002 0.742034915625 0.2350480046875 0.7330449578125 0.20705035781249997 0.7351194249999999 0.20171083906249998 0.7141531890625 0.1475185 0.69921596875 0.119728534375 0.6947900671875 0.1340388640625
3 0.7970827218750001 0.39346018437499997 0.80455131875 0.40735516875 0.81323515 0.393462359375 0.812138578125 0.3793448609375 0.8209705749999999 0.37394035 0.8180464109375001 0.352525659375 0.8128796093749999 0.3487424578125 0.8165546015625 0.3644686265625 0.8080980625 0.36702885625000004 0.8083153703124999 0.3794783703125 0.8075941437499999 0.386864565625 0.7970827218750001 0.39346018437499997
3 0.6273245468749999 0.504104559375 0.6162812953125 0.491643775 0.6093474734375001 0.500754059375 0.6136924984375 0.5101501749999999 0.473762446875 0.5862476734375 0.4658358953125 0.5769766296875 0.4617615234375 0.5830863109375 0.479877415625 0.594388503125 0.6204321484374999 0.51986049375 0.6208277921875001 0.5083096874999999 0.6273245468749999 0.504104559375
4 0.2632582921875 0.8077268156249999 0.2633550265625 0.82065460625 0.282315584375 0.823196996875 0.3063541234375 0.82663844375 0.3198327328125 0.8199110671875 0.329708978125 0.819236884375 0.3399471859375 0.82513605 0.3589700421875 0.82447175625 0.374683578125 0.8183249328125 0.38247427031250003 0.8256267625 0.389184821875 0.8276975234374999 0.3912876578125 0.8207088015625 0.38676033125 0.8162567109375001 0.372621015625 0.8134574718750001 0.36007890468750003 0.8171884468749999 0.34896740312499996 0.8179057671875001 0.3414467625 0.8119117031249999 0.320188965625 0.8119954453125 0.30368255624999996 0.8152062593749999 0.28263160625 0.812977678125 0.2632582921875 0.8077268156249999
2 0.8162052471573309 0.2286854066391204 0.015993192775829713 0.021639387023308566
5 0.8031188660698987 0.19552816625776726 0.011210235389503342 0.016006945916315997
5 0.7416455779204517 0.21174593249983603 0.009634098620028198 0.015171132213985139
5 0.7865780227248761 0.32274543068573747 0.010538079545304769 0.022229664065150524
0 0.274682134375 0.649524 0.3176729109375 0.6763446906249999 0.312916290625 0.7020579671875 0.32642815625 0.7070605125 0.33339429531250003 0.6823649640625 0.321194153125 0.674031975 0.31432365 0.65711879375 0.2824415375 0.635604659375 0.274682134375 0.649524