2 0.23502645810785866 0.7840153192732036 0.03144999466899989 0.018642992142117266
2 0.193146946093223 0.6780949590579559 0.03533806333545444 0.017262428659881833
2 0.17147139341976875 0.6290774162538849 0.02677158533577262 0.019205918320799497
2 0.12080722740290588 0.5071510663777195 0.02677158533577262 0.019205918320799497
2 0.07442257606617877 0.4842979172873422 0.026780676002545346 0.019987168320799498
2 0.1314350973901792 0.4128552568244256 0.020621582670272566 0.02750856989237609
2 0.07027832670272562 0.26249569189444816 0.03541078866963623 0.023512428659881835
2 0.041335166693180596 0.19349313482235356 0.02527272000318167 0.024601893713693722
2 0.254143702020999 0.142934400952404 0.022138629336408932 0.023675094499481998
2 0.26387323802513524 0.17296650330976887 0.03312158267027261 0.028090766749222996
2 0.3172629620464524 0.32759619127527556 0.025199994668999894 0.018351893713693633
2 0.2867311247214975 0.39077043341739276 0.02837044800286357 0.02240369292790536
2 0.32495892540576937 0.5187477301504051 0.028361357336090798 0.02162244292790554
2 0.3362236894095874 0.5463633079006641 0.026798857336090796 0.0215496683207995
5 0.3978173594445858 0.8014467601341945 0.0353926073360908 0.021949928659881834
5 0.442566238104677 0.7508987965281245 0.029233514003817972 0.02947133023145838
5 0.4795207980983137 0.7022772059575839 0.026798857336090796 0.0215496683207995
5 0.5527850280871778 0.6167891621200557 0.02207499466899989 0.018206344499482087
5 0.5828628794159507 0.5817763072814917 0.028388629336408934 0.023966192927905538
5 0.607462890077951 0.5462369135677978 0.028361357336090798 0.02162244292790554
2 0.40160159937936146 0.3205413624915593 0.02442783533577266 0.019096756410140792
2 0.4283817280394528 0.27083030686720677 0.024400563335454352 0.01675300641014079
2 0.39076245468649906 0.12797287283064152 0.026798857336090796 0.021549668320799586
2 0.38656530334977196 0.10315480934840615 0.02284715400222721 0.017461481803034928
2 0.4907164540101814 0.0521851606723137 0.02518181333545435 0.016789393713693722
2 0.5237573153644076 0.20463591853019655 0.020503404002227298 0.017352319892376133
2 0.49956638470717996 0.27533156224389027 0.018214198002863568 0.02193065798171734
2 0.5216873800524976 0.3626303550479612 0.024364200668363624 0.013628006410140791
2 0.528382822724361 0.40062050661953774 0.015824994668999892 0.017915246071058634
2 0.5496225707351787 0.47936193672716165 0.02442783533577266 0.019096756410140792
4 0.2141195796875 0.842774709375 0.3036917953125 0.852203534375 0.31542679218749997 0.8217353890625001 0.336986346875 0.804410375 0.37880225156249997 0.7616606125 0.39518063593749997 0.7146553375 0.44905842968750004 0.6695303546875 0.49806085468749994 0.6210055890625 0.53625186875 0.5784246609375 0.563842365625 0.5599120375 0.593680740625 0.5267872828125 0.62006294375 0.5083309359375 0.611467775 0.4969439734375 0.590895078125 0.4951820203125 0.5535749265625001 0.508707521875 0.524702315625 0.520932859375 0.5032165749999999 0.5446014375 0.4829391328125 0.5682137390625 0.461305765625 0.5791951875 0.45618786250000004 0.554952265625 0.4547053984375 0.531446734375 0.44264350781250006 0.5338219546875 0.41388689218749997 0.55601575 0.42515173281249996 0.5890395203125001 0.40523281562499996 0.643463415625 0.32525753281249997 0.731512775 0.2547482765625 0.8018936734375 0.2141195796875 0.842774709375
3 0.357265609375 0.5731603625 0.37230297343749996 0.6187024250000001 0.3915092 0.6069273078124999 0.3839114328125 0.5773596000000001 0.36905333281249997 0.5472233328125 0.3588597078125 0.5023623828125 0.3462073046875 0.4539890921875 0.3299405546875 0.406690859375 0.3138108890625 0.37117352656249997 0.2969158078125 0.3737738578125 0.3209279546875 0.463326928125 0.357265609375 0.5731603625
3 0.3393749515625 0.386303725 0.34807556875 0.4067529203125 0.36375180625 0.40330264375 0.37815647812500003 0.3944713046875 0.371904090625 0.3766282234375 0.37046380624999997 0.3567475859375 0.36178427812499997 0.33811083750000004 0.3496591203125 0.33504871718749996 0.341306484375 0.34450489218749997 0.33545480156249996 0.3610983015625 0.3284159125 0.3795604328125 0.3393749515625 0.386303725
3 0.30687837500000004 0 0.32082615 0.038989267187499996 0.3546101265625 0.137154353125 0.368839896875 0.21718918281250002 0.37525045625 0.24862561562500002 0.3356613375 0.2749508015625 0.3162969375 0.27313256875 0.3012912109375 0.23030917343750001 0.2749257375 0.1463059984375 0.2461647578125 0.0642278265625 0.2346890203125 0.013079589062499999 0.21402141874999997 0.003161625 0.226526190625 0.038847784375 0.26533316875 0.1530997828125 0.29670055 0.2513774203125 0.322823490625 0.31453745781250003 0.34676800625 0.29438121875 0.38162938125 0.277343378125 0.40570043437500003 0.26806181875 0.3968100109375 0.2313006015625 0.376507115625 0.1488284859375 0.3436256359375 0.024326646875 0.336294540625 0 0.30687837500000004 0
1 0.138654240625 0.48723060937499996 0.2519098890625 0.7657572906250001 0.3704979796875 0.6713759390625 0.27063905625 0.4012924390625 0.138654240625 0.48723060937499996
1 0.14747880468750002 0 0.0050491578125 0.0183349515625 0.153328715625 0.3976891109375 0.29650455781249996 0.3384311453125 0.16019025625 0 0.14747880468750002 0
1 0.38282065468750004 0 0.4538530859375 0.250404925 0.511440134375 0.21236090000000002 0.46845959375 0 0.38282065468750004 0
1 0.41591515 0.3147352171875 0.489904209375 0.5434080406249999 0.5364900375 0.49499583124999996 0.4844085140625 0.2789033640625 0.41591515 0.3147352171875