5 0.38515625 0.51328125 0.01484375 0.01640625
5 0.38125 0.45 0.01640625 0.0203125
5 0.38046875 0.39921875 0.01953125 0.01796875
5 0.375 0.3390625 0.01796875 0.0203125
5 0.375 0.28828125 0.01484375 0.0234375
5 0.16171875 0.43125 0.01875 0.0140625
5 0.16484375 0.5046875 0.0171875 0.0109375
5 0.1671875 0.565625 0.0125 0.0109375
5 0.17734375 0.48515625 0.01875 0.0203125
5 0.15703125 0.3890625 0.01640625 0.01640625
5 0.15703125 0.31796875 0.01640625 0.0109375
5 0.15234375 0.26015625 0.01953125 0.01796875
5 0.26484375 0.22109375 0.01328125 0.01640625
5 0.32578125 0.225 0.025 0.01328125
5 0.365625 0.24453125 0.01953125 0.01640625
5 0.334375 0.2 0.02578125 0.02265625
6 0.7078125 0.1625 0.02578125 0.01484375
6 0.71171875 0.18203125 0.034375 0.01640625
6 0.71015625 0.3328125 0.040625 0.0234375
6 0.84140625 0.334375 0.02734375 0.01875
6 0.834375 0.19375 0.01640625 0.028125
6 0.9359375 0.18828125 0.01484375 0.015625
6 0.94140625 0.61640625 0.02734375 0.0234375
6 0.84140625 0.61875 0.02265625 0.0359375
6 0.7109375 0.64296875 0.0328125 0.02734375
6 0.7171875 0.4875 0.03046875 0.02890625
6 0.85078125 0.48046875 0.06171875 0.04296875
6 0.55078125 0.1125 0.02578125 0.02578125
5 0.1953125 0.22421875 0.0265625 0.02734375
5 0.21328125 0.6484375 0.0328125 0.01875
5 0.1359375 0.6296875 0.03046875 0.02265625
5 0.27734375 0.69140625 0.02109375 0.02109375
5 0.33125 0.765625 0.0203125 0.0296875