4 0.6273312203125 0.09898717500000001 0.7067684296875 0.0811694828125 0.7052836203124999 0.050483459375 0.638467278125 0.071270765625 0.47142642031250004 0.07424038125 0.320718446875 0.0722606375 0.2041610484375 0.0801796125 0.17891931875 0.0811694828125 0.1878281640625 0.09898717500000001 0.2709773921875 0.0851289703125 0.452123921875 0.0950276875 0.6273312203125 0.09898717500000001
6 0.7546875 0.2625 0.02578125 0.02734375
6 0.71875 0.29140625 0.02734375 0.040625
5 0.51640625 0.3875 0.0359375 0.03671875
5 0.509375 0.54921875 0.03125 0.02734375
5 0.503125 0.67890625 0.02265625 0.0296875
5 0.5 0.8015625 0.01796875 0.02890625
6 0.6796875 0.51875 0.0265625 0.02578125
6 0.65078125 0.68671875 0.0203125 0.0328125
6 0.6328125 0.8078125 0.01875 0.03203125
6 0.27421875 0.240625 0.03125 0.0359375
6 0.3125 0.284375 0.034375 0.02890625
6 0.33671875 0.5140625 0.02265625 0.034375
6 0.35859375 0.6828125 0.02578125 0.03828125
6 0.3734375 0.80390625 0.0171875 0.025
6 0.70234375 0.1359375 0.01328125 0.0328125
6 0.4203125 0.10703125 0.02109375 0.025
6 0.87109375 0.1609375 0.0203125 0.01875