2 0.004288093482551505 0.9538831341726322 0.00857618696510301 0.04111011838761662
2 0.08252822196015423 0.7578796604104042 0.04074118668015991 0.03430638154179633
2 0.11573686963073355 0.6924212603821693 0.04053646879233552 0.030400131541796327
2 0.1992121901866629 0.5350707629424181 0.049665807326946254 0.026258663111827295
2 0.19207579884766163 0.4319989708490433 0.03506771879233552 0.030081613125944706
2 0.2503121019907364 0.30765839448421434 0.03905585594746528 0.03187162628012441
2 0.28044001526514795 0.2561259865634717 0.03638455732694625 0.025485118387616624
2 0.3300449468569252 0.14695538389028345 0.03872830732694625 0.02562162628012441
2 0.49306616802410996 0.2810482047816791 0.03498583163720568 0.028519113125944705
2 0.4453955506566839 0.39816781534737505 0.0309976944820761 0.02672909997176518
2 0.4291597190194782 0.42386576536149256 0.041812363749381375 0.025022386803468067
2 0.3774633429456249 0.5579908654038448 0.03860547659425162 0.023277876280124232
2 0.40852191316286995 0.6232742311606255 0.04436083163720572 0.029065144695975854
2 0.3420703182966811 0.7847507864787671 0.036712105947465365 0.031735118387616626
2 0.3299078329960022 0.8224405022779001 0.03116146879233552 0.02985409997176518
2 0.2560598179579968 0.995838357100683 0.0442789444820761 0.008323285798633862
2 0.5968285758714545 0.3795605704678726 0.036097952283992284 0.020016368387616622
2 0.5154303324301753 0.6318518415851472 0.03079297659425162 0.02282284997176518
2 0.6185243549314124 0.683307196747997 0.03626172659425162 0.023141368387616622
2 0.6892816694944479 0.4695778966915272 0.029312363749381377 0.02429434471009344
2 0.5397442576903744 0.6912569336644045 0.025160452283992284 0.01937933155591374
2 0.4906406151081778 0.8357202942301004 0.03243736374938137 0.02447635523343692
2 0.48061383989340706 0.8625635152909054 0.02733710594746519 0.031189086817585476
2 0.6198401142036667 0.8675379835796999 0.04407422659425162 0.023596394695975676
2 0.6473653279076196 0.7609995572431059 0.03272396879233561 0.02994510523343692
2 0.602212200929255 0.9197984335938173 0.036998710990419424 0.03720386838761662
5 0.5182786092268257 0.12892426266006943 0.0403726944820761 0.027275131541796237
5 0.57302034090946 0.19088520734192785 0.032846799525030154 0.03228885523343696
5 0.6155044120312161 0.23254135729957554 0.04024986374938137 0.02493138154179624
5 0.6612396359119342 0.2869250204114029 0.04436083163720568 0.029065144695975854
5 0.6864543198785608 0.32914261249066024 0.0349039444820761 0.026956613125944794
5 0.7250321410003171 0.3705712492941283 0.042508404567984215 0.038303636803468065
5 0.7609762850528516 0.4024428755742527 0.03506771879233561 0.030081613125944838
4 0.47848679531249994 0.1619261875 0.41025585 0.07539067656250001 0.36889455 0.081377740625 0.335558634375 0.0766374484375 0.3216604390625 0.09262014375 0.35017941406249997 0.11807009531249998 0.3624691125 0.13277936562499998 0.3913536546875 0.15125387031249998 0.4093699375 0.16349798124999998 0.4338031046875 0.1957066984375 0.43828675937500006 0.21695805625000003 0.4871939296875 0.244994834375 0.501416859375 0.25841735312499997 0.5257769156250001 0.29202116093749997 0.5568463125 0.34000922031249997 0.568624215625 0.364484115625 0.5960873203125 0.3744797453125 0.6241676140625 0.40830023281249994 0.682302265625 0.4382737953125 0.7315018906249999 0.46073021562500005 0.7513460109375 0.43809709375 0.72618170625 0.41983926718750003 0.68515369375 0.3838653140625 0.66622776875 0.3533767046875 0.6306338859375 0.3205179484375 0.60412125625 0.2923861578125 0.572101384375 0.2625342578125 0.5457349828125 0.2316122890625 0.47848679531249994 0.1619261875
1 0.219163015625 1 0.39312162968750003 0.6159402671875001 0.2336717375 0.5254912046875 0.12666881875 0.75155070625 0.0099997375 0.9840439562500001 0.15168458437500001 1 0.219163015625 1
1 0.3496998984375 0.16282129218750002 0.21493287187500001 0.45583175468750003 0.3522806734375 0.540795475 0.47158184218750004 0.258079009375 0.3496998984375 0.16282129218750002
1 0.5591633328125 1 0.63474149375 0.7405614875000001 0.5643902546875 0.6944835640625 0.4671632359375 1 0.5591633328125 1
1 0.611951028125 0.3921958734375 0.539266784375 0.639845078125 0.6159295140625 0.6722971265625 0.675990775 0.45189967031249995 0.611951028125 0.3921958734375
3 0.49512188437500004 0.7086546078125 0.39582259999999997 0.9792373203125001 0.4246141484375 0.984954678125 0.520841159375 0.6907584640625 0.413766628125 0.6368448671875 0.283667815625 0.9605837203125001 0.2971676234375 0.9702589671874999 0.41496252499999997 0.6757027640625 0.441605728125 0.68129499375 0.49512188437500004 0.7086546078125
3 0.4886182109375 0.31877719843749996 0.392565025 0.568538675 0.4042542578125 0.5716437625 0.498201321875 0.32095152968749996 0.4886182109375 0.31877719843749996
3 0.461588965625 0.5467000328125 0.4328347 0.5813892671875001 0.4548012234375 0.5939819078124999 0.44532119843749995 0.610399615625 0.49087729218750004 0.6251742828125 0.5136509578124999 0.581247746875 0.461588965625 0.5467000328125