6 0.44868765993000326 0.5050420309664579 0.013453972668681757 0.015152874525034754
6 0.40933425859327616 0.5309512207459719 0.018250560669954296 0.02463697729857639
6 0.3715160852562308 0.5591677929343053 0.02291078866963616 0.022402330072118205
6 0.3424007499204582 0.5778093433711456 0.0221113573360908 0.020821646276527873
6 0.30781666458468554 0.5965781803771177 0.01661533533577266 0.018350609707395903
6 0.2748132605824584 0.6137481497919095 0.016578972668681757 0.015225609707395903
6 0.24644281257959494 0.6354965164331595 0.014289766669318027 0.019858558320624907
6 0.21971668057768592 0.650177265483229 0.012718176002545345 0.01904094072944442
6 0.19443486990773154 0.6749778969421178 0.01424431333545444 0.015952308320624907
6 0.5121870859325485 0.4848191435236454 0.011192038669636162 0.022129573138263935
6 0.5535387919319122 0.48854290235736064 0.012799992003499839 0.026072190729444424
6 0.5883495965945488 0.5174121315557981 0.015080107336090798 0.02065799211621524
6 0.6287746019255489 0.5336540741851036 0.010383516669318027 0.019767639342673605
6 0.6472791539226854 0.554311413090937 0.01587044800286357 0.02145742591180557
6 0.6755405139242763 0.541938046449687 0.020530676002545434 0.01922277868534721
6 0.6931183652530492 0.5751135691511106 0.016642607336090798 0.020694359707395905
6 0.721670626591367 0.5377402025098605 0.014298857336090797 0.020639808320625085
6 0.7339251785885036 0.558543011780416 0.026717041335136214 0.013899499050069508
6 0.7717160799252307 0.5326701895920827 0.015824994668999892 0.01755117591180557
6 0.755670719883869 0.8376486303215269 0.018259651336727068 0.025418227298576568
6 0.6576781152132783 0.8688278547703121 0.017532945337363513 0.03008754350298588