2 0.4390625 0.2359375 0.02109375 0.03359375
2 0.57734375 0.38203125 0.02421875 0.028125
2 0.63046875 0.43046875 0.021875 0.03359375
2 0.70859375 0.52734375 0.01796875 0.02578125
2 0.75234375 0.5296875 0.01640625 0.02578125
2 0.8109375 0.5984375 0.015625 0.03984375
2 0.87265625 0.6671875 0.015625 0.0203125
2 0.15390625 0.61015625 0.02109375 0.02265625
2 0.18359375 0.625 0.0171875 0.01875
2 0.1484375 0.40078125 0.03203125 0.0265625
2 0.328125 0.52109375 0.01796875 0.028125
2 0.35390625 0.53984375 0.0171875 0.02890625
2 0.4796875 0.625 0.01484375 0.028125
2 0.31796875 0.68984375 0.01796875 0.02265625
2 0.01484375 0.5171875 0.0203125 0.0203125
1 0.289339078125 0.70466664375 0.0052133171875 0.5361027359375 0.00977496875 0.659484565625 0.1759494390625 0.7420287453125 0.289339078125 0.70466664375
2 0.16015625 0.73828125 0.01484375 0.01640625
2 0.05234375 0.68984375 0.02578125 0.0203125
1 0.3512472140625 0.6872889203125 0.25545251874999997 0.7307332265625 0.40663870468749996 0.8132774093749999 0.501781734375 0.768964215625 0.3512472140625 0.6872889203125
3 0.400773721875 0.619515803125 0.349943884375 0.6455823875 0.361673846875 0.6603534515625 0.41185202031249996 0.6360246390625 0.400773721875 0.619515803125
3 0.33560726406249997 0.6403690703125 0.06386312968749999 0.49092065781249994 0.04691985 0.53175830625 0.3232256359375 0.666435653125 0.33560726406249997 0.6403690703125
3 0.4073034015625 0.622105084375 0.42880833437500004 0.6325317171875 0.4450999484375 0.6186295390625001 0.1792207953125 0.4361634546875 0.17074915625 0.45093451875 0.417078371875 0.610809565625 0.4073034015625 0.622105084375
1 0.5024464328125 0.62559800625 0.5676128921875 0.6047447390625 0.699900803125 0.7246510234375 0.8582552984375 0.6855511484375 0.39166345156250004 0.195499378125 0.1622775171875 0.38144100625 0.36624853281249997 0.53088941875 0.5024464328125 0.62559800625
1 0.6125 0.671875 0.03046875 0.03203125
5 0.52578125 0.8609375 0.02109375 0.0203125
5 0.58125 0.84140625 0.021875 0.03046875
5 0.6359375 0.83828125 0.01796875 0.028125
5 0.6953125 0.821875 0.01875 0.01640625
5 0.76015625 0.81015625 0.021875 0.021875
5 0.83515625 0.796875 0.021875 0.02421875
5 0.9109375 0.775 0.021875 0.01640625
4 0.7565956218750001 0.755930925 0.81785209375 0.7446354046875 0.8888835343749999 0.7246510234375 0.8908385265625001 0.702928871875 0.8765019078125 0.6855511484375 0.68165419375 0.7411598609375 0.6379926671875 0.7481109499999999 0.6106227546875 0.7411598609375 0.5806461828125 0.7663575578125 0.5493662828125 0.781128621875 0.526558021875 0.7802597359375001 0.4946264578125 0.788948596875 0.46334655625 0.7941619140625 0.47637984843750003 0.8332617890625 0.5565345921875 0.8089329781249999 0.6484193015625 0.7819975078125 0.7565956218750001 0.755930925
1 0.9331967265625 0.8028507749999999 0.45813324062499994 0.8975593625 0.5311196734375 0.9323148078125 0.988588215625 0.8645416890625001 0.9331967265625 0.8028507749999999
5 0.7640625 0.48828125 0.02578125 0.03125