2 0.03984375 0.0484375 0.03515625 0.0390625
2 0.121875 0.24921875 0.0390625 0.03203125
2 0.1515625 0.31640625 0.0390625 0.028125
2 0.2265625 0.478125 0.0484375 0.0234375
2 0.2140625 0.58046875 0.03359375 0.028125
2 0.265625 0.7078125 0.0375 0.0296875
2 0.29296875 0.7609375 0.03515625 0.0234375
2 0.33671875 0.87265625 0.0375 0.0234375
2 0.50625 0.7484375 0.03359375 0.0265625
2 0.46484375 0.62890625 0.0296875 0.025
2 0.45 0.60234375 0.040625 0.02265625
2 0.40546875 0.465625 0.0375 0.02109375
2 0.43984375 0.40234375 0.04296875 0.0265625
2 0.38203125 0.2375 0.03515625 0.0296875
2 0.371875 0.19921875 0.0296875 0.028125
2 0.3078125 0.0125 0.04296875 0.025
2 0.61484375 0.65625 0.03515625 0.01796875
2 0.546875 0.4 0.0296875 0.02109375
2 0.65234375 0.3546875 0.03515625 0.02109375
2 0.71171875 0.571875 0.028125 0.02265625
2 0.57421875 0.3421875 0.02421875 0.01796875
2 0.5328125 0.1953125 0.03125 0.02265625
2 0.52421875 0.16796875 0.02578125 0.0296875
2 0.66328125 0.17109375 0.04296875 0.02109375
2 0.68515625 0.27890625 0.03125 0.028125
2 0.6484375 0.11796875 0.03515625 0.03515625
2 0.6265625 0.0078125 0.02578125 0.015625
2 0.4921875 0.0109375 0.0203125 0.01953125
5 0.5234375 0.9015625 0.0390625 0.025
5 0.58125 0.84296875 0.03125 0.03046875
5 0.62578125 0.80390625 0.0390625 0.02265625
5 0.67421875 0.75234375 0.04296875 0.0265625
5 0.7015625 0.71171875 0.03359375 0.025
5 0.7421875 0.67265625 0.040625 0.0359375
5 0.7796875 0.64296875 0.03359375 0.028125
4 0.6175595234375 0.7435825890625 0.645461309375 0.7170758921875 0.682663690625 0.6863839281249999 0.703125 0.6570870531249999 0.7459077375 0.6236049109375 0.7719494046875 0.6068638390625 0.7533482140625 0.5831473218750001 0.703125 0.6026785718750001 0.643601190625 0.6291852671875 0.6138392859375 0.6612723218750001 0.5859375 0.6696428578125 0.5729166671875 0.693359375 0.5394345234375 0.7393973218750001 0.5133928562500001 0.771484375 0.4985119046875 0.7840401781249999 0.448288690625 0.8091517859374999 0.4427083328125 0.830078125 0.4166666671875 0.8607700890625001 0.3980654765625 0.8719308031249999 0.36830357187499996 0.888671875 0.3552827390625 0.9026227671875 0.3255208328125 0.9263392859374999 0.3385416671875 0.9430803578125 0.372023809375 0.9402901781249999 0.412946428125 0.9486607140625001 0.485491071875 0.8663504468750001 0.5561755953125 0.80078125 0.58407738125 0.771484375 0.6175595234375 0.7435825890625
1 0.26785714375 0.0083705359375 0.061383928125 0.01953125 0.1655505953125 0.2580915171875 0.2604166671875 0.48967633906249997 0.42410714374999997 0.40876116093750003 0.26785714375 0.0083705359375
1 0.23809523906250002 0.5580357140625 0.35714285625 0.8579799109374999 0.4836309515625 0.7700892859375 0.379464284375 0.481305803125 0.23809523906250002 0.5580357140625
1 0.5133928562500001 0.012555803125 0.5989583328125 0.34040178593750003 0.6715029765625 0.2985491078125 0.6026785718750001 0.005580357812500001 0.5133928562500001 0.012555803125
1 0.5710565484375 0.39341517812500004 0.6305803562500001 0.64453125 0.6975446437499999 0.5887276781249999 0.6491815484375 0.3655133921875 0.5710565484375 0.39341517812500004
3 0.3469576859375 0.0499490171875 0.33299344375 0.0588109390625 0.445781546875 0.3891189515625 0.55534713125 0.3415868234375 0.4747842015625 0.042698353125 0.445781546875 0.0467264984375 0.5306411671875 0.3222517203125 0.4758583734375 0.34642059999999997 0.4490040640625 0.3504487453125 0.3469576859375 0.0499490171875
3 0.42107558125000005 0.45598618437500005 0.5037868546875 0.71056504375 0.5134544078125 0.708953784375 0.432891478125 0.4535692953125 0.42107558125000005 0.45598618437500005
3 0.4758583734375 0.417315978125 0.484451753125 0.43423419374999994 0.46189413281249997 0.44551300312500003 0.4887484421875 0.481766321875 0.5424570625 0.45034677968750003 0.5220477859375 0.4052315375 0.4758583734375 0.417315978125