1 0.36022037500000004 0.6495468109375 0.3123978390625 0.7362457453125 0.41004696718750006 0.8714279640625 0.477668790625 0.7855556859374999 0.36022037500000004 0.6495468109375
1 0.35096686718750003 0.5721228484374999 0.5065187812499999 0.7327233890625 0.585863653125 0.6137255640625 0.399369846875 0.46704933125 0.35096686718750003 0.5721228484374999
1 0.338866134375 0.6215549140625 0.254872690625 0.5228818203125 0.2164350484375 0.6076873484374999 0.2918867671875 0.7132942421874999 0.338866134375 0.6215549140625
1 0.3858455 0.443324375 0.290480959375 0.36405015 0.2498900703125 0.468392690625 0.335307078125 0.5521314859374999 0.3858455 0.443324375
1 0.5004466921875 0.2643893046875 0.3708974953125 0.196651559375 0.3232063453125 0.33052695 0.430689425 0.41106556406249994 0.5004466921875 0.2643893046875
1 0.7317844203125 0.3843971484375 0.5331321359375 0.2859712625 0.4591617765625 0.43346699375000003 0.6235895593749999 0.5534748375 0.7317844203125 0.3843971484375
0 0.41004696718750006 0.404217346875 0.32413902499999997 0.33763248125 0.31039378125 0.372215246875 0.3886927265625 0.4362194265625 0.41004696718750006 0.404217346875
0 0.5851518703125 0.53551146875 0.46111952812499996 0.44330315468750003 0.43851931874999994 0.481107940625 0.548137840625 0.5691136859375 0.5851518703125 0.53551146875
0 0.472686121875 0.7127608578125 0.37580024375 0.6088538765625 0.35950854374999996 0.6402227953125 0.4470609953125 0.74209610625 0.472686121875 0.7127608578125
0 0.335307078125 0.5612843171875 0.2677813328125 0.49437731406249996 0.255584521875 0.5186148703125 0.316088234375 0.5916862984375 0.335307078125 0.5612843171875
2 0.609375 0.265625 0.01328125 0.009375
2 0.5 0.2140625 0.0125 0.00625
2 0.46484375 0.19921875 0.01484375 0.00625
2 0.4296875 0.18125 0.01328125 0.009375
2 0.3953125 0.1640625 0.0140625 0.01328125
2 0.5609375 0.18359375 0.0171875 0.00625
2 0.5546875 0.196875 0.0140625 0.00859375
2 0.65234375 0.21015625 0.0078125 0.00703125
2 0.66171875 0.21640625 0.00546875 0.00703125
2 0.62734375 0.23515625 0.009375 0.00546875
2 0.64765625 0.246875 0.0125 0.00703125
2 0.66015625 0.253125 0.009375 0.00625
5 0.678125 0.29375 0.0125 0.0109375
5 0.68984375 0.22578125 0.0109375 0.009375
5 0.57109375 0.2484375 0.01484375 0.009375
5 0.625 0.17421875 0.01171875 0.00703125
5 0.753125 0.36875 0.015625 0.01328125
0 0.3903657 0.8579851953125001 0.3193953078125 0.7609802359375 0.3051923609375 0.78945195625 0.356639346875 0.8712635140625 0.3903657 0.8579851953125001
0 0.275467446875 0.695150028125 0.22447658124999997 0.627559709375 0.21201614218749998 0.6523167515625 0.2514588484375 0.711855 0.275467446875 0.695150028125
3 0.2268785984375 0.7349849578125001 0.24517088281250002 0.7315583046875 0.2640347796875 0.7178516687500001 0.2800404984375 0.7456932875 0.28804337812499997 0.748691621875 0.29490295624999996 0.7469782953124999 0.290329903125 0.7366983109375 0.282898675 0.730273296875 0.26917948125 0.708856665625 0.2583184265625 0.709713328125 0.2405977921875 0.72427665625 0.22745025000000002 0.70457335 0.221162284375 0.695150028125 0.21658923125 0.6985766812499999 0.2057281765625 0.682300040625 0.20858635312499998 0.6801583703125 0.2051565640625 0.6720200578125 0.18857919375 0.657885075 0.155996103125 0.6591700687500001 0.14856485625 0.6531734140625 0.1382754703125 0.6527450828125 0.13598892499999998 0.657885075 0.1542811890625 0.6720200578125 0.15885427968750002 0.6681650593749999 0.182291228125 0.665166725 0.2268785984375 0.7349849578125001
3 0.314910115625 0.7713932625 0.315481765625 0.7636832671875 0.30747888749999996 0.743551615625 0.356639346875 0.6424650984375 0.3629273125 0.6296151109375 0.3720734546875 0.6240467875 0.3709301921875 0.6193351265625 0.3594975234375 0.6064851390625 0.356067696875 0.6073418015625001 0.3589258734375 0.6176218 0.3080505375 0.7217066671875 0.301190921875 0.7319866515625 0.2989043953125 0.737554975 0.300619309375 0.7456932875 0.304049096875 0.753831628125 0.303477446875 0.75811494375 0.2980228796875 0.7609802359375 0.3069072734375 0.7731065874999999 0.314910115625 0.7786749109375 0.314910115625 0.7713932625
3 0.4721092515625 0.7491199671875 0.4721092515625 0.7542599453125 0.4795404796875 0.75897160625 0.4864000578125 0.7585432890625 0.49440293750000003 0.7551166078125 0.4795404796875 0.740553309375 0.570430134375 0.5944918296874999 0.5710018234375001 0.5854968390625 0.5790046249999999 0.580356846875 0.5847209796875 0.57650185 0.5847209796875 0.580785178125 0.5904373328125 0.5846401765625 0.5967252968750001 0.580356846875 0.6007267374999999 0.5743601843749999 0.5815218515625 0.5591993703125 0.567000384375 0.5649368640625 0.4652496359375 0.7345566406249999 0.4721092515625 0.7491199671875
3 0.43552472187499996 0.44537924218749997 0.4258069671875 0.452232575 0.433809846875 0.46122755 0.448100653125 0.46636755625 0.4543886171875 0.4607992328125 0.44524247656249993 0.4543742453125 0.540133609375 0.25605615937500004 0.53670378125 0.249202834375 0.5487081 0.2534861640625 0.5521379265624999 0.24406284218750002 0.52746218125 0.233426990625 0.5224129375000001 0.24406284218750002 0.529272590625 0.24577617499999999 0.43552472187499996 0.44537924218749997
3 0.302334184375 0.3412256609375 0.2994760078125 0.347222315625 0.30747888749999996 0.3527906390625 0.31776829218749997 0.358787309375 0.3189115546875 0.3506489828125 0.3126235890625 0.34765064687499997 0.3732167171875 0.17417587343750002 0.3806479453125 0.17503253593749998 0.3857926484375 0.1647525515625 0.3652831671875 0.1561090890625 0.364070575 0.15961255937500002 0.36578548906249997 0.168607546875 0.302334184375 0.3412256609375
3 0.1760032625 0.756898678125 0.1754316125 0.7671786625 0.1851493671875 0.7714619765624999 0.1880075421875 0.7667503171875001 0.1880075421875 0.7560420156250001 0.18857919375 0.7414786875 0.1931522453125 0.7423353500000001 0.1931522453125 0.74833201875 0.197153684375 0.7496170281250001 0.2074430890625 0.745333684375 0.18000470156249998 0.7359103640625 0.17828978906249998 0.744477021875 0.1760032625 0.756898678125
3 0.2022983875 0.7748886578125 0.18972245625 0.7714619765624999 0.1880075421875 0.7787436546875 0.1914373328125 0.7898803015625 0.2068714390625 0.7920219734375 0.2068714390625 0.7821703078125 0.2257353359375 0.7736036484375 0.21487431875000002 0.7560420156250001 0.2068714390625 0.7628953187499999 0.209729615625 0.7727469859375 0.2022983875 0.7748886578125
0 0.343491765625 0.879830171875 0.2841936609375 0.8010535375 0.237168003125 0.8181502671875001 0.2794688484375 0.8969634890625 0.343491765625 0.879830171875
0 0.700762571875 0.3275190109375 0.558263621875 0.257470971875 0.5429917468750001 0.27312074062499997 0.6904731671875 0.34508064374999997 0.700762571875 0.3275190109375
0 0.48182700624999997 0.2198700203125 0.391684403125 0.1749671140625 0.37435998125 0.1873167265625 0.46982272500000005 0.2365750046875 0.48182700624999997 0.2198700203125
3 0.5223747890625 0.22940984687500002 0.52729285625 0.22505463906249998 0.533105115625 0.22304454843750002 0.5438354421875 0.22304454843750002 0.5514361125 0.219359371875 0.5487535078125 0.2156741953125 0.53578771875 0.2166792515625 0.5299754609375 0.2136641046875 0.523716090625 0.2116540140625 0.5201393265625 0.2196943984375 0.5076205875 0.2196943984375 0.5080676984375 0.22404960625 0.49554898906249994 0.22069943281249998 0.48884250937499996 0.228739815625 0.5020300703125 0.2345648875 0.5080676984375 0.23812028281250003 0.5152212578124999 0.233765075 0.5223747890625 0.22940984687500002
3 0.7468175046875001 0.3337073640625 0.7253568515625 0.3316972734375 0.7190974828125001 0.3427528046875 0.733851684375 0.3471080109375 0.7490529671874999 0.349453128125 0.7530768734375 0.34610295468749996 0.7584420203125 0.3407426921875 0.77051361875 0.33940263125 0.7664897734375 0.3347124203125 0.7454762015624999 0.328012096875 0.686906475 0.3018808328125 0.676176178125 0.30087579999999997 0.652480003125 0.29283539375 0.6605277546874999 0.28010479843749997 0.65963359375 0.27239941875 0.646084590625 0.2684889890625 0.6341490359375 0.2904902984375 0.677070340625 0.307241096875 0.68377685 0.3059010359375 0.7468175046875001 0.3337073640625
2 0.66015625 0.28984375 0.01171875 0.0078125
5 0.6015625 0.603125 0.0125 0.01171875
5 0.3734375 0.91875 0.01484375 0.00859375
2 0.35 0.9453125 0.01484375 0.01171875
4 0.61446735625 0.638687040625 0.5841072984375 0.667936059375 0.5485426734375001 0.7051933734375 0.5450729046875 0.753291709375 0.516447703125 0.785790584375 0.4765459109375 0.818289503125 0.46093221250000005 0.8581467203124999 0.44184874374999994 0.878946009375 0.4409812875 0.9023452015625001 0.433174409375 0.9270443671875 0.415825796875 0.9484936328125 0.3915377625 0.9491435875 0.360310246875 0.9614931921875 0.365514871875 0.97124285 0.40454920625 0.9614931921875 0.4192955078125 0.9536934390624999 0.4427161421875 0.9166447124999999 0.45572758750000003 0.878946009375 0.4904248125 0.8288977234375 0.5450729046875 0.76714983125 0.5598192640625 0.745050590625 0.5650238296875 0.7138516671875 0.6014559109375 0.6675989421875 0.6300811125 0.63575004375 0.6673805921875 0.5881973890625 0.6951383953125 0.5322993 0.7506539453125 0.44044384843750006 0.75080101875 0.40930240937500006 0.69774065 0.4937420125 0.670850303125 0.5587397843749999 0.641357703125 0.6042382390625 0.61446735625 0.638687040625
4 0.1771325078125 0.9236372546875 0.1865777875 0.95273353125 0.20022095156250003 0.961383778125 0.22435886562500001 0.9645293125000001 0.23905150156250002 0.95273353125 0.24429889375 0.909482296875 0.23905150156250002 0.88903626875 0.21701256562500001 0.8670174718749999 0.185528315625 0.8615127593749999 0.164538815625 0.8858907328125 0.1676872296875 0.9063367625 0.1771325078125 0.9236372546875