2 0.2953125 0.5609375 0.015625 0.01484375
2 0.29140625 0.53046875 0.01328125 0.0109375
2 0.28359375 0.46796875 0.01328125 0.01875
2 0.44296875 0.43359375 0.01796875 0.015625
2 0.4609375 0.50625 0.01796875 0.01171875
2 0.46640625 0.5203125 0.00859375 0.00625
2 0.57578125 0.4078125 0.0109375 0.0109375
2 0.60234375 0.4765625 0.015625 0.015625
2 0.61171875 0.4921875 0.0140625 0.01328125
2 0.71015625 0.50390625 0.0203125 0.01796875
2 0.76484375 0.4640625 0.01171875 0.01796875
2 0.74765625 0.43984375 0.01328125 0.01953125
2 0.71875 0.3875 0.01015625 0.01640625
2 0.7015625 0.309375 0.01171875 0.0171875
2 0.67734375 0.265625 0.0140625 0.01015625
2 0.66640625 0.2453125 0.01328125 0.015625
2 0.63984375 0.20703125 0.01484375 0.0109375
2 0.51171875 0.22265625 0.01640625 0.01953125
2 0.53203125 0.26875 0.01640625 0.01484375
2 0.5375 0.28359375 0.0171875 0.0125
2 0.5625 0.33828125 0.01484375 0.0140625
2 0.43125 0.36484375 0.01328125 0.01015625
2 0.4109375 0.3046875 0.0140625 0.015625
2 0.40625 0.28984375 0.01796875 0.01171875
2 0.3921875 0.2390625 0.01796875 0.015625
2 0.25078125 0.25859375 0.015625 0.01328125
2 0.25859375 0.30546875 0.01484375 0.0109375
2 0.2640625 0.328125 0.01796875 0.01640625
2 0.27578125 0.38515625 0.021875 0.01875
2 0.2984375 0.78125 0.01328125 0.0203125
2 0.353125 0.86171875 0.015625 0.0171875
2 0.40859375 0.85 0.0203125 0.01875
2 0.4609375 0.8359375 0.0140625 0.01640625
2 0.51484375 0.8234375 0.0140625 0.01875
2 0.80546875 0.746875 0.01796875 0.0140625
2 0.76015625 0.75859375 0.015625 0.01328125
5 0.4296875 0.80546875 0.01875 0.0203125
5 0.5109375 0.7828125 0.01796875 0.01640625
5 0.809375 0.70859375 0.0140625 0.01875
5 0.88125 0.69375 0.01875 0.0203125
1 0.33828125 0.3125 0.11015625 0.11796875
1 0.5984375 0.27734375 0.090625 0.09453125
1 0.67109375 0.45546875 0.0875 0.0828125
1 0.3703125 0.51171875 0.13515625 0.08125
4 0.5349467625 0.4066897390625 0.548004196875 0.4239142453125 0.5545329140625 0.42247887031250003 0.5471881062499999 0.41051740781249996 0.5284180453125 0.3889867734375 0.5047514453125 0.372719184375 0.4774124421875 0.3483178 0.46761936718749997 0.3330071265625 0.4631308734375 0.31769645468749996 0.45415388749999996 0.32056720625 0.4639469640625 0.3420978390625 0.48108484531249995 0.3650638484375 0.5161767 0.389943690625 0.5349467625 0.4066897390625