5 0.02109375 0.49375 0.03984375 0.02578125
5 0.371875 0.8515625 0.0375 0.02265625
5 0.4203125 0.79453125 0.04375 0.028125
5 0.46328125 0.7453125 0.03359375 0.01875
5 0.50546875 0.7078125 0.02890625 0.02734375
5 0.54453125 0.66484375 0.0234375 0.02265625
5 0.578125 0.625 0.028125 0.02109375
5 0.6015625 0.58984375 0.03046875 0.02265625
5 0.62265625 0.57265625 0.03125 0.015625
2 0.021875 0.265625 0.0421875 0.03046875
2 0.22734375 0.1734375 0.0265625 0.0203125
2 0.28671875 0.34375 0.028125 0.01875
2 0.07890625 0.4265625 0.03984375 0.0234375
2 0.2234375 0.14296875 0.03203125 0.0171875
2 0.253125 0.409375 0.03046875 0.02109375
2 0.07109375 0.52578125 0.028125 0.02109375
2 0.30078125 0.5484375 0.01953125 0.0171875
2 0.1234375 0.65625 0.034375 0.0234375
2 0.146875 0.709375 0.03515625 0.03125
2 0.31015625 0.5703125 0.03359375 0.01640625
2 0.19609375 0.82578125 0.025 0.02890625
2 0.35 0.69296875 0.0234375 0.01875
2 0.3671875 0.10546875 0.02578125 0.01875
2 0.37734375 0.13359375 0.028125 0.0171875
2 0.41640625 0.28125 0.0234375 0.028125
2 0.49375 0.29609375 0.0234375 0.01171875
2 0.37890625 0.34296875 0.0390625 0.02109375
2 0.51640625 0.42265625 0.01953125 0.01796875
2 0.5421875 0.5109375 0.021875 0.01640625
2 0.453125 0.6015625 0.02578125 0.01953125
1 0.2760623078125 0.3311136421875 0.236317928125 0.2046298421875 0.04941193125 0.2561901171875 0.08915630937499999 0.398786503125 0.2760623078125 0.3311136421875
1 0.39529544375 0.140985128125 0.42859478749999996 0.265052040625 0.5113060625 0.2255762046875 0.4812292359375 0.115204990625 0.39529544375 0.140985128125
2 0.496875 0.1109375 0.02890625 0.015625
2 0.525 0.21875 0.0203125 0.02421875
2 0.5125 0.39140625 0.028125 0.02265625
4 0.350180203125 0.7806547921875 0.388850409375 0.747623990625 0.4232239265625 0.7145931890624999 0.45544909687499996 0.678339871875 0.4876742703125 0.646920328125 0.515602753125 0.621140190625 0.5574954765625 0.5784418375 0.5811272703125 0.5639405109375 0.5993882 0.5510504421875 0.574682234375 0.543799778125 0.5252703046875 0.5599123640625 0.48015506406249997 0.5897206484375 0.45544909687499996 0.644503440625 0.432891478125 0.6179176734375 0.4264464421875 0.567163028125 0.3909987546875 0.5921375359375001 0.40818551249999996 0.6517541046875001 0.3845537203125 0.6952580875 0.310435825 0.7629309484375 0.22450203124999998 0.845910765625 0.2653205828125 0.8853866015625 0.2588755484375 0.853967059375 0.3158066859375 0.809657446875 0.350180203125 0.7806547921875
3 0.3362159609375 0.2731083328125 0.2846556859375 0.2964715828125 0.27821065312500004 0.3246686078125 0.3029166171875 0.33191927187500003 0.3276225828125 0.32305735 0.34910602968750004 0.31177853906249997 0.3920729265625 0.2964715828125 0.40603716875 0.2739139625 0.3845537203125 0.21993679843749997 0.36414444375 0.1595146015625 0.3469576859375 0.0757291546875 0.3222517203125 0.00805629375 0.2771364796875 0.008861921875000001 0.319029203125 0.1079543265625 0.33836430625 0.18610036875 0.3415868234375 0.2384662734375 0.3362159609375 0.2731083328125
3 0.337290134375 0.642086553125 0.350180203125 0.66142165625 0.36629278906249996 0.6533653625 0.3308450984375 0.5470222953125 0.2996941 0.4704875125 0.2857298578125 0.39717524531250004 0.2760623078125 0.44631863281250006 0.324400065625 0.5889150187500001 0.337290134375 0.642086553125
1 0.2384662734375 0.432622934375 0.0934529984375 0.5220477875 0.1385682390625 0.6348358890625 0.28680403125 0.5470222953125 0.2384662734375 0.432622934375
1 0.3029166171875 0.5993882 0.16542255 0.6815623890625 0.2062411015625 0.7983786375 0.337290134375 0.6767286125 0.3029166171875 0.5993882
1 0.4876742703125 0.308556021875 0.39529544375 0.3544768921875 0.4189272375 0.44631863281250006 0.5027126843749999 0.40281465 0.4876742703125 0.308556021875
1 0.50915771875 0.43423419374999994 0.440410684375 0.4793494328125 0.4704875125 0.5832756140625001 0.536012028125 0.5268815625000001 0.50915771875 0.43423419374999994
1 0.16864506562499998 0.0120844390625 0.001074171875 0.029808284375 0.023631793749999998 0.178044075 0.20409275624999998 0.143402015625 0.16864506562499998 0.0120844390625
1 0.46189413281249997 0.004833775 0.355551065625 0.006445034375 0.388850409375 0.0934529984375 0.4747842015625 0.0652559734375 0.46941334062499995 0.0612278265625 0.46189413281249997 0.004833775
2 0.48515625 0.05859375 0.0234375 0.015625
1 0.6488001296875 0.603416346875 0.34373516875 0.95869886875 0.4769325453125 0.9973690749999999 0.6788769578125 0.7162044484375001 0.6488001296875 0.603416346875