5 0.47217144843750003 0.7071448874999999 0.6228721296875 0.8217211828125001 0.7254648015625 0.6144610687500001 0.5860975109375001 0.538146678125 0.47217144843750003 0.7071448874999999
5 0.746039128125 0.5790496796875 0.8141189828125001 0.44353928125 0.6940698703125 0.386879359375 0.6199523921875 0.4964875125 0.746039128125 0.5790496796875
5 0.5776480859374999 0.45548768749999996 0.657790109375 0.35646685312500004 0.5618208328125001 0.313320259375 0.47947553750000005 0.40250816718750004 0.5776480859374999 0.45548768749999996
5 0.4413803953125 0.6341269703125 0.5566552046875 0.483790440625 0.4526375296875 0.42633551093750005 0.3304860765625 0.554442871875 0.4413803953125 0.6341269703125
5 0.26435329687500003 0.547822428125 0.3893646953125 0.42419085 0.3083707328125 0.3757526640625 0.180624953125 0.47828845312499996 0.26435329687500003 0.547822428125
5 0.414181578125 0.4009549625 0.5119828578125001 0.311807921875 0.4265235703125 0.27666789375 0.3300842421875 0.3559683515625 0.414181578125 0.4009549625
3 0.77308333125 0.6066011 0.7646956234375 0.598557796875 0.7610830359375 0.606531284375 0.5750325828125 0.5112914375 0.5799164609374999 0.5051018968750001 0.5707999781249999 0.49883093437500003 0.559681946875 0.5215569515625 0.5686603234375001 0.52191369375 0.756648815625 0.618941334375 0.7530362265625 0.626914821875 0.7573618703125 0.6367110406250001 0.77308333125 0.6066011
3 0.4396945859375 0.677753225 0.448506915625 0.685882621875 0.46494335312499996 0.6617438984375 0.45811501562499995 0.6588191203125 0.45899132187499997 0.6461300390625 0.306361859375 0.5390725734374999 0.2926145328125 0.5482247359375 0.2887572421875 0.54704828125 0.2771148125 0.5579436890625 0.287840675 0.5608911421875 0.2976501265625 0.552870103125 0.4455159109375 0.6598998734375 0.4478926578125 0.666260790625 0.4396945859375 0.677753225
3 0.163856959375 0.41497042500000003 0.1772012453125 0.44216745937499996 0.16831835625 0.44846286874999997 0.172346834375 0.457141421875 0.1922779140625 0.4445631984375 0.18839048281249998 0.4318464015625 0.1747641625 0.4127258546875 0.167402190625 0.38787168906249997 0.17160193906250001 0.37924096875 0.16543844531250002 0.3572788078125 0.16009064687500002 0.3491695875 0.14916331562500001 0.35199104531250003 0.13415150468749998 0.360957215625 0.1388905171875 0.3732805953125 0.15612249218750002 0.3635717 0.161268834375 0.377449853125 0.1560619265625 0.39011374062500004 0.163856959375 0.41497042500000003
3 0.4077526359375 0.43889267656250003 0.4158398296875 0.44297879062499995 0.429607328125 0.43324975937500004 0.430423140625 0.422291365625 0.4231818984375 0.418787159375 0.41534644375 0.41989558593750004 0.30002072343749997 0.3609468375 0.28806608749999996 0.3683783890625 0.28531666875 0.360284284375 0.269364928125 0.3763509875 0.27959613125 0.375253209375 0.289848653125 0.3793519203125 0.30229677499999996 0.3701922015625 0.40982735937500003 0.42909561875 0.4077526359375 0.43889267656250003
3 0.3257750203125 0.302832434375 0.324607728125 0.29328195625000003 0.3885421875 0.24600520312500002 0.385617003125 0.20800248125 0.395637825 0.2003970015625 0.3944049125 0.19272604843750002 0.3889612359375 0.1910283453125 0.3791729953125 0.2062989578125 0.383837396875 0.23747482031249997 0.31614003125 0.2850628953125 0.3167040765625 0.304725446875 0.3290802234375 0.3227906734375 0.300390225 0.3492803859375 0.30629145625 0.3593644109375 0.3174522453125 0.3477670703125 0.3385640515625 0.3305630953125 0.33726716875 0.31756043749999996 0.3257750203125 0.302832434375
2 0.7154066458393472 0.7488446253832786 0.010510914065150524 0.010215337334017605
2 0.7391368117185964 0.6958468904103933 0.010701887023308565 0.015684087334017605
2 0.7925024030957413 0.5773832367214012 0.010674605172143003 0.014902837334017604
2 0.8086829638028472 0.5391883451326576 0.007467759618646852 0.012540906615858206
2 0.8240004289564571 0.5033326583643742 0.008330855172143003 0.014889201795397966
2 0.840962239663563 0.4651423119551703 0.0097296640651507 0.010210792154477667
5 0.8260366109929569 0.7135434505188518 0.01064732332097762 0.014121587334017605
2 0.7690326428441223 0.7124304024124457 0.010275301088459088 0.025835792154477843
2 0.7538243050951744 0.7451610891807292 0.017442960344286364 0.02978294877033605
5 0.6362151644436687 0.8460599929679171 0.013963296279135663 0.01960851805217665
2 0.4338391873091595 0.7339225655694076 0.009756945916316085 0.010992042154477844
5 0.4519269883976186 0.7082413095192834 0.01220982332097762 0.014130677693097126
5 0.422249412081416 0.6854077975172308 0.013072918874474126 0.016478972872636888
5 0.28673355273292167 0.583036255559145 0.015307541469812235 0.013367608411256527
5 0.15446174447288638 0.4548970991396784 0.012936509618646851 0.012572722872636888
5 0.15970231597976556 0.48383971057599684 0.011537700725639422 0.017251132513557366
2 0.27637640609096625 0.6111067134046672 0.011292164065150522 0.010219882513557366
5 0.3334920239617991 0.2957498789975159 0.007413195916315995 0.010978406615858204
5 0.35752972468743854 0.2786987343837102 0.008921132213985139 0.009424996974937904
5 0.3776338935619125 0.26240611387220536 0.006686509618646852 0.012536361436318444
5 0.4040971898410482 0.24302485479701907 0.012209823320977798 0.014130677693097126
5 0.2444815984639032 0.3608703640685971 0.010592759618646853 0.012559087334017515
5 0.21333080218476744 0.3802243520665446 0.010674605172143182 0.014902837334017515
5 0.18274300109630834 0.4058328852440319 0.011346727767481423 0.011782382513557321
5 0.22040174691995712 0.28962207796424366 0.01151041887447395 0.016469882513557365
5 0.19795382804548312 0.30590106293712893 0.012346232576804806 0.018036927693097126
5 0.17413438212916713 0.3167022075509347 0.012209823320977708 0.014130677693097126
5 0.1215798118034143 0.3671880208808471 0.008975695916315996 0.010987496974937904
0 0.7857186296875 0.5539990390625 0.8313166703125001 0.4542250640625 0.821551496875 0.447863028125 0.7727837531249999 0.5449006375 0.7857186296875 0.5539990390625
0 0.6769976843750001 0.7915539218750001 0.747253875 0.6350383328125 0.7337310828125 0.6256865515625 0.66065275625 0.7789048953125 0.6769976843750001 0.7915539218750001
0 0.493097321875 0.657025375 0.5810473171874999 0.5335668265625 0.5429889890624999 0.5101990625 0.454785396875 0.628813521875 0.493097321875 0.657025375
0 0.6232895078125 0.47651252343749995 0.6818703296875 0.3928988390625 0.64753034375 0.37689859062500003 0.5822456890625001 0.45430434531249997 0.6232895078125 0.47651252343749995
0 0.47058156875 0.400485240625 0.5390295796875 0.3294829078125 0.5116326890625 0.31781461875 0.44226035937499997 0.3850203578125 0.47058156875 0.400485240625
0 0.2988711671875 0.5210202500000001 0.3295957953125 0.543560715625 0.42585165625 0.4436891453125 0.397208640625 0.4290069984375 0.2988711671875 0.5210202500000001
0 0.2868893375 0.386090628125 0.25660292500000004 0.36786813125 0.18313640625 0.4229905140625 0.20156911875 0.4511101703125 0.2868893375 0.386090628125
0 0.33514406874999997 0.31144000312500003 0.3525640015625 0.335472303125 0.41595161562499994 0.282879128125 0.38705966875 0.2682961875 0.33514406874999997 0.31144000312500003
0 0.1794245796875 0.3937039453125 0.24632491562499997 0.35015435 0.23378052500000002 0.30457331249999997 0.1657983 0.345370440625 0.1794245796875 0.3937039453125
0 0.325023884375 0.270255234375 0.377968928125 0.238393765625 0.37114214687499997 0.206184565625 0.32438036875 0.23808199531250002 0.325023884375 0.270255234375
6 0.29589282024093483 0.2759959152000653 0.010701887023308565 0.015684087334017514
3 0.2740618 0.2782205734375 0.27822356875 0.28060090312499997 0.2857575765625 0.27758178437500003 0.2936658125 0.268910153125 0.29329982656250003 0.264195796875 0.290408815625 0.2608804109375 0.28584402343750004 0.25991140625 0.28023053125 0.26364853125 0.2787870859375 0.2593991234375 0.27683781406249997 0.254439940625 0.2793464078125 0.2535120875 0.2806459671875 0.246686909375 0.27699495 0.2391896703125 0.26961232812499997 0.24355976250000003 0.27050881250000003 0.24827721249999998 0.2635875328125 0.2590750859375 0.2724086765625 0.26478108749999996 0.2740618 0.2782205734375
3 0.307664559375 0.26310130625 0.31968936718749996 0.253039959375 0.31709857656249996 0.246192146875 0.31403078125 0.23274443281249999 0.30418560625 0.23103787343749999 0.29719035781250003 0.23382451718750003 0.290799628125 0.23449416875 0.28860770625 0.2314184671875 0.27876317500000003 0.23868129843750002 0.2909928671875 0.24415537656250003 0.303568715625 0.23857385781249998 0.3079155515625 0.240719653125 0.3092026875 0.2494447765625 0.2999620140625 0.25575253125 0.307664559375 0.26310130625
5 0.3307241772271765 0.21837431274073724 0.00911210517214318 0.014893746974937904
5 0.34592259129232705 0.2083044211519936 0.011592264427970279 0.018813632513557343
5 0.36042160091097386 0.19588623438371017 0.012963791469812237 0.013353972872636932
3 0.5268389906250001 0.3241247265625 0.5332702828125 0.3260862390625 0.5406587203125001 0.3213189875 0.5428837390625 0.3093062890625 0.538702590625 0.30495275 0.5317255015625 0.308279325 0.42670080468749993 0.2653380984375 0.4149464328125 0.271042015625 0.4089937640625 0.26571610625000003 0.40234305781249996 0.2713661671875 0.4064581140625 0.2762839015625 0.41717131875 0.2797134109375 0.42536580312499994 0.272545703125 0.5271077 0.3164298953125 0.5268389906250001 0.3241247265625
3 0.83252570625 0.45079520000000006 0.8428275187500001 0.4556653703125 0.8500145546875 0.4359851625 0.6735309375 0.36294993125 0.662978253125 0.3839083546875 0.6661435171875 0.386331890625 0.6727008078125001 0.37434441406249996 0.8327440328125 0.4445431453125 0.83252570625 0.45079520000000006
4 0.4413988546875 0.747750521875 0.4002912671875 0.71527591875 0.3893592515625 0.6940047828125 0.350758903125 0.6611677874999999 0.34072019062500003 0.644708884375 0.3109148046875 0.6289832921875 0.28813555625 0.6268714015625 0.268788503125 0.609510046875 0.24981659843749998 0.581405734375 0.22660441874999998 0.5590411734375 0.18673561562500002 0.53364294375 0.1707200390625 0.5120594656249999 0.141368659375 0.507647203125 0.1144278671875 0.4952407359375 0.1058846765625 0.466348790625 0.095589203125 0.4693993328125 0.10291828750000001 0.49658761562500003 0.119067165625 0.5082750109374999 0.1465331640625 0.51804889375 0.168767246875 0.522130490625 0.176357975 0.535747475 0.21423286406250003 0.5574581140625 0.2294143703125 0.572533096875 0.24475874687500002 0.58902285625 0.25851881250000003 0.608331071875 0.266579903125 0.6178588375 0.2786076484375 0.6320671734375 0.2947417421875 0.6380991468749999 0.3217586328125 0.64249783125 0.34045914375 0.660138190625 0.3572841484375 0.6828574328125 0.385728715625 0.7036512046875 0.394686546875 0.720669340625 0.41773519531250003 0.741445434375 0.42498542656250005 0.7465774281249999 0.460101375 0.7682720171875 0.49161053906249996 0.7847795390625001 0.5115548515625 0.7911164484375 0.545614575 0.8187430125 0.5758389875 0.845678853125 0.5920372281249999 0.8559527046875001 0.5980486546875 0.8540083140625001 0.595112465625 0.8463165125 0.5851052218749999 0.8450101515625 0.578916140625 0.839884353125 0.54824215625 0.8125602421875 0.514587140625 0.7855015765625 0.483789725 0.7677908375 0.4413988546875 0.747750521875
5 0.13472216334736037 0.43837267447164335 0.016088791469812236 0.013372153590796288
2 0.05420133884525631 0.37226588544042355 0.00983879146981228 0.013335792154477666
2 0.8113317594490109 0.642349706568976 0.022021332939624473 0.02668521984757479
3 0.711669228125 0.7434890828125 0.7276339000000001 0.7486759828125 0.735774403125 0.73457328125 0.7152752203125 0.725397978125 0.6936692515625 0.772250428125 0.6985495375 0.7785048437500001 0.6750467453125 0.8310062984375 0.6624706625 0.8139530890625 0.6539228171875 0.83680406875 0.6626324593749999 0.8458210703125 0.666811271875 0.85999540625 0.6822426734375 0.8317850968749999 0.7041676203125 0.7770104625 0.7021850890625 0.7717339921875 0.711669228125 0.7434890828125
3 0.7845416484375 0.6277918171875 0.789777634375 0.623860259375 0.7930773765625 0.602371390625 0.78433433125 0.5972265046875 0.78567799375 0.5830842796875 0.7772313703125 0.5694510953125 0.7695156828124999 0.58355625 0.7799183843749999 0.5898427921875 0.7805111234375001 0.5972042625 0.7800763765625 0.6096537765625001 0.7884933828125 0.6119667453125001 0.7845416484375 0.6277918171875
3 0.44127023750000005 0.40976735781249995 0.4493634484375 0.40027047343750005 0.58805050625 0.47225944531249997 0.5835388218750001 0.48177716562499995 0.59031785 0.490681153125 0.6015853375 0.4779055 0.5951580234375 0.47389146562500006 0.5949637578125 0.46235803124999997 0.4556242421875 0.391955921875 0.437300028125 0.40377928281250003 0.44127023750000005 0.40976735781249995
4 0.32853594375 0.1723596796875 0.3396416953125 0.1727534546875 0.352126328125 0.17611774687499998 0.366323121875 0.1729086828125 0.3709309203125 0.168327175 0.3689487921875 0.1614031625 0.3621980046875 0.1636680515625 0.354275109375 0.1711927671875 0.3386592890625 0.1655060953125 0.3196364328125 0.1653954234375 0.3092890140625 0.1715893734375 0.2994185171875 0.1712027859375 0.28604911718750003 0.164870853125 0.26193585625 0.16900971874999998 0.24291936249999999 0.172102290625 0.2425969140625 0.1850263328125 0.2620736921875 0.17921465781249998 0.2831763734375 0.1763749359375 0.2996367984375 0.1791040296875 0.320906090625 0.178569440625 0.32853594375 0.1723596796875
2 0.785773709541678 0.7476911915418614 0.01636160998146661 0.02118465359079611
5 0.7721005899415647 0.7812122186692244 0.011483137023308564 0.015688632513557364
5 0.7108729132625424 0.7667906494855796 0.009893355172143004 0.014898292154477666
5 0.757770249830364 0.6545406343602691 0.01092014183263199 0.021934087334017603
0 0.304048146875 0.28380421875 0.290440725 0.2891972203125 0.2947514171875 0.3147590953125 0.2512662796875 0.342816565625 0.25878745 0.3565031546875 0.291064525 0.334072646875 0.2982344375 0.3169682203125 0.31058746875 0.30828461875 0.304048146875 0.28380421875