6 0.3625 0.5140625 0.03125 0.04140625
6 0.37890625 0.46875 0.03203125 0.04375
6 0.5484375 0.37890625 0.0375 0.034375
6 0.690625 0.2953125 0.02578125 0.03828125
6 0.79140625 0.234375 0.03125 0.0375
5 0.72265625 0.171875 0.034375 0.02109375
5 0.615625 0.2203125 0.02734375 0.0296875
5 0.51484375 0.26875 0.02734375 0.025
6 0.26640625 0.26328125 0.01875 0.03046875
6 0.29140625 0.2609375 0.021875 0.03828125
6 0.43828125 0.20546875 0.0234375 0.034375
6 0.56328125 0.15625 0.0296875 0.0359375
6 0.6578125 0.1125 0.0265625 0.03828125
5 0.3953125 0.33046875 0.0359375 0.03203125