5 0.3582563195398765 0.5334664337394839 0.01570356512886235 0.017184177973732596
5 0.35766649932263145 0.4699804658516594 0.017470783016686742 0.021172315128862352
5 0.35954658186434835 0.4191582722740946 0.020472952283992107 0.018992339439121864
5 0.35723048733684387 0.3587154172311404 0.01903328301668683 0.021254202283992107
5 0.3598918198785608 0.3079341672311404 0.016072057326946255 0.024215427973732596
5 0.1391178951841885 0.43972532055592933 0.01948698439616776 0.015045145861557075
5 0.13839419889309015 0.5133265948661888 0.017760710085908248 0.011838258706427318
5 0.13754434984302982 0.5743869255988835 0.013073210085908293 0.01159259724103805
5 0.15191778833221203 0.4944504421072269 0.01981453301668674 0.021295145861557074
5 0.13664134837269176 0.39729215909054005 0.017266065128862352 0.017266065128862352
5 0.1403672139310955 0.32619840909054004 0.016979460085908293 0.01179731512886235
5 0.1387095386708963 0.26814024762515076 0.020472952283992107 0.018992339439121864
5 0.25325671754914014 0.23497362279449296 0.014141065128862351 0.017102290818602837
5 0.31398949966131573 0.24207347184455327 0.02569604081860293 0.0145914444820761
5 0.35280966022219384 0.263692844300362 0.02039106512886235 0.017429839439121863
5 0.3238934441433917 0.2175238511977669 0.026968613749381375 0.024007388059640887
6 0.6992962358665058 0.1995948812737776 0.026559177973732594 0.016194888059640887
6 0.7021788964273838 0.219330849161602 0.035234815128862354 0.01820776741285446
6 0.6927142859573628 0.37003021200647224 0.041853307326946164 0.025566566033373483
6 0.823882398802233 0.3784712330373714 0.028326395861557073 0.020183025214770646
6 0.8242209927639108 0.2374777408392875 0.01788021879233561 0.028984815128862352
6 0.9260700978068648 0.23733165592272137 0.015662621551297207 0.016402927973732596
6 0.9091017673013129 0.6657432609656755 0.028572057326946166 0.024870525214770643
6 0.8089789365686183 0.6628462330373714 0.024539654567984216 0.03712486374938138
6 0.6772409356641071 0.6802274055840372 0.034245525214770645 0.029063380257724702
6 0.6916387075995174 0.5250862042045561 0.0319836623699004 0.030503049525030156
6 0.8256009497976013 0.5250563059681499 0.06397064676606803 0.046203292627625105
6 0.5448853748306579 0.14136522218323755 0.02713238805964089 0.02713238805964089
5 0.1835616932388806 0.234454644391219 0.027995525214770646 0.028735831637205767
5 0.179298080621153 0.6596150966752111 0.03379514586155703 0.020469630257724702
5 0.10293697648270998 0.6368116824962884 0.03165611374938139 0.024253049525030157
5 0.2411086838550848 0.705941220035531 0.02219922659425162 0.022199226594251796
5 0.2911252939864216 0.7829850768875074 0.02186835594746528 0.030752033016686654