2 0.44765625 0.7234375 0.06875 0.02578125
2 0.6859375 0.70703125 0.0515625 0.028125
2 0.81875 0.69609375 0.0265625 0.01875
2 0.88359375 0.6796875 0.0328125 0.0203125
2 0.8109375 0.9359375 0.02578125 0.01953125
2 0.70859375 0.975 0.02890625 0.02421875
2 0.859375 0.88671875 0.0203125 0.0203125
2 0.8859375 0.86796875 0.028125 0.02421875
2 0.9484375 0.853125 0.01953125 0.01875
2 0.9515625 0.67109375 0.0234375 0.01875
2 0.5078125 0.08046875 0.0390625 0.028125
2 0.65625 0.15 0.02890625 0.028125
2 0.70859375 0.171875 0.02890625 0.0328125
2 0.809375 0.22734375 0.021875 0.02578125
2 0.8609375 0.29609375 0.02578125 0.034375
2 0.8890625 0.3015625 0.01875 0.03515625
2 0.95078125 0.3265625 0.02265625 0.0234375
2 0.665625 0.4328125 0.03125 0.02109375
2 0.69609375 0.43671875 0.01875 0.0296875
2 0.478125 0.39453125 0.0296875 0.0265625
2 0.87265625 0.49140625 0.0359375 0.02890625
2 0.95078125 0.50625 0.01875 0.015625
3 0.8023577218750001 0.5212119859375 0.9352256875 0.52584498125 0.9290457828124999 0.5158068250000001 0.8085376265625 0.5104016640625 0.8023577218750001 0.48183152500000004 0.5263219453125 0.43164074062499996 0.533531834375 0.4540335515625 0.7776381 0.49881917500000006 0.8023577218750001 0.5212119859375
4 0.9506754531249999 0.5343388078125 0.9465555140624999 0.559048115625 0.9620052781249999 0.5721749359375 0.9743650890625 0.540516134375 0.9805449953125001 0.47565419843749995 0.9692151687499999 0.4270077453125 0.9867248999999999 0.36137364375000003 0.9599453109375 0.4077035984375 0.957885340625 0.471021203125 0.9506754531249999 0.5343388078125
4 0.957885340625 0.757494753125 0.9568553578125 0.798419546875 0.9692151687499999 0.837027840625 0.9774550421875 0.8648258140625 0.9970247421874999 0.8725474734375 0.9856949171875 0.8354835093749999 0.9784850265625 0.7953308828125001 0.9753950734375 0.7304689468750001 0.9795150093749999 0.6756451671875 0.98466493125 0.6478471953125 0.9547953890624999 0.63085954375 0.968185184375 0.664062678125 0.9589153250000001 0.7065318031250001 0.957885340625 0.757494753125
1 0.81883746875 0.28724571718749997 0.8167775015625001 0.24940958750000003 0.47585271718750005 0.11196405625000001 0.47173278124999996 0.37063963437499997 0.8116275796875 0.45557788437499996 0.81883746875 0.28724571718749997
1 0.8281073265625001 0.3034612015625 0.8229574062499999 0.4679325375 0.9506754531249999 0.49264184687499996 0.9547953890624999 0.34361382812499996 0.8281073265625001 0.3034612015625
1 0.5840010640625 0.7435957671875 0.406843775 0.7605834171875 0.40478380625000004 0.9930053546875 0.585031046875 0.9659795484375 0.5840010640625 0.7435957671875
1 0.9527354203125 0.7011266421875 0.6931793921875 0.73278544375 0.7209889671874999 0.920421759375 0.9537654046874999 0.8393443390625001 0.9527354203125 0.7011266421875
5 0.5953125 0.5953125 0.03515625 0.01875
5 0.59609375 0.54296875 0.03125 0.0265625
5 0.890625 0.56171875 0.021875 0.01875
5 0.89140625 0.60390625 0.0234375 0.01875
4 0.7374687140625 0.5389718015625 0.7395286828125001 0.559048115625 0.7415886515625 0.5791244296875 0.7415886515625 0.610011065625 0.752918478125 0.6324038765625 0.7632183203125 0.6455306968750001 0.77145819375 0.6316317109375 0.7673382578125 0.6215935546875 0.759098384375 0.6007450750000001 0.752918478125 0.5706306046875 0.7549784453124999 0.54823779375 0.7570384156250001 0.5312501421875 0.769398225 0.516578990625 0.7539484625 0.507313 0.7374687140625 0.5273893140625 0.7374687140625 0.5389718015625
6 0.334375 0.08671875 0.0328125 0.0265625
6 0.353125 0.2703125 0.03515625 0.03515625
6 0.35625 0.4578125 0.03203125 0.0296875
6 0.3546875 0.65859375 0.034375 0.0234375
6 0.346875 0.853125 0.0296875 0.02734375
6 0.425 0.03515625 0.02890625 0.02265625
6 0.9828125 0.2921875 0.0296875 0.03203125