2 0.18921063486452766 0.4093504261248325 0.009670516693047438 0.010702281570031147
2 0.15483563486452764 0.40734831036805197 0.011991534639736078 0.010057539462538756
2 0.14980715406485753 0.4187940445830364 0.01355403463973608 0.010148544724210673
2 0.16503133729266783 0.4603745998305907 0.011323944906292783 0.013918286831702886
2 0.11334315366914613 0.5692721867187635 0.008176212852981469 0.012955026308359407
2 0.09584576511020179 0.6058166314712091 0.010542694906292782 0.013872784200867017
2 0.08085125092443683 0.6370288341161624 0.008889266693047437 0.010656778939195278
2 0.0846475038274307 0.5065600841161624 0.008957462852981445 0.013000528939195278
2 0.09930939740093997 0.513674634102045 0.009738712852981446 0.013046031570031147
2 0.11974758102446167 0.40295694198043536 0.01049723079967011 0.012310284200867017
2 0.11402877843803694 0.4112321735645838 0.008221676959604097 0.01451752630835923
5 0.05433787820061009 0.4993167315135613 0.008176212852981469 0.01295502630835923
5 0.07734112067876268 0.43492030254613134 0.009829641066226812 0.016171031570031146
2 0.06328566620555845 0.675917028868608 0.00893473079967011 0.012219278939195277
5 0.19368518619731118 0.39004668927901226 0.012977373119538126 0.017134292093374803
5 0.2678106594751339 0.31688918131591726 0.01219612311953817 0.017088789462538844
6 0.15541830806320808 0.360427807737216 0.009784176959604141 0.014608531570031147
5 0.1291824169969813 0.3745512209196305 0.012309783386094874 0.020995039462538844
5 0.14748848462710082 0.4984815445830364 0.010701819279472159 0.019341534200867018
3 0.3491547328125 0.6451320390624999 0.3512960546875 0.637122234375 0.3492020125 0.6303909171875001 0.34307627812499997 0.6310509843750001 0.3387374828125 0.6358823546875 0.151419278125 0.5283745515625 0.1532091921875 0.5193274296875 0.1449451109375 0.5147788390625 0.133919390625 0.5395571203125 0.142050559375 0.5486736718749999 0.14679988593749999 0.542849378125 0.3363155640625 0.653535615625 0.344697790625 0.654023825 0.3491547328125 0.6451320390624999
3 0.239811759375 0.7828065421875 0.24424213906249997 0.7617113890625 0.23975858749999998 0.758399771875 0.2372362671875 0.766387421875 0.06674745625 0.6969736859375 0.071233934375 0.68706680625 0.063234403125 0.6842119078125 0.0660149734375 0.6959142093749999 0.0656339515625 0.6958920171874999 0.06347786093749999 0.7044093859375 0.22747470781249998 0.7739534328125 0.239811759375 0.7828065421875
1 0.0901515296875 0.6927443171875 0.22157347187499998 0.7537817734375001 0.305053225 0.65238635625 0.1600806578125 0.5723390875 0.0901515296875 0.6927443171875
1 0.3257317875 0.6237766984374999 0.436452328125 0.46499242656249995 0.2843848828125 0.3389561546875 0.18294451875 0.5336063859375 0.3257317875 0.6237766984374999
0 0.15710786875 0.5165040546874999 0.1713204671875 0.5264832 0.2437892765625 0.3837737578125 0.22679840625 0.37085616718750003 0.15710786875 0.5165040546874999
0 0.0731732671875 0.6859997859375 0.08599469062500001 0.6913222359375 0.13208813749999998 0.6024932078125 0.11815320781250001 0.5960890875 0.0731732671875 0.6859997859375
0 0.331550103125 0.6248991171875 0.3704220078125 0.653092028125 0.45774434218750004 0.5376849734375 0.420062109375 0.5080197890625 0.331550103125 0.6248991171875
0 0.22945403281250001 0.7496138796875 0.2612491765625 0.7718021140625 0.32320919375 0.701691528125 0.28716892031249996 0.6759902656250001 0.22945403281250001 0.7496138796875
1 0.4647353140625 0.7302708640625 0.5833300125 0.6156683953125001 0.4737819109375 0.5368896578125 0.37210551875000003 0.6608162140625 0.4647353140625 0.7302708640625
1 0.2550123984375 0.789396340625 0.35050420781249997 0.839189696875 0.4354607171875 0.7526242015625 0.4101249734375 0.7445392453124999 0.39611322968749996 0.753891325 0.319860990625 0.7118278625000001 0.2550123984375 0.789396340625
0 0.37747321562499997 0.8173736390625 0.40289459218749996 0.835631771875 0.46998201093749997 0.7729375671875001 0.44341433124999996 0.7583965484374999 0.37747321562499997 0.8173736390625
1 0.48155105468750004 0.8737680031249999 0.582784671875 0.804928046875 0.4975604015625 0.7581926703125 0.405517365625 0.8373097703125 0.48155105468750004 0.8737680031249999
3 0.5124394484375 0.8877688671874999 0.519652075 0.875987134375 0.512971103125 0.86949711875 0.5111960078125 0.8780366796875001 0.4998986203125 0.8728029953125 0.4908843375 0.880920921875 0.3880204015625 0.835273875 0.3810145296875 0.83994990625 0.3847537828125 0.8294911140625001 0.37681065468749997 0.8261445859375 0.370801109375 0.8368130203125 0.3847065015625 0.8442322359375 0.4925383109375 0.8896602375 0.50304709375 0.8826461703125 0.5124394484375 0.8877688671874999
3 0.47948364374999997 0.7480705203125 0.470823796875 0.74400726875 0.4617208546875 0.755170496875 0.3211871765625 0.6793669078125 0.327944940625 0.670100721875 0.3190963890625 0.6605026015625 0.30991932499999997 0.6731181281249999 0.315102821875 0.6917227609375 0.46026773125 0.7657624578125 0.476535971875 0.7575586015625 0.47948364374999997 0.7480705203125
0 0.492411690625 0.712054878125 0.519971440625 0.7355216328124999 0.6208860578125 0.6514107984375 0.5860957 0.6290481515625 0.492411690625 0.712054878125
3 0.6292652390625 0.7962870546875 0.63440740625 0.8031958703125 0.650501403125 0.7878641562500001 0.6441571203125 0.7829189578125 0.6408727562500001 0.790862221875 0.634177015625 0.7848797375000001 0.6182307015624999 0.795135975 0.507135221875 0.7307067484374999 0.499766071875 0.7216345609375 0.4844488625 0.7365031265625 0.4978876 0.733726971875 0.49583485781250003 0.7386915265625 0.6209981796874999 0.8049569265625 0.6292652390625 0.7962870546875
0 0.637842428125 0.7769586656249999 0.6630865359375 0.8013074015624999 0.7392118734374999 0.75591706875 0.717650103125 0.7234464593750001 0.637842428125 0.7769586656249999
5 0.7483927889293852 0.8519878492658934 0.010542694906292737 0.013872784200867017
5 0.7245688440230924 0.8639040203408157 0.010588159012915455 0.015435284200867016
5 0.7015034170634882 0.8766469440465737 0.01362223079967002 0.012492294724210495
0 0.6881817953125 0.8701237781250001 0.76141848125 0.8321913484374999 0.7440368 0.7737287359375 0.671033378125 0.81675884375 0.6881817953125 0.8701237781250001
0 0.622024834375 0.8352575984374999 0.61085440625 0.8518929249999999 0.6136702406250001 0.8785516578125 0.6262070703125 0.8751571078125 0.6248927125 0.8547441953125 0.62899819375 0.8448151234375001 0.669801778125 0.8197375593749999 0.6612895625 0.8105988296875 0.622024834375 0.8352575984374999
5 0.676137355701575 0.8070856019673165 0.00971598079967002 0.012264781570031146
5 0.7056119070343584 0.7892379493082456 0.012082462852981379 0.013182539462538756
5 0.7383705827403213 0.7661035571725187 0.008198944906292738 0.01373627630835923
5 0.7861775969260864 0.7368024650226741 0.008335337226160889 0.01842377630835923
0 0.5275872546875 0.8818098031250001 0.5803872890624999 0.8478631703125 0.5693302171875 0.8230371296874999 0.5023350984375 0.8681500078125 0.5275872546875 0.8818098031250001
3 0.6281164296874999 0.625903040625 0.638495275 0.6102384562500001 0.630260728125 0.6046747546875 0.6213616140625 0.6219507609375 0.47853301562499995 0.5200846296875 0.47136764375 0.5171252546875 0.46751619843750003 0.5052075140625 0.4735267125 0.49538940625 0.46449763125 0.48094970156250005 0.446882578125 0.5060393828125 0.4524205109375 0.5124628390625 0.453649184375 0.522702590625 0.6095325734375 0.6349888421875 0.6281164296874999 0.625903040625
1 0.5281350953125 0.7304046093750001 0.6169724921874999 0.78591131875 0.7417460453125 0.69505555 0.6522621765625 0.6340210859375001 0.5281350953125 0.7304046093750001
3 0.5294953687499999 0.9066381781249999 0.5296194062499999 0.94172565625 0.523316478125 0.9484762609375 0.5230801875 0.95659705625 0.5293653968750001 0.9635724437500001 0.540535796875 0.9469371499999999 0.5376560734375 0.91473961875 0.6028620421875 0.8773562859374999 0.6011962265624999 0.855906071875 0.586457925 0.8377617484375 0.60747554375 0.8237336187500001 0.6172814062499999 0.8146449640625001 0.6107718484375 0.8050768203124999 0.579455028125 0.8292193359375 0.5794815890625 0.841422703125 0.5850638765625 0.8463235203125 0.59410174375 0.863627421875 0.5294953687499999 0.9066381781249999
3 0.751081025 0.7939669859375 0.753523603125 0.8149540359375 0.7616843078125 0.823055475 0.7705361421875 0.8205205718749999 0.775108303125 0.8207868703125 0.7884023078125 0.809867746875 0.7841403296875 0.7989429171875 0.76671423125 0.8075877437500001 0.7649746234375 0.7886752859375 0.7579480921874999 0.754711025 0.7428435624999999 0.7360369640625 0.7537924671875 0.7270148828125 0.7459819015625 0.7161431890625 0.7285867125000001 0.7275804531250001 0.7354271578125 0.7417059171875 0.74603341875 0.757575928125 0.7532961890625 0.7834194078125 0.751081025 0.7939669859375
3 0.63064918125 0.9323576703124999 0.65449335 0.9261203015625 0.6524878640625 0.9163437296874999 0.655084078125 0.9058183296875001 0.65376679375 0.8986238984374999 0.6484621765624999 0.8972981250000001 0.6455617859375 0.8920450828125001 0.64584238125 0.8824016609375 0.6366538046875 0.8833916953125 0.62759521875 0.89303228125 0.6131338328125 0.8969868171875 0.59898695 0.9056015234375 0.604084815625 0.9140329656249999 0.6048881359375 0.92577318125 0.622751328125 0.9283388015625 0.62974243125 0.9241703328125 0.63064918125 0.9323576703124999
4 0.54452948125 0.5015501421875 0.5847036109375 0.54136115 0.629071575 0.55541604375 0.6691089359375 0.599930159375 0.7027836078125 0.6263624296875 0.7464265625000001 0.6653369109375 0.7794881359375 0.673380278125 0.8049441375 0.6863336765625 0.815433034375 0.7007095125 0.819946640625 0.7231491984375 0.8227632453125 0.7447253546875 0.8287118453125 0.7573072921875 0.8406534718750001 0.7809443500000001 0.85680666875 0.7979442406249999 0.8606895171875 0.7828760328125 0.8357488999999999 0.73248146875 0.8182140890625 0.6840477015624999 0.7956902375 0.668970909375 0.7550673640625 0.6643107500000001 0.7446006828125 0.6491714921875 0.7014055515625001 0.6145375140625 0.67941034375 0.6010209671875 0.6617038640625 0.5749042156249999 0.626669196875 0.5425588078125 0.5831592984375 0.5287484578125 0.566913275 0.505249765625 0.53019168125 0.47632993749999997 0.5159968796875 0.455065071875 0.4885979546875 0.43303110624999996 0.46792189687499997 0.41632205781250003 0.4346518125 0.396060421875 0.3974594 0.3833227609375 0.35842460625 0.34299199375 0.31832684843750003 0.31883655312500003 0.324231184375 0.3388345265625 0.37262853749999997 0.37224206875 0.4427145859375 0.4099716953125 0.5090732796874999 0.4574255546875 0.54452948125 0.5015501421875
4 0.7186567015625 0.9291992375 0.7342812546874999 0.94463890625 0.7554856562500001 0.9458739218750001 0.7960241515625001 0.9337053781250001 0.8170108968750001 0.92269224375 0.8334350531249999 0.9106486296874999 0.8282150968750001 0.8927560968750001 0.8148829046875001 0.8774499406249999 0.7758060140625 0.859114896875 0.750674415625 0.8744749390625 0.7430020484375001 0.881675253125 0.7244409468749999 0.888241371875 0.7186833921875 0.9085534234375 0.7186567015625 0.9291992375
4 0.6690082640624999 1 0.6950319546875 0.9914175375 0.722544846875 0.9731373031249999 0.7259878265624999 0.9534551828125 0.7275115953125 0.9405437203125 0.7120204 0.9205235249999999 0.7042014921875 0.8933030109375 0.6823128781250001 0.8958517203125 0.6797495546875 0.9247617109374999 0.6727347140625 0.9488241125 0.66495128125 0.959841534375 0.6516146890625001 0.9644178 0.6371096656249999 0.9696907015624999 0.6077931078125001 0.9710420937500001 0.5859712078125 0.97130054375 0.57272339375 0.97282309375 0.5617458046875 0.975242609375 0.5675833359375 0.9916416546875 0.5968181609375 1 0.6690082640624999 1
5 0.5398384913575254 0.8922734020943736 0.0073267666930474816 0.010565773677523538
5 0.5613868824237522 0.8778769731269435 0.008108016693047481 0.010611276308359407
6 0.6222107221571955 0.8853324283321455 0.008980194906292737 0.013781778939195277
3 0.12326329375 0.5656285734375001 0.11583991874999999 0.57429419375 0.1286358953125 0.5804982609375 0.13252066875 0.5643481640625 0.13682300625 0.55732035625 0.1328510140625 0.5529949203125 0.126347328125 0.553525934375 0.1220608671875 0.5482723875 0.1245661578125 0.5443242109375 0.1169102375 0.5375097234374999 0.1215931125 0.5291393859375 0.12358836718749999 0.5192478171875 0.11831528437500001 0.5166571609374999 0.1128351984375 0.5249900984375 0.11577124218749998 0.5297100953125 0.11123105625 0.544912221875 0.1212337 0.5532281 0.1179673125 0.55986133125 0.12326329375 0.5656285734375001
3 0.1687744671875 0.4215828640625 0.1892527671875 0.4336931609375 0.20973109843749999 0.3871215046875 0.205352165625 0.38504685625 0.2297787015625 0.331881671875 0.22984210625 0.34143824375 0.2404737109375 0.3516103359375 0.252357965625 0.330467371875 0.2527279515625 0.3177517515625 0.24497955781249997 0.3141161671875 0.23957784218749997 0.31198195625 0.23710164374999998 0.3031946578125 0.22817988281249998 0.3281493640625 0.20025172812499997 0.3842948921875 0.2045381875 0.38954843906250003 0.19248215468750002 0.41659509687499996 0.1776935890625 0.40845537031249995 0.1687744671875 0.4215828640625