6 0.5540673317676752 0.21160256800736157 0.030862863125944707 0.03426655043684033
6 0.463329668726435 0.3323131518792018 0.036748842079257396 0.028162020801562538
6 0.3444824162367734 0.47896798670097257 0.03996484734092913 0.029797255983923777
6 0.19978602431280784 0.6664835576550349 0.049104628910960325 0.03937227773541672
6 0.14759419275689417 0.6895203609416669 0.03532284997176514 0.03046940321038214
5 0.4009690927145419 0.6508261093261462 0.03946431840173403 0.021203505983923777
5 0.4854945531108287 0.5158893712939935 0.05090234734092931 0.030051829122187533
5 0.5636034135353503 0.4105310304882991 0.04447033681758548 0.026781358757465235
5 0.6352270555299031 0.2956340355222922 0.03918359734092931 0.029779072188333356
6 0.717805066123834 0.3687461868328131 0.03923680524755433 0.0172972559839236
6 0.6558294399142968 0.4791738873459034 0.034223081555913734 0.024982469414791632
6 0.5779712084713226 0.6205242795383686 0.04667757892507769 0.024492160144236053
6 0.48329720335082504 0.7685240620234379 0.03748458944842135 0.027398954597152782
6 0.48611909548655213 0.8006644147969796 0.02480257892507769 0.023983013867708534