2 0.0234375 0.39375 0.034375 0.053125
2 0.084375 0.27265625 0.03984375 0.03359375
2 0.109375 0.21484375 0.03359375 0.04609375
2 0.1546875 0.1375 0.03125 0.04453125
2 0.30234375 0.428125 0.02734375 0.028125
2 0.884375 0.4484375 0.03984375 0.090625
2 0.60703125 0.4578125 0.05390625 0.06640625
2 0.5890625 0.23359375 0.03828125 0.05546875
2 0.5796875 0.134375 0.03203125 0.04296875
2 0.7875 0.13828125 0.03125 0.0265625
2 0.33828125 0.265625 0.03828125 0.021875
2 0.34140625 0.23125 0.0375 0.03515625
2 0.3640625 0.13359375 0.03125 0.04453125
2 0.221875 0.06875 0.02734375 0.040625
2 0.2515625 0.01484375 0.03984375 0.02890625
2 0.38828125 0.0703125 0.02578125 0.03515625
2 0.5640625 0.078125 0.034375 0.04765625
2 0.73515625 0.07265625 0.03515625 0.05859375
1 0.0750938671875 0.29771841875 0.0448477265625 0.3853644953125 0.28681685468749996 0.42014468593750004 0.322277846875 0.29910962812499997 0.0750938671875 0.29771841875
1 0.31184814375 0.23928770156249998 0.333750521875 0.13216472031249998 0.182519815625 0.13494713281249998 0.1230705046875 0.2323316640625 0.31184814375 0.23928770156249998
1 0.3639966625 0.076516415625 0.377555278125 0.01252086875 0.270129328125 0.0083472453125 0.2430120984375 0.06956037968749999 0.3639966625 0.076516415625
1 0.7947434296875 0.2114635515625 0.7634543171875 0.1307735109375 0.598664996875 0.13494713281249998 0.614309553125 0.22815804218750002 0.7947434296875 0.2114635515625
1 0.57571965 0.0055648296875 0.57989153125 0.0612131328125 0.7175636203125 0.0612131328125 0.6946182734375 0.009738453125000001 0.57571965 0.0055648296875
1 0.614309553125 0.3380634390625 0.6414267828125 0.4785754046875 0.8552357109375001 0.48970506406250003 0.8051731328124999 0.32276015468749997 0.614309553125 0.3380634390625
5 0.490625 0.328125 0.034375 0.03359375
5 0.43046875 0.3203125 0.0375 0.03515625
2 0.44921875 0.06640625 0.03046875 0.0265625
2 0.4953125 0.0625 0.03125 0.0390625