1 0.1943814390625 0.796734215625 0.0265461375 0.8795138484375 0.08550096406249999 0.9976693531249999 0.3303493015625 0.9806889218749999 0.1943814390625 0.796734215625
1 0 0.6705924890625 0.0010521734375 0.8377702859375 0.167825228125 0.7634808671875 0.075409578125 0.6417877484375001 0 0.6705924890625
1 0.116872403125 0.6082932875 0.218282053125 0.722444821875 0.3356605640625 0.6559381156249999 0.22837340468749998 0.564668278125 0.116872403125 0.6082932875
1 0.2833280796875 0.5491090468750001 0.4041756 0.65984264375 0.506682565625 0.61031638125 0.37337037031250003 0.515508953125 0.2833280796875 0.5491090468750001
1 0.41240423593750003 0.6635838281249999 0.5890069015625 0.8213838203125 0.6957628484375 0.7442643624999999 0.5119938296875 0.6154960578125 0.41240423593750003 0.6635838281249999
1 0.53908118125 0.8492040921875 0.3639276703125 0.68772476875 0.2363402640625 0.7487365234375 0.3935530734375 0.9355213046875 0.53908118125 0.8492040921875
5 0.45625 0.51171875 0.009375 0.01171875
5 0.48125 0.52890625 0.01015625 0.0125
5 0.509375 0.5484375 0.01171875 0.0140625
5 0.61171875 0.61640625 0.0125 0.0140625
5 0.6484375 0.640625 0.0078125 0.0140625
5 0.6875 0.66484375 0.0140625 0.02109375
5 0.69609375 0.5734375 0.0125 0.01640625
5 0.6671875 0.55859375 0.01640625 0.01640625
5 0.64375 0.54140625 0.01484375 0.01015625
5 0.51171875 0.4671875 0.015625 0.01328125
5 0.4953125 0.45625 0.01328125 0.01484375
5 0.478125 0.44765625 0.0140625 0.0140625
6 0.553125 0.525 0.00703125 0.02578125
3 0.681136928125 0.7075224437500001 0.6948141578125 0.71359561875 0.7005129343750001 0.7075224437500001 0.6931044953125001 0.69385775 0.7107708374999999 0.6710832921875001 0.7164696890625 0.6384398499999999 0.7124805000000001 0.6262935 0.722624403125 0.6163366453125 0.7119106375 0.6080739234375 0.7005129343750001 0.6346441406250001 0.7045021218749999 0.64603136875 0.697093684375 0.6672875328125001 0.6760080140625 0.6900619890625 0.6902550296875 0.699930975 0.681136928125 0.7075224437500001
3 0.441786015625 0.4926832421875 0.5170105890625 0.540509621875 0.5204298781250001 0.5496194359375 0.5033333984375 0.567079840625 0.5010538718750001 0.5807445343750001 0.5135913015625 0.592890934375 0.5272684937500001 0.6042781640625 0.540945684375 0.6133879265625 0.5460746359375 0.6035189921875 0.5124515390625 0.573153065625 0.5255588296875 0.557970078125 0.52954801875 0.5344364484375 0.4531836828125 0.4843326015625 0.4566029703125 0.45548491875 0.4381126359375 0.437942309375 0.4349474390625 0.4478934234375 0.4457752046875 0.456244090625 0.441786015625 0.4926832421875
3 0.53125768125 0.4843326015625 0.52897815625 0.4995155890625 0.5386661593750001 0.5101436453125 0.5477843 0.5116619390625 0.5506336875 0.5025521765625001 0.5437951109375 0.4987564171875 0.5380962578124999 0.4919240703125 0.5455047359375 0.48964665468749996 0.5648807796875001 0.49420153593749994 0.57228925625 0.4919240703125 0.5745687828125 0.47977766875 0.5684613109375001 0.471365046875 0.5648807796875001 0.47977766875 0.5569024015624999 0.4820551359375 0.5472143984375 0.479018546875 0.53125768125 0.4843326015625
3 0.5859664484375 0.514698578125 0.5928050640625 0.5101436453125 0.5939448265625 0.5048295921875 0.5882459734375 0.4995155890625 0.588815875 0.4926832421875 0.5871062109375 0.48357342968749994 0.5779880703125 0.486610015625 0.5739989203125 0.4949606578125 0.5734290203125 0.4995155890625 0.5757085453124999 0.5040704703125 0.5762784453124999 0.509384525 0.5739989203125 0.5154576984375 0.56886996875 0.517735165625 0.5654506421875001 0.5116619390625 0.5626012546875 0.509384525 0.55968784375 0.5214991515625 0.5745687828125 0.531399859375 0.580267634375 0.53215898125 0.5836869234375001 0.522290046875 0.5859664484375 0.514698578125
4 0.738651134375 0.7691925359375 0.706799096875 0.7742438 0.68253089375 0.7934385109375001 0.6150350546875 0.8328382781249999 0.5816663109375 0.8601149546875 0.54829756875 0.899514721875 0.51644558125 0.900524934375 0.470184384375 0.91971964375 0.43529888437500003 0.9570989187500001 0.40572205781250004 0.9752833484375 0.41406424375000006 0.9924576328124999 0.43757404375000003 0.9722526437499999 0.4648757109375 0.9530578671875001 0.5035531265625 0.9166889390625 0.542988946875 0.9136581671874999 0.5953171703125 0.8641559390625 0.6355113421875 0.8328382781249999 0.6954233984375 0.7964692828125 0.7219667624999999 0.7873770343750001 0.76140253125 0.7752540812500001 0.7864290890625 0.7429260703125 0.797046434375 0.7095878484375 0.817522671875 0.672208640625 0.8076636796875001 0.65099340625 0.7894626015624999 0.684331628125 0.7833955765625 0.7146391125 0.7689862625 0.7469670890625 0.738651134375 0.7691925359375
0 0.4053917109375 0.53053686875 0.490660671875 0.5934092093750001 0.511136959375 0.5620914796875 0.4466745828125 0.514609778125 0.4053917109375 0.53053686875
0 0.6006258421874999 0.6257371859374999 0.5580061921875 0.6406194453125 0.6749471609375 0.71969034375 0.67115519375 0.69241363125 0.6885980203125001 0.6792803640625 0.6006258421874999 0.6257371859374999
0 0.389546490625 0.7006644890625 0.5035531265625 0.8106127953125 0.5414721390625 0.7873770343750001 0.42619834531249995 0.6873623671875 0.389546490625 0.7006644890625
0 0.26162973906250003 0.5802759765625 0.342018084375 0.6570549156250001 0.37311171875000004 0.6408909109375001 0.2919649703125 0.5671427437500001 0.26162973906250003 0.5802759765625
0 0.201905734375 0.7996276140624999 0.30030715625000004 0.9267913999999999 0.3503602703125 0.9015352140624999 0.2464621765625 0.771213028125 0.201905734375 0.7996276140624999
0 0.08348356875 0.646179171875 0.1539397296875 0.737874840625 0.1933755234375 0.7146391125 0.125879659375 0.624726940625 0.08348356875 0.646179171875
3 0.4110307296875 0.532956359375 0.42619834531249995 0.5228538656249999 0.417856159375 0.5127513703125001 0.4087555703125 0.5228538656249999 0.400413384375 0.5107308781250001 0.2722470859375 0.5561920875 0.2561130640625 0.56278328125 0.26466330312499997 0.57740730625 0.276039003125 0.568315075 0.39889662812500004 0.5228538656249999 0.4110307296875 0.532956359375
3 0.5604316703125 0.638022275 0.573324125 0.6329710109375 0.56574034375 0.61882753125 0.5460224593749999 0.6137763015625 0.4049636546875 0.676411728125 0.3878785734375 0.679537528125 0.40117178906250006 0.6966167171875 0.414822596875 0.6855039765625001 0.54829756875 0.6238787953125 0.5604316703125 0.638022275
3 0.5354051125 0.8249183421874999 0.542988946875 0.84209259375 0.56270683125 0.8279491140624999 0.5520894843749999 0.8168363734374999 0.5452640546875 0.8168363734374999 0.53085484375 0.8016826140625 0.3488435140625 0.9107895312500001 0.3367094109375 0.9320047328125 0.35452021718750004 0.954188 0.3662862890625 0.9481687375 0.35566894375 0.9299842406250001 0.5354051125 0.8249183421874999
3 0.35870245624999997 0.6592375109375 0.3693198015625 0.6723707437499999 0.376903584375 0.661258003125 0.36173596875 0.6461042765625 0.18806685 0.724903709375 0.1782079078125 0.7380369421874999 0.1893963515625 0.7473661875000001 0.204751221875 0.7461189109374999 0.19261714531250002 0.7350061703125 0.35870245624999997 0.6592375109375
3 0.21533020625 0.7583766734374999 0.005074717187499999 0.867784578125 0.020405871875000002 0.8809135343750001 0.2251859390625 0.78317581875 0.21533020625 0.7583766734374999
3 0.106427078125 0.6357510671875 0.100709590625 0.6170564 0.0006316625 0.6554965687500001 0.0029925296875 0.66552405625 0.098630509375 0.6302119125 0.09967005 0.6364434609375 0.106427078125 0.6357510671875
2 0.00546875 0.96640625 0.0109375 0.015625
0 0.0680359359375 0.998873584375 0.01123675625 0.8913683125 0 0.901181059375 0.041753492187500005 0.9994382984374999 0.0680359359375 0.998873584375
4 0.5112270828125001 0.4201343875 0.5291397734375 0.41762261718750004 0.5385674984375 0.4213902640625 0.5486237593750001 0.4239020328125 0.56653645 0.42222751562500005 0.5907342765625 0.4205530125 0.6089612343749999 0.42641378906250005 0.6234171109375 0.42641378906250005 0.63975850625 0.43269320312500004 0.6265596578125 0.419297134375 0.6152464125 0.41762261718750004 0.5941911109375 0.4146922375 0.56559366875 0.41259909375000003 0.550195053125 0.4155294890625 0.5357391765624999 0.4092500796875 0.5237973984375001 0.4092500796875 0.5127983781250001 0.41008733125 0.5017993578125 0.4117618421875 0.48640072187500005 0.411343215625 0.47854427031249996 0.4075755703125 0.46829173125 0.4050726015625 0.46848803125 0.4151108625 0.4832581328125 0.419297134375 0.49959955 0.42180889062500004 0.5112270828125001 0.4201343875