6 0.2633800075025351 0.4055540666495621 0.023673889342673605 0.010292605386194253
6 0.23274825655260453 0.43229837383115444 0.024764263867708358 0.023578400565734015
6 0.2122909393982643 0.4597648436787293 0.020767094889756966 0.019649424668035032
6 0.17244718939826426 0.4599966478352595 0.03715516109416668 0.0189636234383709
6 0.14434102640423654 0.49453981947823245 0.02000402868534721 0.020426129488495093
6 0.11981315187920179 0.48139947004396655 0.015189242116215284 0.01493010841125635
6 0.10122745924989626 0.5221380995324617 0.018441528685347253 0.02041703912941557
6 0.12902384450850732 0.44071538270994903 0.024618793502986146 0.017328400565734016
6 0.17584429312173647 0.4380989219375605 0.014389808320624997 0.014144313231716587
6 0.14644708064079898 0.4171733435805335 0.016588087955902785 0.007907948770336048
6 0.12104703713781284 0.4001312893258073 0.014353440729444467 0.012581813231716588
6 0.09579181078916696 0.35574093989154143 0.02214775693385418 0.011846015027114732
6 0.05571036502572939 0.27861990368899203 0.013790396276527788 0.02195226805217674
6 0.08419773451677101 0.22688468686647933 0.019858558320624997 0.014176129488495271
6 0.12803800028434043 0.1969381116327102 0.029923889342673603 0.010328966822512697
6 0.1616856484607293 0.1654881237329586 0.018986389342673604 0.010265334308955421
6 0.19949411977538206 0.14495290993550797 0.03720971248093754 0.02130737343837099
6 0.23087075313413202 0.11664155757437582 0.022093205547083362 0.009502265027114643
6 0.26244740824437507 0.09692395521324365 0.023165396276527785 0.02200681020665447
6 0.29155302678548617 0.07175123839073091 0.03165004350298615 0.017369307181592353
5 0.315171711531007 0.04582908782499684 0.01993129350298606 0.017301129488495225
5 0.21779475056868086 0.394098937062871 0.015098323138263935 0.01102385841125635
5 0.19377536910979198 0.3692352924490653 0.018259690729444465 0.01260453912941557
5 0.16912020801562527 0.35062619301479936 0.012627286569131969 0.005541472872636888
5 0.13914176728618083 0.3382989098373121 0.018950021751493074 0.00870283430895542
5 0.11933841356270865 0.3602920845053471 0.01746025693385418 0.01181874394987581
5 0.13085779502159753 0.3852284519917898 0.01753299211621533 0.014943743949875809
5 0.1578021547289934 0.40148016588743635 0.01746025693385418 0.01181874394987581
5 0.20097092648048642 0.40982393101274683 0.017532992116215264 0.014943743949875809
6 0.567235625378056 0.6030320128858154 0.022184124525034755 0.013408515027114732
6 0.6076774810013893 0.5277865731906657 0.03386650693385427 0.011914192720211858
6 0.5176707300514588 0.5548763140172834 0.03399379350298624 0.017382942720211857
6 0.5705398504924309 0.4764331514494968 0.031014263867708357 0.02361476200205246
6 0.4275574891695145 0.7116717355620605 0.03566539627652787 0.02207953307929138
6 0.49579964931375065 0.756593350121637 0.023256315254479177 0.025913060206654494
6 0.62880433254066 0.3612348774453918 0.031631859707395904 0.016588057181592397
6 0.6598556172099309 0.419655910622879 0.017660278685347208 0.02041249394987581
6 0.6909614532659727 0.4804206938003663 0.044350065254479175 0.026035780054229286
6 0.0702690531897227 0.5684182018935939 0.026944359707395858 0.016560786104353475
6 0.11843444946625051 0.5900159459416656 0.027689242116215283 0.015002831283893413
6 0.15806064712954912 0.6140074369646752 0.01851426386770836 0.02354203912941557