1 0.479437928125 0.6316382515625001 0.7099766953125 0.61818695625 0.7001400062500001 0.5555204828125 0.449882490625 0.5722946125 0.479437928125 0.6316382515625001
1 0.4394098921875 0.5446088046875001 0.7409189640625 0.5276383984375 0.7362550531250001 0.43930738125 0.3907625625 0.46493491562499994 0.4394098921875 0.5446088046875001
1 0.3628152140625 0.422225484375 0.6801542359375 0.403100378125 0.6622010875 0.266385040625 0.2923656375 0.304589528125 0.3628152140625 0.422225484375
1 1 0.2508144859375 0.695522790625 0.27396666875000003 0.704023559375 0.4000359109375 1 0.3818515734375 1 0.2508144859375
1 1 0.42534574999999997 0.8020868484375001 0.43885786875 0.79742699375 0.52373553125 1 0.5081504531250001 1 0.42534574999999997
1 1 0.5417746375 0.7237745421875 0.5595201765625 0.7269295390625 0.61608419375 0.9741061265625 0.605349046875 1 0.5448708140625 1 0.5417746375
3 0.9491968921874999 0.6762980890625 0.983534903125 0.6767042453125 0.9825736203125001 0.6698393359375 0.9622131390625001 0.66997026875 0.95573729375 0.64466100625 0.812939146875 0.6532191296875001 0.8096769890625 0.622855975 0.73698538125 0.6254242765625 0.73816115 0.632725825 0.799606065625 0.632316090625 0.802119225 0.6608069375000001 0.9449237078125 0.6527934296875 0.9491968921874999 0.6762980890625
3 0.684746928125 0.633342903125 0.723203784375 0.6284745484375 0.714608909375 0.546048184375 0.73022605625 0.5445034390625 0.7283202890625 0.5369634328124999 0.696703571875 0.5384360046875 0.7104052015625 0.62225925 0.6846125671875 0.6242779281249999 0.684746928125 0.633342903125
3 1 0.5559282328124999 0.9782292281249999 0.608967775 0.95025295625 0.61081570625 0.947691128125 0.6201964328125 0.9891949062500001 0.613906165625 1 0.5850018218749999 1 0.5559282328124999
3 0.7632648234375 0.5430197437500001 0.7959811875 0.539533646875 0.79920525 0.41038056875000006 0.7599505734374999 0.4116639734375 0.7618943765624999 0.42247168906250004 0.780794884375 0.42186383125000004 0.7788454921875 0.535568853125 0.7606654671874999 0.535598234375 0.7632648234375 0.5430197437500001
3 0.6826625109375 0.4254421828125 0.7227167999999999 0.42585482968750005 0.722538425 0.4150513578125 0.7014606062500001 0.416033071875 0.68378388125 0.2405772375 0.7117633109375 0.23900162812499998 0.7079834625 0.2266446765625 0.6618588375 0.231245071875 0.6826625109375 0.4254421828125
3 0.767099128125 0.182303128125 0.7597075109375 0.23730497499999997 0.7913481828125 0.23512002187499997 0.791090559375 0.18173061875000002 0.767099128125 0.182303128125
3 0.4121444109375 0.24656075937500002 0.48555016249999994 0.242869375 0.48389690312500006 0.22578164531249997 0.4784077265625 0.22276782499999997 0.454824053125 0.227135734375 0.45270694375 0.23268345625000003 0.41601835156250005 0.2357545328125 0.41198281249999996 0.23267302656250002 0.287348846875 0.23984022343750003 0.2892989875 0.2511925546875 0.2784251734375 0.254151109375 0.286919878125 0.265471078125 0.31962682187499997 0.263947728125 0.3089389890625 0.251640084375 0.3085026890625 0.24539391406250002 0.41022278749999996 0.23765920624999998 0.4121444109375 0.24656075937500002
3 0.5250269046875 0.6956515046875 0.5248013015625 0.701368815625 0.5425466515624999 0.7013744562500001 0.5439844468749999 0.6999452046875 0.557054559375 0.6982466328125 0.559114609375 0.6877973453124999 0.558675140625 0.6812788656250001 0.553893771875 0.6765973562500001 0.5580741 0.660872653125 0.5560700921875 0.6448910718749999 0.555245046875 0.6364833546875001 0.5272529328125 0.63696974375 0.5266180015625 0.6449005484375 0.5437109796875 0.6451942515625 0.5448709046875 0.6511342625000001 0.54571813125 0.6614481421875 0.5408458640625 0.680202090625 0.5428308578125 0.6945498078125001 0.5250269046875 0.6956515046875
5 0.615349757439495 0.7537947024429273 0.009465906667727352 0.00824914764263518
5 0.6458185074394951 0.7523755976043631 0.014925566000954404 0.007722608767505612
5 0.6770594167727224 0.7501388554622459 0.011809656667727176 0.008358309553293886
5 0.8598446447724044 0.7392804764308607 0.011046588001272539 0.009884422249741042
5 0.8903315761059496 0.7394238715922964 0.010247156667727353 0.008285534946188023
5 0.5898134080999045 0.708865346156621 0.01026533800127254 0.009848034946188022
5 0.6265230674331318 0.7063738928896334 0.012599997334499947 0.009175946856846907
5 0.6585452267663591 0.7041007634439633 0.012618178668045488 0.010738446856846906
5 0.8585270454328136 0.6932231137344136 0.013426700668363623 0.013118584160399748
5 0.8936832954328136 0.6915856850745318 0.014934656667727354 0.00850385876750579
5 0.931165114099268 0.6882765945039913 0.01339033800127254 0.009993584160399749
5 0.6712355834261321 0.6527009292835635 0.013381247334499946 0.009212334160399748
5 0.6220259240929048 0.655774579407398 0.010238066000954404 0.007504284946188022
5 0.5736066054264503 0.6595930922276796 0.009474997334499946 0.00903039764263518
5 0.8321458114258139 0.6428613947516603 0.010283519334818081 0.011410534946188022
5 0.8813736520925867 0.6413502446278257 0.014153406667727353 0.00846747146395277
5 0.9297838800922683 0.6367504818075441 0.013417610001590674 0.01233733416039975
2 0.8660448126989075 0.1972920295740138 0.016524428668045488 0.010920383374611476
5 0.7215953786998621 0.21105493073130557 0.014189769334818081 0.011592471463952769
5 0.6638374227004984 0.21843509119422233 0.016569882001908988 0.014826633374611476
2 0.6059521973663167 0.21487775165713904 0.01731476933481808 0.011738020678164407
2 0.5028544693666348 0.22202462572612564 0.014934656667727175 0.008503858767505612
2 0.4815789060311804 0.20738208292205468 0.014961928668045488 0.010847608767505613
2 0.4604942466979532 0.20914579011798376 0.014180678668045487 0.01081122146395277
2 0.5669618753580443 0.15572322953123258 0.01576136000159085 0.012446496071058544
2 0.5357664193586806 0.1618662216733497 0.020467041335136216 0.014227319892376133
5 0.5044436940244988 0.15707171381546683 0.016515338001272716 0.010139133374611475
2 0.693015845361226 0.17330237365921103 0.01892272266868176 0.01571704528527027
6 0.6541527926877718 0.12508535153330452 0.01733295066836362 0.013300520678164406
6 0.7970851800206809 0.11530147498311857 0.015752269334818082 0.011665246071058543
6 0.7918436966899989 0.13508743610798907 0.012618178668045488 0.010738446856846861
6 0.7835590293602716 0.1620501964470713 0.019703972668681756 0.015753432588823203
2 0.2771095820337257 0.23566555645292203 0.016524428668045398 0.010920383374611476
2 0.4028635600334075 0.2274634505809005 0.015743178668045442 0.010883996071058633
2 0.9660357220321348 0.1918532047192389 0.01887726933481808 0.01181079528527027
0 0.43804449375 0.4206324515625 0.4499528125 0.454152921875 0.679346875 0.44045361562499996 0.677146440625 0.4075889140625 0.43804449375 0.4206324515625
0 1 0.391148796875 0.8083810031249999 0.39819414375 0.8043523421875 0.43164884218750005 1 0.4203645015625 1 0.391148796875
0 0.49775066562500003 0.543028259375 0.507207884375 0.5681710640625 0.6954580421875 0.5541168265625 0.6909474703125 0.53164208125 0.49775066562500003 0.543028259375
0 0.8008168437500001 0.5253309125000001 0.7978690187499999 0.5511289734375 0.9874182109375 0.5405185625 0.99934980625 0.5160840906249999 0.8008168437500001 0.5253309125000001
0 0.5549207203125001 0.6310457546875 0.5607326671874999 0.650658121875 0.6809234609375 0.6418922031250001 0.6790995171875001 0.6220781984375 0.5549207203125001 0.6310457546875
0 0.8171032078125 0.6144566390625 0.8198464390625 0.63289516875 0.9404470890625 0.6250289484375 0.9471766796875001 0.6099902937499999 0.8171032078125 0.6144566390625
6 0.7785759160964046 0.6742783686968122 0.018968176002545432 0.01962329528527036
0 0.5647852859375 0.69777783125 0.6761936234375 0.691859871875 0.676349540625 0.6596163140625 0.5643568640625001 0.6660263921875 0.5647852859375 0.69777783125
0 0.832137625 0.6853256953125 0.944792415625 0.6789517046875 0.9434391203124999 0.6539420546875 0.8272274968750001 0.6629365109375 0.832137625 0.6853256953125
4 1 0.6956022078124999 0.9933538093750001 0.698642628125 0.9828111609375 0.7055013171875 0.9722083421875001 0.7071890984375 0.9546768421875 0.7068116953125 0.9451078890625 0.7060634421875001 0.931850840625 0.7078748328125 0.9148825578125 0.7102570671875 0.9021934265624999 0.7152258421875 0.8889595203124999 0.7190260562499999 0.8730436859375 0.7205633046875 0.8528857265625 0.722696109375 0.8407684546875 0.7243474265625001 0.8349530046875 0.7334808125000001 0.8450111203124999 0.7306244796875 0.8566849031249999 0.7296827875 0.872079175 0.7289657875 0.883212884375 0.7272532796875 0.8927586953125 0.726012721875 0.9022952515625 0.7239766390625 0.9149890109375001 0.7194056265625 0.9260995765625 0.7157043078124999 0.9351052421875 0.71369295 0.9473099125 0.7127265296874999 0.962205696875 0.7148185921875 0.972291653125 0.7143488312499999 0.980766503125 0.7123621984375 0.9945127125000001 0.7069462109375 0.9997701875 0.7023235703124999 1 0.7019264 1 0.6956022078124999
0 0.3514301375 0.25987879375 0.36017968749999996 0.280217203125 0.6424952937499999 0.26064945625 0.6449411734375 0.24262648437499998 0.3514301375 0.25987879375
0 1 0.2197339875 0.827652965625 0.2309327234375 0.8276321453125 0.2479322640625 0.9950285578125 0.23706634375000002 1 0.2217507359375 1 0.2197339875