6 0.434375 0.8015625 0.02890625 0.03359375
6 0.51796875 0.67890625 0.03515625 0.02734375
6 0.628125 0.5296875 0.03828125 0.02890625
6 0.76171875 0.3390625 0.046875 0.03828125
6 0.8125 0.31484375 0.03359375 0.0296875
5 0.56171875 0.359375 0.03828125 0.0203125
5 0.48515625 0.49609375 0.04921875 0.02890625
5 0.41328125 0.603125 0.04296875 0.02578125
5 0.3484375 0.71953125 0.0375 0.02890625
6 0.26171875 0.6484375 0.03828125 0.01640625
6 0.3171875 0.53671875 0.0328125 0.02421875
6 0.38671875 0.39375 0.0453125 0.0234375
6 0.47265625 0.24375 0.0359375 0.0265625
6 0.46796875 0.21171875 0.0234375 0.0234375