2 0.8560608972203534 0.850439149085868 0.01956887155129756 0.01649829528527036
2 0.7952019623492157 0.8311583021051867 0.021295145861557074 0.019696069892376045
2 0.735659866012689 0.816637729731611 0.019691702283992286 0.018842045285270358
2 0.6815865196761621 0.8023718684829062 0.019486984396167806 0.01493579528527036
2 0.3592412081653443 0.706693225597782 0.021213258706427318 0.018133569892376043
2 0.3075525554063823 0.6917552762597357 0.01960981512886235 0.01727954528527036
2 0.255659184759596 0.6807235769216895 0.019650758706427317 0.01806079528527036
5 0.2052873705352447 0.6705459021907492 0.01927894448207601 0.02583690798171734
5 0.19898646087887778 0.6263956418516669 0.022035452283992153 0.018951207195929066
5 0.27847256501732076 0.6488935341176185 0.01981453301668683 0.02118579528527036
5 0.3557786934660232 0.6681572644729113 0.02001925090451113 0.02509204528527036
5 0.6861821664422303 0.7595122803935649 0.017552670171816588 0.022639133374611476
5 0.7747566655377192 0.7879155703021518 0.023720783016686654 0.021367731803034928
5 0.8922374146332078 0.8176651904421968 0.02664106512886235 0.017607031017246654
2 0.9235593357095357 0.7729177706736552 0.020800500904510955 0.0251284325888232
2 0.8997123999338867 0.7796386515670675 0.015826395861557076 0.01944135876750579
2 0.8843120499793153 0.8642854793173264 0.016607645861557073 0.019477746071058632
2 0.9372411346687389 0.5417405452807611 0.01960981512886235 0.01727954528527036
2 0.9427441841937692 0.5114537317985257 0.01553979081860284 0.013972608767505612
2 0.9585606139765239 0.44875467865537255 0.017266065128862352 0.017170383374611475
2 0.7823190185445084 0.40452087344530485 0.01389540366347326 0.01233733416039975
2 0.7517849915207153 0.4790649551245053 0.014799484396167805 0.014717471463952591
2 0.7469779828142882 0.49607051860674056 0.01936415366347326 0.012592045285270359
2 0.589281669494448 0.45661625868194317 0.01553979081860284 0.013972608767505612
2 0.5978720974681806 0.4421363817174725 0.01648481512886235 0.017133996071058633
2 0.6351917130265843 0.3726072857702484 0.014100121551297562 0.016243584160399747
2 0.6472247235420339 0.3073825461093306 0.01574450870642714 0.017878858767505612
2 0.6809689597472239 0.24630165094789486 0.012414790818602838 0.013827059553293886
2 0.6877921698331322 0.23565524937631827 0.02026823439616763 0.014972182588823203
2 0.7155763331075438 0.183694643090012 0.017266065128862352 0.017170383374611475
2 0.5725633175037116 0.1629368792362731 0.014345783016686653 0.020931084160399793
2 0.5439945822030327 0.19998096091547352 0.01874667797373277 0.01568065798171738
2 0.5295259684536513 0.22201862675507372 0.020309177973732596 0.015753432588823203
2 0.49898529737732356 0.2668024338271683 0.015045145861557075 0.01940497146395277
2 0.47544157677596577 0.3424552512383451 0.014840427973732594 0.015498721463952769
2 0.4332673648810352 0.4000108860606987 0.017225121551297563 0.016389133374611474
2 0.41883969470921867 0.4212673019002988 0.015457903663473261 0.01241010876750579
5 0.38179671811496696 0.44068723593686415 0.016402927973732596 0.015571496071058632
5 0.47612657225341 0.46387648697032147 0.020677670171816587 0.022784682588823203
5 0.7452583525565633 0.5288830186067406 0.02257104081860284 0.014300094499482085
5 0.852992287427701 0.5503471038005976 0.01956887155129756 0.01649829528527036
2 0.9732206575086604 0.36329021360156066 0.014840427973732773 0.015498721463952769
2 0.7984220533702174 0.3363530703021517 0.01632104081860284 0.014008996071058632
2 0.8220100395754073 0.2747991401945279 0.014182008706427496 0.01780608416039975
2 0.8266123303940104 0.2616998267122925 0.014471935775648603 0.00846747146395277
2 0.8473243000908571 0.21019298469400988 0.01632104081860284 0.014008996071058632
3 0.8219033984375 0.2232810625 0.7785140859374999 0.329120125 0.7766841796875 0.352927921875 0.75039034375 0.37696161093749997 0.77641815 0.38022185 0.7857072656249999 0.33628173125 0.8279350296875 0.2303885703125 0.8219033984375 0.2232810625
3 0.6790393140625001 0.3053725921875 0.72787948125 0.20661398593750002 0.7149953625000001 0.20806187187499997 0.6716676859375 0.3016159625 0.6582417656249999 0.3467287203125 0.6688125281249999 0.3560956140625 0.6858334515625 0.3534750875 0.6839029359375 0.3458759359375 0.67304665625 0.3419570046875 0.6790393140625001 0.3053725921875
3 0.765393059375 0.26843510625 0.771985978125 0.25372370312500003 0.761058321875 0.2511667640625 0.756671690625 0.257106375 0.7506498046875001 0.2609218484375 0.7452086921875 0.2647643734375 0.7427785234375001 0.266699159375 0.73955344375 0.2726928703125 0.733469921875 0.288793315625 0.7256440734375 0.3048126109375 0.735088975 0.313444409375 0.745452059375 0.293447340625 0.754724971875 0.2720341796875 0.765393059375 0.26843510625
3 0.7210499859375 0.5257798046875 0.7703800609375 0.40656427968750003 0.762320590625 0.40482358906250004 0.7524214687499999 0.4159677125 0.74403105 0.4094330015625 0.7392161453125 0.4235445609375 0.7501438015625 0.42610149843749995 0.710703103125 0.5232499171875 0.7210499859375 0.5257798046875
3 0.64498455 0.377513521875 0.5810280296875 0.4980957828125 0.591919996875 0.5013337156250001 0.6491310984374999 0.3872638609375 0.6526773828125 0.3751411890625 0.64498455 0.377513521875
4 0.76479608125 0.2909350125 0.74960835 0.314120659375 0.7242164953125 0.3320524375 0.6892467234375 0.3549993796875 0.666758740625 0.37306640625 0.6542510046875 0.389550296875 0.6652857296875 0.390064246875 0.679714240625 0.3702565296875 0.6964755921875 0.361479990625 0.71577418125 0.348725678125 0.732606915625 0.3385871484375 0.7502345578125 0.3243896953125 0.75958859375 0.31253752343749996 0.769737540625 0.296626428125 0.76479608125 0.2909350125
3 0.709304534375 0.3388671390625 0.7174970203125 0.3269608671875 0.71259125 0.32058845625 0.707185828125 0.323749984375 0.704174884375 0.3256577203125 0.6992788578125 0.3302082890625 0.695365934375 0.3382179375 0.691998096875 0.34693563125 0.70241635625 0.3481035265625 0.709304534375 0.3388671390625
3 0.7328405390625 0.3563471359375 0.7138177203125 0.3527305015625 0.7033735140624999 0.36316658125 0.7155697890625 0.3637346328125 0.7242814156249999 0.3641403828125 0.737639240625 0.364762534375 0.7408643203125 0.3587688234375 0.7328405390625 0.3563471359375
1 0.9474288609375 0.43870348750000004 0.7884554671874999 0.4060408390625 0.7483366671875 0.516128175 0.9177380656249999 0.5608817 0.9474288609375 0.43870348750000004
1 0.8614577359375 0.21283549375000002 0.8075268921875001 0.342076603125 0.9621752906250001 0.3683938890625 0.9878720390625 0.24466433593749998 0.8614577359375 0.21283549375000002
1 0.5860532953125 0.1601421078125 0.5060888890624999 0.2739059953125 0.6327693421875 0.305914740625 0.6963101734375 0.18063535 0.5860532953125 0.1601421078125
1 0.5597649375 0.4868098640625 0.6196779921875 0.36827258125 0.488183615625 0.3406470078125 0.415354325 0.44322475937499994 0.5597649375 0.4868098640625
1 0.9101270953125 0.58682905 0.715000509375 0.5362744296875 0.6456421078125001 0.6850876796875001 0.8780173484375 0.7496635421875 0.9101270953125 0.58682905
1 0.44562130624999996 0.6404482828125 0.5126986625 0.4976719703125 0.334064984375 0.444813928125 0.2341514390625 0.5768461031250001 0.44562130624999996 0.6404482828125