2 0.6364793227641319 0.739903358337004 0.026953398671227015 0.03452133293962447
2 0.5346611894095874 0.5801612813878293 0.0213301073360908 0.02104910998146643
2 0.39900440539463355 0.46531255298737567 0.026181239337999783 0.03527530108845909
2 0.43446010005567925 0.42516126814098537 0.027607379336408933 0.023611114790790033
2 0.5020117740690424 0.5259177254900467 0.022938060669954297 0.025009923683797376
2 0.6937078307208612 0.42328134272790746 0.018196016669318027 0.020158732576804894
2 0.7157919160566337 0.4420139845605394 0.016688060669954298 0.024791668874474128
2 0.8469521040738147 0.5731052718540004 0.02366476666931803 0.020349705534962938
2 0.36726296204645237 0.354873560791924 0.022165901336727068 0.02576389183263199
2 0.3481493353755435 0.3229687963639537 0.014326129336408932 0.023147323320977707
2 0.31860673870145295 0.2672718678708329 0.026962489337999784 0.03530258293962456
2 0.44843005136058967 0.2163591870154593 0.013463063335454351 0.016088791469812236
2 0.5085323047024074 0.28093260770403183 0.024555104670590744 0.02975198738612832
2 0.6012016100413617 0.3255581161415524 0.015016472668681757 0.01536210517214318
2 0.8137743353755436 0.33922877965854875 0.020494313335454706 0.016334328130301133
2 0.9681265753898611 0.4500447724869726 0.018141472668681758 0.015471232576804893
2 0.7199965160327713 0.2664509893698629 0.016597154002227298 0.016979168874473947
2 0.8295346006922261 0.2171727303841881 0.013453972668681757 0.015307541469812235
2 0.9074147000318167 0.26596738364956557 0.02283806333545435 0.016416173683797376
4 0.3420769203125 0.199826659375 0.31375941875 0.21148363125 0.3127930046875 0.2448710375 0.33661874375 0.25473579375 0.36495727499999997 0.24488610312499998 0.389155815625 0.228568921875 0.4323097984375 0.21110713125 0.45518442343750004 0.197453540625 0.48159490937499994 0.1965692671875 0.492449121875 0.197851578125 0.49990416406250004 0.1981119140625 0.5101647671875 0.20659969218750002 0.5216020765625 0.199772896875 0.5236563000000001 0.20165118125 0.51939013125 0.1843399890625 0.5282952703125 0.19278043281249999 0.5358028859374999 0.19755897656250002 0.5417447453124999 0.1842173546875 0.5246647734375001 0.17187834375 0.533443734375 0.1694750875 0.5456428953125 0.1699010921875 0.5618874140625 0.1686618125 0.6037910828124999 0.1601891046875 0.6131321125 0.1478694578125 0.6081566671874999 0.127823675 0.5938612234375 0.12190482031250001 0.578389071875 0.13130054062500002 0.5371315890624999 0.1370859921875 0.514235934375 0.1489323 0.49066255156249994 0.160754940625 0.4649403125 0.1625665234375 0.42780179062499996 0.17301218437500002 0.3791733828125 0.1857664328125 0.3420769203125 0.199826659375
1 0.8337187687500001 0.5909507640625 0.5888561359375 0.33219296875 0.4413898578125 0.40924130312500007 0.6552192812500001 0.7373707953124999 0.8337187687500001 0.5909507640625
1 0.5489330859375 0.336218471875 0.45619862656250004 0.22639373749999997 0.32796596093749997 0.26798274843750003 0.41365545312499996 0.41278916718750003 0.5489330859375 0.336218471875
1 0.9988309203125001 0.3419932328125 0.8178652328125 0.2182481046875 0.7296292203125 0.2621371015625 0.9816993234375 0.4416584421875 0.9988309203125001 0.3419932328125
2 0.698738586688408 0.18449166123956168 0.0197221540022273 0.017088296279135662
2 0.648347688017181 0.14915187276497432 0.015788632001908987 0.014608137023308565
2 0.6165169800286351 0.23238103501602633 0.012672722668681757 0.015280259618646852
2 0.602290848026726 0.21782746169504863 0.012672722668681757 0.015280259618646852
1 0.5673227437499999 0.1802611703125 0.6706560265625 0.2772822171875 0.7476149109375 0.2327139109375 0.6403634968749999 0.1531395828125 0.5673227437499999 0.1802611703125
5 0.9538833567393148 0.5682491354636641 0.02756192600254508 0.019704864790790033
3 0.7004426593749999 0.2871141609375 0.6325411812499999 0.33089978750000004 0.6484253703125 0.3501369875 0.676978065625 0.32475875625 0.7179631796875 0.3053095328125 0.7004426593749999 0.2871141609375
1 0.23391063281250002 0.07300765000000001 0.2691307765625 0.12479024999999999 0.600393684375 0.0473415234375 0.54484089375 0.0190262625 0.23391063281250002 0.07300765000000001
5 0.28691983935390813 0.1615203756753812 0.013481244668999892 0.017651291469812237
5 0.34217041335136283 0.14470738710812658 0.01736931333545444 0.016225200725639422
5 0.39433235001590833 0.13091027113621023 0.011955107336090797 0.02072172776748138
5 0.443369286680454 0.11700402775963221 0.01424431333545435 0.016116073320977708
5 0.48460281401177224 0.10360621587139987 0.014271585335772486 0.018459823320977696
5 0.5275079293443632 0.09963796768549842 0.020503404002227298 0.017115578130301134
5 0.5648352066756814 0.08610374654143896 0.008721019334818081 0.01123760036281971
5 0.6030255500079542 0.07962805724854491 0.014998291335136216 0.013799605172143136