2 0.15067873010817684 0.8042857875392425 0.026798857336090796 0.021704581637205768
2 0.06077079809831365 0.7269619696968468 0.019713063335454438 0.016648589439121862
2 0.47446584003022585 0.24738617084918504 0.012718176002545434 0.01940509724103805
2 0.5012465160327713 0.26752825248639084 0.021321016669318026 0.02063672659425162
2 0.556370368037862 0.30789430291593217 0.0158159040022273 0.017225121551297563
2 0.44775953138922475 0.4349337584792846 0.011955107336090797 0.020926653663473082
2 0.46582827872372456 0.44446921076327683 0.011164766669318028 0.020104460085908115
2 0.5373129273949517 0.48178882632168046 0.013472154002227298 0.017102290818602837
2 0.6347499067074981 0.33386366067241974 0.018186926002545435 0.019691702283992106
2 0.6819794427116344 0.3667890253263123 0.018141472668681758 0.015785452283992106
2 0.7040544373806341 0.3851229454981288 0.012781810669954296 0.024873847241038048
2 0.7496851107176795 0.4148414229968916 0.016633516669318026 0.02039106512886235
2 0.7335708567393148 0.5732747207128994 0.019694882001909164 0.015086089439121864
2 0.6801004114019513 0.5408030574384879 0.014289766669318027 0.020268234396167806
2 0.666764617401315 0.5354195166198851 0.01039260733609062 0.020844766508343326
2 0.6070259907304061 0.5010578047249544 0.017432948002863567 0.02199450870642732
2 0.37959407077494955 0.8170635057657514 0.018196016669318027 0.02047295228399193
2 0.4147957741088132 0.8228122167561708 0.018232379336408932 0.02359795228399193
2 0.482964518777813 0.8435618080043149 0.0197221540022273 0.017429839439121863
2 0.5658861067790857 0.8572768272261916 0.016578972668681757 0.01570356512886235
2 0.6237986041135857 0.8689004019659926 0.015052835335772664 0.01874667797373277
2 0.6473270107813128 0.8779412092929387 0.015906810669954297 0.025037621551297563
2 0.6935116674490401 0.8881693803692665 0.018959085335772664 0.018951395861557075
2 0.7220168334261321 0.7210161798942967 0.011882382001908987 0.01467665366347326
2 0.6662935447564958 0.6962341858871903 0.015098288669636162 0.02265292797373277
2 0.6490787727561778 0.6929896771807631 0.02222953600413611 0.03161517017181659
2 0.5862787807526779 0.6639329409755731 0.01899544800286357 0.022076395861557074
2 0.513486170751087 0.6484064382620396 0.015824994668999892 0.018006371551297563
2 0.43660549741404175 0.6170502176606817 0.016642607336090798 0.021172315128862352
2 0.4209350440801781 0.6123250961093842 0.011173857336090798 0.020885710085908293
5 0.11988162141945058 0.6402708751693421 0.030696016669318073 0.021128049525030335
5 0.1429640380728603 0.5438838760738534 0.025972154002227167 0.01775738805964089
5 0.21603517468968075 0.18074979025277602 0.024418744668999893 0.018456750904511134
5 0.4322516153723619 0.3099780240831169 0.01832328600413611 0.031410452283992106
5 0.23142327001113588 0.0941096053816384 0.026826129336408933 0.024048331637205787
5 0.36518557809513197 0.7194924649471484 0.015906810669954384 0.025037621551297563
5 0.09640885343726795 0.7702106806872662 0.022084085335772618 0.019115170171816586
5 0.05100544676954073 0.7600234531885033 0.018205107336090792 0.021254202283992284
1 0.6903147515625 0.8717572890625 0.708535465625 0.7295776265625 0.581466215625 0.690273484375 0.56336245 0.8425038046875001 0.6903147515625 0.8717572890625
1 0.47922593437499994 0.8236553843750001 0.503010246875 0.65351705625 0.38927225781249997 0.62118940625 0.3573345671875 0.7865059515625 0.47922593437499994 0.8236553843750001
1 0.5279753140625 0.45832928281249996 0.549908090625 0.3188552953125 0.453584521875 0.26484010156250004 0.4182985546875 0.39545309687499997 0.5279753140625 0.45832928281249996
1 0.7247275390625 0.539580128125 0.7374212015625 0.4284999671875 0.63656129375 0.36420250468750004 0.6122214703125 0.486600196875 0.7247275390625 0.539580128125
4 0.6190220328125 0.6282078171875 0.6279192874999999 0.6336963671875 0.637458084375 0.6310573578125 0.6166953890625 0.6180413515625001 0.5973327296875001 0.598820884375 0.5808432359375 0.5734731625 0.5621367375 0.54738146875 0.544247209375 0.52823820625 0.527881975 0.513569309375 0.5198016890625 0.515029190625 0.5428983390625 0.5388398296875 0.5609048171875 0.5680337515625 0.5751553796875 0.5907530046875 0.588603590625 0.6077801578125 0.60492496875 0.61868005625 0.6190220328125 0.6282078171875
3 0.6088911765625 0.5799653578124999 0.5903454859374999 0.567693321875 0.582067846875 0.5521927125 0.5643318140625 0.5462409421875 0.5608463421875001 0.563008421875 0.582330984375 0.5748066984375 0.6016790249999999 0.5927708328125 0.615090690625 0.6066571546875 0.63357790625 0.6139038609374999 0.6461799125 0.6214699203125 0.6470407375 0.6321873484375 0.6544575515625 0.6369705296875 0.672295915625 0.6517166265625 0.691548934375 0.6615146000000001 0.694129725 0.6302606953125001 0.6741766890625 0.6235649515625 0.659328440625 0.61274225625 0.6444875015625 0.6025477265625 0.6325855140625001 0.591879440625 0.6088911765625 0.5799653578124999
3 0.5136456765624999 0.4991049921875 0.48700543593749995 0.48003790156250004 0.44535041093750005 0.46302816562500004 0.5136456765624999 0.4991049921875