1 0.26212726875 0.7195793265625 0.5883978375 0.69839929375 0.6267423812499999 0.4682385921875 0.2130300953125 0.4764640765625 0.26212726875 0.7195793265625
1 0.49080917812499997 0.9092581531249999 0.5034732125 0.770338415625 0.23890041874999998 0.789130459375 0.2763920984375 0.9314435359375001 0.49080917812499997 0.9092581531249999
1 0.539018675 0.90567790625 0.74607680625 0.8878658109374999 0.7933797984375001 0.752360546875 0.5583629046875 0.7620419578125001 0.539018675 0.90567790625
1 0.6170505078125 0.6904868890625 0.8631670671875 0.68427850625 0.9490634390625001 0.48061466406250003 0.6581092265625 0.4635224359375 0.6170505078125 0.6904868890625
1 0.56613455625 0.9857380578124999 0.73427456875 0.9777558624999999 0.75501641875 0.9251905046875001 0.5737513234375 0.9350246062500001 0.56613455625 0.9857380578124999
1 0.32628155937500003 0.9936255171875 0.5190776687499999 0.9843097171874999 0.5214502515625 0.9474722390625001 0.3238283859375 0.961898428125 0.32628155937500003 0.9936255171875
3 0.24603348125000002 0.74426866875 0.23110862499999998 0.7460198234375001 0.2441680328125 0.76357974375 0.2699356234375 0.74792371875 0.2036713796875 0.43361520625 0.1910390390625 0.37354656875000003 0.1394350359375 0.3691325578125 0.14810145937500002 0.41385190468750005 0.16618385156249998 0.41202720781249996 0.24603348125000002 0.74426866875
3 0.567221696875 0.7199475546875 0.569748159375 0.740550859375 0.60922509375 0.737219065625 0.6661786609375 0.42144640468750005 0.663111440625 0.378000559375 0.6133065421875 0.3777560515625 0.6151435249999999 0.4128077734375 0.6398349703124999 0.416444453125 0.59270255 0.7235658140625 0.567221696875 0.7199475546875
3 0.5063415015625 0.7496654921875 0.4932766984375 0.922634653125 0.49149635468749997 0.93390635625 0.51596730625 0.9333367890625001 0.5166643765625001 0.916475190625 0.508275034375 0.9222855624999999 0.5226982203125 0.7450734046874999 0.541202578125 0.7362200484375 0.5401738640625 0.7165910156249999 0.5166392265625 0.7199463453125 0.5032197140625 0.7202586875 0.5063415015625 0.7496654921875
3 0.7592000984375 0.90610146875 0.824611478125 0.745065228125 0.8360848765625001 0.73777925 0.8410773218750001 0.7123949656249999 0.8122185453125 0.7046439953125 0.8130456828125 0.7355079390625 0.7430714921875 0.9083979515625 0.7592000984375 0.90610146875
3 0.30742214843750004 0.9353831765624999 0.2808034546875 0.9402140671874999 0.2943153625 0.956744946875 0.30417868124999997 0.9941399671875001 0.31958664375 0.9920431078125 0.30924021874999996 0.9549937906249999 0.30742214843750004 0.9353831765624999
0 0.22587833750000003 0.45016895625000003 0.5074258046875 0.4468888015625 0.503226165625 0.37352446562499997 0.21754148125 0.381577675 0.22587833750000003 0.45016895625000003
0 0.9232913625 0.396034359375 0.6809306265624999 0.3862337703125 0.675333503125 0.4453228796875 0.9143228140625 0.44977890781249996 0.9207048203125 0.4522458421875 0.9232913625 0.396034359375
0 0.28742513125 0.7800288171875 0.49760367812500006 0.7639066390625 0.5002637 0.7090972703125 0.2811079796875 0.7198132859374999 0.28742513125 0.7800288171875
0 0.6063186453125 0.757164890625 0.793485446875 0.74770405625 0.8076102796875 0.6921172125 0.614999828125 0.6966002703124999 0.6063186453125 0.757164890625
0 0.573739534375 0.9347996796875 0.720693609375 0.9187452437499999 0.73178075 0.8890077703125 0.5734078390625 0.898309096875 0.573739534375 0.9347996796875
3 0.5704350375 0.9320690375 0.567607115625 0.9082705515624999 0.5445678671875 0.905999240625 0.5442928671875 0.91583213125 0.554206359375 0.9240240546875 0.5473099140625 0.9884810249999999 0.562561321875 0.9848427171875 0.5704350375 0.9320690375