2 0.7463838935619125 0.2557610613850049 0.01310020072563951 0.01726022287263689
2 0.7412846765942043 0.33468094692362427 0.01611607332097762 0.014153403590796199
2 0.7353769277753306 0.4143866276417835 0.017115578130301047 0.020407948770336047
5 0.724417091207509 0.5269275342576417 0.013072918874474126 0.016478972872636888
5 0.7196278982864179 0.574601964975801 0.017896828130301044 0.02041249394987581
2 0.7196080509188232 0.6199053746167213 0.021185519237293705 0.02511817466803503
2 0.7160986158022803 0.6980349197962612 0.017061014427970277 0.01884544877033605
2 0.7545361886599219 0.15651504030776597 0.018060519237293703 0.02509999394987581
2 0.7620162949283733 0.5462360704601912 0.03435764183263199 0.022070442720211858
2 0.7877206446582209 0.6601258536376784 0.02267609736759475 0.04543521984757497
2 0.734002878416152 0.7221445854873058 0.02078621515360979 0.03605112948849527
5 0.8170609481937507 0.46858779343102397 0.039072423683797465 0.0228789637974506
5 0.788727583951115 0.698393468099059 0.018596232576804893 0.01807328912941557
5 0.8218625208817562 0.577131546456086 0.01684275961864685 0.012595448770336049
2 0.7083704174388936 0.8746065101553409 0.014499009618646853 0.01258181323171641
3 0.7191261796874999 0.7362627078124999 0.7165686265625 0.713110721875 0.695272359375 0.7124873046875 0.6909918921875 0.77080301875 0.6991476359375 0.778228753125 0.6959240765625 0.854473946875 0.6894777953125 0.84629095 0.67950825625 0.8426123593750001 0.679612496875 0.8717571578125 0.6931836796875 0.868688928125 0.7038448640625 0.8686269031249999 0.7108005375 0.7818975359375 0.706298640625 0.7662300453124999 0.7099656015625 0.7415472125 0.6983387640625 0.7371309625 0.7191261796874999 0.7362627078124999
2 0.7133977125369029 0.7753786697962612 0.011564982576804893 0.018032382513557366
0 0.7027892984374999 0.593619978125 0.687769675 0.58997080625 0.6720584453125 0.5900622125 0.6617592375 0.8099485281250001 0.68504125625 0.81268745 0.6907440234375 0.7618366453125 0.6904962859375 0.720735590625 0.710474828125 0.6787695453125 0.7184872437500001 0.6421043296875 0.6943070421875001 0.6437396625 0.7027892984374999 0.593619978125
0 0.7170535109375 0.2172762875 0.696266134375 0.21814451406250002 0.6822109890625 0.44391636874999996 0.7102406609374999 0.4445006125 0.7218408828125 0.43205019062499994 0.7364967234375001 0.2388354046875 0.7170535109375 0.2172762875
3 0.695990653125 0.4991377234375 0.71121909375 0.4968071796875 0.7180829734375 0.4930306671875 0.7259125046875 0.4937324328125 0.738844246875 0.49290988125 0.7574402109375 0.4902438734375 0.7552863765625 0.4718893046875 0.74572128125 0.47269226875000003 0.7382179609375 0.47871447343750007 0.7219717390625 0.4780616765625 0.7113627203124999 0.476628765625 0.70820485625 0.47066858749999996 0.6957559 0.473730275 0.695990653125 0.4991377234375
3 0.492370678125 0.54665608125 0.49411919062500004 0.560844959375 0.693889359375 0.5753763890625 0.7077606140625 0.5797796078124999 0.7082047171875 0.5398831015625001 0.6941505109375 0.5357670296875 0.6928846562500001 0.555951971875 0.499743446875 0.5443712406250001 0.5003176953125 0.5279269015625 0.4884038109375 0.5317327921875 0.487398903125 0.5444430578125 0.492370678125 0.54665608125
3 0.47475353125 0.7780396078125 0.47492316875 0.7892483828125 0.48387488906250004 0.78994361875 0.48769842656250006 0.76077598125 0.47198723437499995 0.7608673859375 0.3500557125 0.7182322937500001 0.346806346875 0.73095561875 0.34646701874999997 0.7406727234375 0.353096053125 0.74362341875 0.353996478125 0.73390305 0.47475353125 0.7780396078125
3 0.36642008125 0.49059266093750004 0.48946097968749996 0.48539290937499996 0.49062229375 0.500332521875 0.502432315625 0.49666274374999997 0.502914840625 0.46962098125 0.4894480296875 0.4696993296875 0.3630404125 0.474918640625 0.362035578125 0.48762890625 0.358942828125 0.4958674 0.3609523640625 0.5025815515625001 0.3659763421875 0.5032996625 0.36642008125 0.49059266093750004
3 0.507243703125 0.233203465625 0.5067738640624999 0.246657909375 0.511810790625 0.263069603125 0.7131733265625 0.199870696875 0.720493928125 0.199080815625 0.7328645765624999 0.19826150468749998 0.73387604375 0.158072225 0.7183801140625 0.163221803125 0.7183931 0.17891543593749998 0.7121686234375 0.1804462796875 0.5259822875 0.2428095796875 0.5170044640625 0.24286181093749998 0.5140814812500001 0.230174371875 0.507243703125 0.233203465625
3 0.2741457296875 0.3622350609375 0.281886084375 0.355755290625 0.2820485015625 0.3357351609375 0.3666926078125 0.3095037859375 0.3768424515625 0.310874671875 0.3778366921875 0.28216955781249997 0.3718613234375 0.284449753125 0.3716115984375 0.2916009125 0.367167084375 0.29591657968749996 0.27825334062499996 0.3214578265625 0.27450792812499997 0.33649399999999996 0.2690397390625 0.339385709375 0.2741457296875 0.3622350609375
3 0.263279571875 0.5197064874999999 0.27133198125 0.519659640625 0.270757740625 0.50536356875 0.27008368437499997 0.49392796250000004 0.2716943046875 0.46317486093750004 0.2432673625 0.462625275 0.24193163437499998 0.4547683703125 0.246875846875 0.3746629203125 0.24435408125000002 0.3546584296875 0.2232305765625 0.34477171875 0.2135053359375 0.331243878125 0.206736240625 0.331168484375 0.208274359375 0.3427138265625 0.21356766875000002 0.3448279359375 0.21204454843749998 0.3577062765625 0.23395458750000003 0.3604386796875 0.230645646875 0.47056338125 0.26060809687500003 0.4732489359375 0.2614068890625 0.511852709375 0.263279571875 0.5197064874999999
3 0.272821915625 0.5433823671875 0.365692471875 0.5526665671875 0.36589531875 0.52765755625 0.3596025953125 0.525461315625 0.3544404421875 0.53888840625 0.2669112734375 0.5398442015625 0.2611487921875 0.5416639953125 0.263386596875 0.56397940625 0.2707788203125 0.5634898328125 0.272821915625 0.5433823671875
1 0.6469805875 0.8725725750000001 0.6627666078125001 0.57499065625 0.5174688234375 0.56505735625 0.4996378390625 0.8130694859375 0.6469805875 0.8725725750000001
1 0.665667284375 0.54658835625 0.6865034234375 0.21964585312499998 0.5329492671875 0.2607794328125 0.5193590875 0.5418213515625 0.665667284375 0.54658835625
1 0.3635500359375 0.7556566453125 0.4535266125 0.789624775 0.4545554453125 0.791055946875 0.4728257125 0.5150168093749999 0.37676354375 0.5162942796875 0.3635500359375 0.7556566453125
1 0.47428028906249997 0.50657449375 0.487925125 0.23709779531250003 0.385287975 0.27218651718750003 0.377055734375 0.5079270390625 0.47428028906249997 0.50657449375
1 0.3480672984375 0.534798271875 0.356111203125 0.319897496875 0.287427153125 0.340417203125 0.2796970015625 0.5308845765625 0.3480672984375 0.534798271875
1 0.26922397343750004 0.722662984375 0.3348176296875 0.74624068125 0.346779796875 0.5562209515625 0.27632666562499997 0.55016365625 0.26922397343750004 0.722662984375
3 0.1899771515625 0.677784325 0.19056959843750002 0.6899964203125 0.1949698765625 0.690423246875 0.1983668953125 0.690403484375 0.2005868578125 0.675460453125 0.21189178593750002 0.6726801250000001 0.251913225 0.6742569921875 0.2516129796875 0.6828548703124999 0.25916663125 0.68400704375 0.260753396875 0.66425215 0.2512418125 0.6643074875 0.21892285625 0.6658527921874999 0.2153757796875 0.660444296875 0.202064234375 0.6623314625 0.19483569843749998 0.665088075 0.1931134484375 0.67550393125 0.1899771515625 0.677784325
3 0.170922946875 0.493991725 0.17435940781249998 0.5025678640625 0.18353135 0.502514503125 0.188950659375 0.5223897953125001 0.2069389609375 0.52273756875 0.20875225468749997 0.5020429296875 0.198201646875 0.5006194484375001 0.1977907859375 0.5123849546875 0.1917552296875 0.5101579375 0.19087045625000001 0.49659024687500003 0.18394221093750002 0.490748996875 0.182441190625 0.494829565625 0.170922946875 0.493991725
3 0.1851876234375 0.4842625671875 0.1909150953125 0.485586525 0.194833590625 0.47063362187499996 0.19863350468750002 0.46880179218749995 0.20045049062500003 0.47512522187500006 0.2102820515625 0.47962533125 0.210902253125 0.45787215156250005 0.19496797187499998 0.45706000312499995 0.18669655937500002 0.470228534375 0.1841448265625 0.4752200859375 0.173953821875 0.47527937500000006 0.172326384375 0.48298010625 0.180479215625 0.4829326734375 0.1851876234375 0.4842625671875
0 0.46196731562500004 0.7434218578125 0.500300871875 0.7529722015625 0.5128114781249999 0.5691264765625 0.4722941578125 0.55232724375 0.46196731562500004 0.7434218578125
0 0.48353414843750003 0.46587046093750006 0.51920728125 0.46444614375000004 0.5184420953125 0.46358503124999995 0.5269207796875001 0.269716384375 0.49078015312499995 0.2845280453125 0.48353414843750003 0.46587046093750006
0 0.3387870375 0.70285109375 0.36212346093750003 0.7088839453125 0.3719485609375 0.5559584078124999 0.347404 0.551655740625 0.3387870375 0.70285109375
0 0.3528380515625 0.4724951625 0.37563620468750003 0.4690509921875 0.3822737390625 0.317622325 0.361967371875 0.3257422765625 0.3528380515625 0.4724951625
0 0.241571375 0.6580731156249999 0.26829809375 0.6634361156249999 0.272046940625 0.5689868640625 0.24343486093750002 0.5664860640625 0.241571375 0.6580731156249999
0 0.19026216875 0.6557043484375 0.2356399796875 0.652861634375 0.2428294296875 0.5647114125 0.1931191375 0.5738914875 0.19026216875 0.6557043484375
5 0.2570237492822098 0.4460699823406067 0.009139387023308566 0.015674996974937905
5 0.25364577813815037 0.40859725341784553 0.011537700725639422 0.017251132513557366
5 0.25255699329176007 0.37267338895646496 0.009193950725639421 0.017237496974937906
5 0.8247990371238249 0.5154082512765463 0.010538195916316084 0.010996587334017604
2 0.8010068730586746 0.5257008566627406 0.009702382213985228 0.009429542154477843
2 0.7768079704262693 0.48053834758755426 0.011319445916316085 0.011001132513557365
4 0.1810289375 0.3283791546875 0.1834291921875 0.323191965625 0.202502046875 0.317168771875 0.20709609375000002 0.31270782656249996 0.1989017265625 0.3090603796875 0.18487454375 0.313576159375 0.1708601625 0.3336115140625 0.169814809375 0.3476591890625 0.16803389375 0.3668843671875 0.16545295 0.3772458078125 0.1578005234375 0.389853840625 0.1539549171875 0.404656834375 0.1534902875 0.4179621 0.151283525 0.4334945890625 0.16091911875 0.43586893125000004 0.1598780546875 0.4097955984375 0.1630138734375 0.39943090625 0.168820953125 0.3920068359375 0.17602172031250002 0.3764452921875 0.174189346875 0.3653704734375 0.174653975 0.35206523125 0.174963728125 0.3431950625 0.1810289375 0.3283791546875
0 0.227209328125 0.4516472125 0.2336362109375 0.36292611875 0.20480758593749998 0.3623548359375 0.19739998593750002 0.44738644218749996 0.227209328125 0.4516472125
5 0.19132682741251092 0.4261438226014905 0.013018355172143137 0.014916472872636888
5 0.19378962850097006 0.40035348224241085 0.010701887023308565 0.015684087334017428
5 0.19633427514292548 0.37221939188333125 0.013045637023308566 0.015697722872636887