2 0.9451117189430199 0.9651352926202644 0.015116506933853913 0.011977848620028198
2 0.8953481082856936 0.9558517958666751 0.0190409407294446 0.012827282467404189
2 0.8672594758768742 0.9547802195677815 0.013554006933854269 0.011950575081078085
2 0.8128083652195478 0.9455785434310432 0.018205139342673603 0.010469895697929133
2 0.7232555559489923 0.9346467719206878 0.022929006933854267 0.01211421631478018
2 0.6571220628828465 0.9240871473260771 0.02605400693385427 0.012168763392680405
2 0.6236192318607978 0.9207672784135095 0.019004573138263935 0.01126478246740419
2 0.6686810779848258 0.7294331664008007 0.013608558320624908 0.014294325081077908
2 0.6873219752112841 0.7337933839333968 0.01609777868534721 0.020585235389503253
2 0.7618310127303467 0.7535780040637803 0.015897756933854267 0.011991485389503431
2 0.8349593882053117 0.7655773977331144 0.018186955547083272 0.009688645697928776
2 0.8954059257243742 0.7856074797140511 0.017496624525034577 0.01358125892845372
2 0.9125025067464229 0.7892137207855974 0.01909549211621524 0.01517103246740419
2 0.9706962132434368 0.8053784630749596 0.020676175911805574 0.0159795560063543
2 0.700606491263194 0.5656609926996946 0.02300174211621524 0.015239216314780002
2 0.7238076019205204 0.5754081396154396 0.023056293502986235 0.017582966314779826
2 0.7903586690748605 0.601579127440575 0.0166971907294446 0.012786372158978664
2 0.8175602147620481 0.4394512743563198 0.023746624525034576 0.013690353084255058
2 0.7597301841768399 0.40766153206695754 0.019059124525034575 0.013608532467404011
2 0.7335495438842358 0.39171893222911336 0.01755117591180557 0.01592500892845372
2 0.8975380022811107 0.45914043710037733 0.022093205547083272 0.009756829545304768
2 0.8595626107542355 0.6144279549572847 0.01758754350298588 0.017487508928453722
2 0.9445214518442704 0.4872148441623919 0.016006859707395904 0.016678985389503253
2 0.9676861949104161 0.49852449107813684 0.022202308320625263 0.014444329545304769
2 0.9229523103173953 0.6422159898603208 0.015988675911805573 0.015897735389503433
2 0.9399216047703121 0.6512909809318671 0.01836879350298588 0.017501145697928776
1 0.6649089265625 0.539997315625 0.79051623125 0.5879169625 0.8203252093750001 0.46302195625 0.7217714359375 0.40859248125000003 0.6649089265625 0.539997315625
5 0.689162457828194 0.4534064545502477 0.019277330072118203 0.022983532467404012
5 0.4975237377478122 0.2654230336885154 0.02536367591180557 0.016061376623205437
5 0.47840875541524275 0.34853554261696906 0.028652330072118027 0.023147173701106104
5 0.38706870849378416 0.6828071769508123 0.023801175911805573 0.016034103084255236
5 0.3669542706141313 0.7753083226487412 0.026889808320624996 0.014526150162155815
5 0.33284941470645757 0.8985100434277481 0.023201763867708357 0.023832966314780178
5 0.28929943645795064 0.8906799525183576 0.024527874525034753 0.013703989853730291
2 0.2970398544859715 0.860088471593081 0.019386432845659753 0.02767103246740419
2 0.3187525067464229 0.7995776655867266 0.02698072729857639 0.018432400162155815
2 0.33417879141569384 0.7407384537361735 0.023110844889756964 0.01992671631478
2 0.34886019367614524 0.6803503786550956 0.021493793502986146 0.017555692775829534
2 0.4209040735195135 0.4034236400191814 0.019186411094166543 0.019077282467404144
2 0.4314610202328817 0.3524787487854793 0.015189242116215241 0.015102848620028198
2 0.4589522002287498 0.24501112216227386 0.01931369766329869 0.0245460324674041
5 0.4733608455553471 0.19634179708119595 0.024691528685347207 0.02073523985373029
5 0.512550632124479 0.19019120860743746 0.02690799211621524 0.015307400162155815
2 0.3853379818607978 0.9249264931034364 0.018405161094166723 0.019063645697928778
5 0.7467469541253811 0.9654740320669575 0.026926175911805572 0.01608865016215546
5 0.6101035521492701 0.8304150138030131 0.023983013867708357 0.023846603084255236
5 0.7178888295034371 0.35997405438809194 0.029379028685347208 0.02081706047058125
3 0.8478430187500001 0.6798954562499999 0.8430681296874999 0.672129915625 0.834043828125 0.664438546875 0.8192411749999999 0.661678125 0.81619735625 0.670787665625 0.8310421859374999 0.6717360671875 0.844175315625 0.6853933234375 0.855906034375 0.698471296875 0.85925039375 0.7068655703125 0.8993245906249999 0.7188450453125 0.901210303125 0.729076059375 0.9187474906249999 0.736015075 0.9218897171875 0.7226774921875 0.9113786515625 0.7180308796875 0.91013088125 0.7108075328125001 0.896814990625 0.70500235625 0.8743060984375 0.6987538828125001 0.8609058578125 0.6965727421875 0.8478430187500001 0.6798954562499999
1 0.4022120328125 0.8766510515625001 0.586372634375 0.9030207859375 0.6311640109375001 0.6819146234375 0.4701730484375 0.633405078125 0.4022120328125 0.8766510515625001
1 0.6042331640625 0.8960676624999999 0.731819275 0.9198023453124999 0.7580677015624999 0.76538521875 0.63988546875 0.733033740625 0.6042331640625 0.8960676624999999
1 0.8108464234375001 0.9311018953125 0.9420861796875 0.94994271875 0.9664682656249999 0.8148785078125 0.8349842015625001 0.7761178484375 0.8108464234375001 0.9311018953125
1 0.8715556187500001 0.6040114734375 0.9775994390625 0.6408011515625 0.9800596578125 0.5351001 0.8963366546874999 0.482223034375 0.8715556187500001 0.6040114734375