5 0.5359375 0.8148367431643088 0.01953125 0.023551129488495092
6 0.73125 0.7167542880492611 0.01953125 0.011051129488495093
6 0.39765625 0.8546572463857627 0.009375 0.020367042154477842
6 0.41328125 0.8766231499765589 0.01171875 0.015693177693097127
6 0.45234375 0.8674754089535494 0.009375 0.012554542154477844
6 0.4828125 0.8489026709556018 0.00859375 0.014893746974937727
6 0.4859375 0.8629833516737611 0.0125 0.007885222872636887
6 0.521875 0.8624111799325924 0.01171875 0.019599427693097127
6 0.54375 0.8516009449597071 0.009375 0.009429542154477843
6 0.5578125 0.8688702581914235 0.0125 0.007885222872636887
6 0.5078125 0.8342043667008758 0.0109375 0.015688632513557364
6 0.515625 0.807687318496274 0.00859375 0.012549996974937727
6 0.53671875 0.7914037883438487 0.0125 0.011791472872636887
6 0.58984375 0.8870253605525557 0.00703125 0.014103406615858205
6 0.6125 0.9176259207592101 0.01015625 0.004746587334017604
6 0.646875 0.9217321586589616 0.01328125 0.016483518052177005
6 0.69296875 0.9040315742518104 0.01015625 0.016465337334017248
6 0.721875 0.8776372458947833 0.015625 0.013372153590795932
6 0.75234375 0.8582832578968359 0.0171875 0.01728749394987581
6 0.778125 0.8396832488216497 0.01015625 0.011777837334017605
6 0.80234375 0.8210741493873837 0.009375 0.011773292154477843
6 0.82734375 0.8024695951326576 0.0109375 0.011782382513557366
6 0.84765625 0.7869627698006927 0.01171875 0.013349427693097127
6 0.86796875 0.7683309444687276 0.0125 0.010228972872636887
6 0.8875 0.7543820739572229 0.00859375 0.010206246974937905
6 0.90078125 0.7325843420093996 0.0125 0.015697722872636887
5 0.53671875 0.8070287883438487 0.01875 0.01885908430895533