6 0.2653503484523073 0.6150793298595817 0.00946590359079611 0.01595238221398514
6 0.24967937577606208 0.4734101850317248 0.018096015027114644 0.022502482576804893
6 0.23448967125018946 0.2801512583527025 0.014980105386194254 0.02395585517214318
6 0.20798521682251275 0.022430527589996176 0.023578400565734105 0.025037205534962838
5 0.3743010841125637 0.13539677514292545 0.0259630571815924 0.032150301088459135
5 0.37228056274073723 0.3253496525475872 0.020430674668035033 0.021021828130301047
5 0.36920608059652227 0.4684548118034143 0.022020445745273863 0.02576389183263199
5 0.3692338725546082 0.6075445936545798 0.01573862948849527 0.020076887023308565
6 0.4700378484523073 0.6079314848542395 0.012572722872636888 0.012936509618646851
6 0.48561687577606205 0.46517106597976554 0.01572044877033605 0.016951887023308566
6 0.5071913730455876 0.2784423922959681 0.01884999394987581 0.017842264427970277
6 0.5362102107723885 0.028159650100516447 0.021234650565734016 0.02495535998146655