2 0.19377234591823106 0.6081858877010144 0.009493178668045398 0.010429034639735945
2 0.15939734591823101 0.6071856773553156 0.011827838001272673 0.00971598079967002
2 0.15484620591982187 0.5953305350354474 0.013390338001272673 0.009761444906292738
2 0.17172517059200346 0.5551829081549856 0.011092041335136305 0.013599498746358662
2 0.12458763594050275 0.4420547708496826 0.007957950668363533 0.012727320533113406
2 0.1086177379455934 0.4040773977301444 0.010310791335136304 0.013576766693047481
2 0.09492795528327502 0.37163697077054025 0.0087119286680454 0.010406302586424766
2 0.09340981393223038 0.5021057207705402 0.008739200668363556 0.012750052586424587
2 0.10832628926641216 0.49628762978345564 0.009520450668363534 0.012772784639735945
2 0.12421382391791287 0.6085064849563052 0.010292610001590851 0.012014266693047304
2 0.11884507125241281 0.5997536105831258 0.007976132001908987 0.014289820533113406
5 0.06287742926482134 0.5066879206913979 0.007957950668363578 0.012727320533113406
5 0.08320756325591265 0.5729266861308042 0.00955681333545444 0.015897784639736123
2 0.07898532928868388 0.33131584765100214 0.008730110001590852 0.011968802586424765
5 0.19745132924891298 0.6278307979675712 0.01269090400222721 0.01676996285298138
5 0.26842635323841346 0.7072658968722145 0.011909654002227122 0.01674723079967002
6 0.1580706559118677 0.6540379453020042 0.009538632001908987 0.014335284639735945
5 0.13247121924732214 0.63766278754273 0.011955107336090797 0.02065348079967002
5 0.15577345393063954 0.5156430350354475 0.010374426002545345 0.019045516693047305
3 0.1439068 0.4734885453125 0.1538988203125 0.4991653234375 0.16232829375 0.495348840625 0.1609105109375 0.486168603125 0.35215678437500003 0.39526632031250003 0.3562888390625 0.40046374374999993 0.362373225 0.4016562546875 0.36473603125 0.3951246015625 0.3629254921875 0.386948409375 0.35884068281250003 0.37769057031250003 0.35045845625 0.377446671875 0.1568906671875 0.4713277234375 0.152389428125 0.46510410156250004 0.1439068 0.4734885453125
3 0.0792714921875 0.32303754218749997 0.08736816875 0.32088738906250003 0.08329517187499999 0.3106144546875 0.2562028453125 0.2562421921875 0.25839438124999997 0.2644295046875 0.26300197812500004 0.26151722187500004 0.2594399078125 0.24008929218750003 0.246772071875 0.24784424062500002 0.0803356859375 0.302912534375 0.08214031875 0.311596290625 0.082521340625 0.3116073765625 0.0792714921875 0.32303754218749997
1 0.171339159375 0.44307081718749997 0.31922342656249997 0.3758671703125 0.2400645484375 0.2674501796875 0.10647183125 0.31687375625 0.171339159375 0.44307081718749997
1 0.192573834375 0.48369881093749995 0.2858586578125 0.6867000578125 0.44269110312500004 0.57424270625 0.338689625 0.4062072625 0.192573834375 0.48369881093749995
0 0.22970575625 0.6498598609374999 0.24718166875 0.638456521875 0.18068765625 0.48979039375 0.16610292499999998 0.49850498749999994 0.22970575625 0.6498598609374999
0 0.1304767859375 0.41572530625 0.144639128125 0.41055245781250005 0.102267009375 0.317929784375 0.08925951875 0.322120796875 0.1304767859375 0.41572530625
0 0.42808937656249996 0.5298954 0.4668886703125 0.503591090625 0.38446608437499996 0.380862965625 0.34453980156249997 0.40559500625 0.42808937656249996 0.5298954
0 0.30234131249999996 0.350763765625 0.339341346875 0.3282701546875 0.280379065625 0.2529349875 0.24775696093750002 0.27229462656250003 0.30234131249999996 0.350763765625
1 0.3864597046875 0.373305165625 0.48285591562499997 0.505782746875 0.5953480328125 0.4367556625 0.4816944296875 0.3121033609375 0.3864597046875 0.373305165625
1 0.3721629640625 0.19350075 0.2748725140625 0.234841596875 0.3364132609375 0.3178675984375 0.4141953765625 0.2825594859375 0.427793640625 0.29310956093749996 0.453398146875 0.2872542046875 0.3721629640625 0.19350075
0 0.46156765312500003 0.28219 0.48866370625 0.270002378125 0.42428458593749996 0.201617703125 0.398180965625 0.21761295781249998 0.46156765312500003 0.28219
1 0.42696938281249996 0.2001726484375 0.515577190625 0.2871145 0.6025000687500001 0.247928621875 0.5043055359374999 0.170436490625 0.42696938281249996 0.2001726484375
3 0.39787663906250004 0.20880649375 0.40593703750000004 0.20616103749999998 0.4026319390625 0.1954027453125 0.40943107031250003 0.20067777343749998 0.51390758125 0.16411551093750001 0.5225704046875 0.172998821875 0.5340538593749999 0.1687634640625 0.5354774953125 0.17743613593750002 0.54240655625 0.1715451171875 0.53569010625 0.1591643875 0.5261116875 0.16345514218749999 0.5159130140625 0.1555425828125 0.406489303125 0.1914531921875 0.3923151484375 0.1976411359375 0.39787663906250004 0.20880649375
3 0.3335633703125 0.3689959765625 0.342781265625 0.3601937359375 0.3364163078125 0.3503618328125 0.4796996328125 0.2870040609375 0.488327071875 0.2989326765625 0.4971316375 0.295634809375 0.494576771875 0.28591378437500004 0.47868066562499995 0.2763122703125 0.330848803125 0.3375068140625 0.3249210421875 0.355612284375 0.3335633703125 0.3689959765625
0 0.598651246875 0.4236509984375 0.6342685640625 0.40437854843750004 0.537013253125 0.311682096875 0.50856451875 0.332686309375 0.598651246875 0.4236509984375
3 0.5162910328125 0.323772178125 0.5240116421875001 0.3153655421875 0.6374639625 0.2607864828125 0.652955446875 0.2724071 0.659878603125 0.2670236125 0.66283218125 0.2752330984375 0.6693625296875 0.2708536203125 0.6539301015625 0.254157525 0.6485191734375 0.260600453125 0.6406242468750001 0.25123175 0.5130627375000001 0.3064157140625 0.5149087375 0.31154665625 0.50161471875 0.3076057875 0.5162910328125 0.323772178125
0 0.733732703125 0.34096275781249996 0.7565637953125 0.31045455624999996 0.6824645140625 0.25854181249999997 0.656290075 0.2806276734375 0.733732703125 0.34096275781249996
5 0.7696296053071375 0.21542801867160444 0.010310791335136215 0.013576766693047481
5 0.7463466466422739 0.20146480707226427 0.010328972668681758 0.015139266693047392
5 0.7238540286441829 0.18674307752623537 0.013417610001590674 0.012105194906292782
0 0.69102085625 0.24382247499999998 0.762101590625 0.293108775 0.7818194390625 0.2363100390625 0.7102986984374999 0.192088146875 0.69102085625 0.24382247499999998
0 0.6486754312499999 0.18166384687499998 0.6363063312499999 0.177184790625 0.6324131109375 0.20353036875 0.6428806203125 0.22109747031250002 0.681049625 0.2491172734375 0.6899133 0.24074393125000002 0.6502261140625001 0.21217221875 0.6465341125 0.20191036874999999 0.6486754312499999 0.18166384687499998
5 0.695719390634956 0.25391620566033846 0.009511360001590852 0.011991534639736123
5 0.7243983739656379 0.2742885416328581 0.011864200668363623 0.01284098079967011
5 0.7561387226289108 0.300220555818623 0.007967041335136215 0.013508570533113407
5 0.8026410052912294 0.33361572901730346 0.008021585335772751 0.018196070533113406
0 0.524811903125 0.177852446875 0.589813871875 0.22869235156249998 0.6018542859375 0.20489339218749997 0.5505597156250001 0.166429109375 0.524811903125 0.177852446875
3 0.47131887343749995 0.5607712609375 0.4809137484375 0.547155459375 0.4753167140625 0.5368381875 0.4796436625 0.5252865 0.4869124046875 0.5229594015625 0.6335450265625 0.433805309375 0.64172055 0.45181342343750003 0.6501618359375 0.44698182812500004 0.640444559375 0.43045202812500005 0.6222741843749999 0.4197689015625 0.46219396562500004 0.5181783953125 0.4605518109375 0.5282850359375 0.45476579062500005 0.5342093296875 0.47131887343749995 0.5607712609375
1 0.6648632328125 0.424459909375 0.7566170828125001 0.3713826265625 0.63583361875 0.269878028125 0.5449494921875 0.3174979484375 0.6648632328125 0.424459909375
3 0.6304270109375001 0.2502205 0.6373102312500001 0.2412442171875 0.627897175 0.23132362187500002 0.607499778125 0.2154985015625 0.6229409968749999 0.19868528125 0.6254751234375 0.177434734375 0.5619437515625 0.134460765625 0.566125940625 0.1025960109375 0.55565845625 0.0850289453125 0.549104484375 0.0914386125 0.549009990625 0.0995594078125 0.5550234828125 0.1068424546875 0.5534729359375 0.1418300984375 0.6161773 0.190364934375 0.6064571890625 0.20683690000000002 0.600688834375 0.21123854999999997 0.600166096875 0.223408640625 0.6304270109375001 0.2502205
3 0.76170041875 0.3507178234375 0.7699345734375 0.340554734375 0.759378475 0.3306008796875 0.775206596875 0.3132912 0.783597615625 0.28002576874999996 0.7861021625 0.26131297343750004 0.8031354531250001 0.2714552953125 0.8078315859374999 0.260929796875 0.7950130828125 0.2488792359375 0.7904409218749999 0.24874619843749998 0.7817131328125 0.2454459125 0.77324231875 0.2528152453125 0.7699521046875 0.273536075 0.7717331140625 0.2842500390625 0.7634366406249999 0.30939469375 0.752210159375 0.32429965312500003 0.7448115140625 0.3377928421875 0.76170041875 0.3507178234375
3 0.622757778125 0.14892327656249998 0.63652084375 0.15874963125 0.650787171875 0.1639550609375 0.6594322765625 0.1743610296875 0.66855883125 0.17614972812500002 0.6686710437500001 0.16650630625 0.671778175 0.16151948437500002 0.6771241406249999 0.1606595984375 0.678730859375 0.1535982765625 0.6765688015625 0.142873209375 0.6789670953125 0.1332963046875 0.6554330359375 0.124995725 0.6541955015625 0.133083228125 0.6473904640625 0.1283157625 0.62946525 0.12931733437499998 0.6281864265625 0.140957721875 0.622757778125 0.14892327656249998
4 0.31890208750000004 0.7097281046874999 0.3598871375 0.6891301765625 0.4004694984375 0.6523052765624999 0.43809178906249996 0.6428428359375 0.47210699843750004 0.6255335109375 0.49341354531250003 0.610669653125 0.521643571875 0.5910805734375 0.536669471875 0.571107340625 0.5744800953125 0.5454627359375 0.591643196875 0.5234401937500001 0.63561163125 0.513458625 0.6718786203125 0.4842500421875 0.6906051796875 0.4597434265625 0.7130979328125 0.44817899062500005 0.757599121875 0.417399178125 0.7686566406249999 0.403210946875 0.8093728015625 0.40210462500000005 0.8324563921875001 0.389029996875 0.8519191921875 0.3422480140625 0.87884999375 0.2941559421875 0.8755890765625001 0.27878740625 0.8587828515625 0.294335728125 0.8459083265625 0.316871596875 0.83946218125 0.3289029390625 0.8357748703125001 0.35017876875 0.8303594625 0.3721679703125 0.8193108265625 0.38559278125 0.7933883765624999 0.3962937390625 0.7600780312500001 0.4014339734375 0.7149535765625 0.43650423125 0.6802838125 0.4599332578125 0.6385311484375 0.5008434765625001 0.5936967359375 0.5109941546875 0.5519988734375 0.547201271875 0.51483235625 0.58812239375 0.44670115781249997 0.629669871875 0.3752468578125 0.6611927890625 0.32560564062499997 0.6902956828125 0.31890208750000004 0.7097281046874999
4 0.7972677203125 0.21070928281249998 0.8369976390625 0.1958279734375 0.8509206671875 0.18172311875 0.8568558453125 0.164331121875 0.84096033125 0.15088599687499998 0.8204711328125001 0.138070915625 0.7805234734375001 0.122398584375 0.759319071875 0.1217816 0.7431036828125 0.13581975156249998 0.7422907640624999 0.1564155140625 0.7472087109375 0.17717805 0.765458846875 0.1853459 0.7728202468750001 0.19319692187499998 0.7972677203125 0.21070928281249998
4 0.594927290625 0.060363270312499995 0.5884367312500001 0.0762117203125 0.5992899328125 0.0795822625 0.6124444578125 0.0822560609375 0.6342041640625 0.0844165640625 0.6633963359374999 0.088320715625 0.6776525875 0.09484497187499999 0.690771503125 0.100572478125 0.6980884875 0.11224060625000001 0.7041082359375 0.136853603125 0.7054898859375001 0.1659137515625 0.72722301875 0.1703645203125 0.7361303078125 0.1438948171875 0.75239891875 0.1252761328125 0.7514037921875001 0.1122645640625 0.7487693234374999 0.0923321765625 0.7220649453125 0.07169939843749999 0.683272309375 0.055297021875 0.6288285515625 0.05371287031250001 0.594927290625 0.060363270312499995
5 0.56320742998091 0.1570602745440992 0.007149428668045488 0.010360838479802048
5 0.5841193666454555 0.17329903998350543 0.00793067866804531 0.010383570533113406
6 0.6451023199793191 0.17116589014178998 0.008748291335136216 0.013531302586424765
3 0.1222801890625 0.4861802234375 0.12740844375 0.49496984218750006 0.1327743859375 0.4928455328125 0.1311860875 0.48280508906249997 0.1268546765625 0.474047675 0.1347695703125 0.46791801718750003 0.1324307640625 0.46376141249999997 0.136920703125 0.45889494218750004 0.14338739218750002 0.4599916828125 0.1475258671875 0.45602355 0.1435194984375 0.4486384390625 0.14030065625000002 0.43219059218749994 0.127282703125 0.4372632046875 0.134336115625 0.446554103125 0.1288181578125 0.45184494375 0.131807075 0.4587461515625 0.12148996249999999 0.46616877343749996 0.1254012140625 0.48172820312500003 0.1222801890625 0.4861802234375
3 0.229347325 0.6925787703124999 0.23723319375 0.7182480765625 0.2400608546875 0.7096989796875001 0.24553656250000003 0.7080411718749999 0.25341444375 0.7050904140625 0.253562403125 0.69237479375 0.2425660578125 0.6702492515625 0.2315459921875 0.6794685375 0.231094128125 0.6889953359375001 0.2088873625 0.6338352203125 0.21334028749999998 0.6321476453125 0.19480425625 0.583908584375 0.1738820015625 0.5942026015625 0.1822461796875 0.6080744703125001 0.19733071562499999 0.6012448484374999 0.20825836562500002 0.6292740859375 0.2037684265625 0.63414055625 0.229347325 0.6925787703124999