6 0.5681602800165274 0.4213979065881854 0.026217661094166723 0.019049992003499838
6 0.3941214083412843 0.5163666032781844 0.02894327080156254 0.035483514003817974
6 0.1987887649145481 0.6201744979710467 0.02256598423243057 0.029942038669636163
6 0.1728432075438536 0.6610903993077739 0.02407393284565975 0.027616470003181702
5 0.21984941337527744 0.4535682533020469 0.02405574905006951 0.026835220003181705
5 0.36429105081809 0.38862341128263866 0.022584168028020813 0.03072328866963625
5 0.4810252623490969 0.3396217426002758 0.027562608757465412 0.04327783267027261
5 0.6042094956315969 0.28195359858373104 0.02407393284565984 0.027616470003181702
6 0.5338619344611804 0.21716493992682154 0.024764263867708358 0.023719310669954384
6 0.41325784052135395 0.2646495619430481 0.02730803561920143 0.03234033267027261
6 0.2626207544653122 0.327323379296638 0.026599520801562537 0.03545624200349984
6 0.09952003600045105 0.3885801473185916 0.023983013867708357 0.023710220003181702
6 0.06992345497840245 0.38501934265595505 0.028852351823611143 0.031577264003817974
5 0.2912619799609367 0.8752790739576838 0.022329594889756964 0.01978578866963616
5 0.37309451463020765 0.8157489852800934 0.019295513867708357 0.023655676002545433
6 0.6876201012549302 0.3559627159055044 0.029506315254479176 0.026117604670590745