2 0.44706997663123926 0.5004988010055211 0.039227319892376045 0.0212035059839236
2 0.5881957826698765 0.3804798545764935 0.03915454528527036 0.0196410059839236
2 0.6345955936709125 0.33785724990309085 0.0404259468568469 0.013427373575104262
2 0.7192745006191725 0.2625682688047922 0.036138707195929064 0.021912020801562536
2 0.7184183219592908 0.22743020260038255 0.037446496071058634 0.016479638392743114
2 0.7808241226212445 0.17659570763437565 0.04302440798171751 0.018950674961875035
2 0.8040968027288684 0.15684690529767428 0.03457620719592915 0.021875653210381964
2 0.8500064621583278 0.12045611682868125 0.034049668320799496 0.02732621941479172
2 0.6255568114108115 0.7637469494662505 0.04127997146395259 0.015008057370694416
2 0.7328320022718023 0.6039199674180213 0.03642980562435252 0.028162020801562448
2 0.7496363585581086 0.5793381947165979 0.04829410483856424 0.03155977773541672
2 0.8242660233642516 0.4725991918668063 0.03368579528527036 0.019513719414791807
2 0.850239864349077 0.3600452936904174 0.03479453101724665 0.02656315321038196
2 0.870314769849595 0.3386612561713549 0.03443065798171716 0.01875065321038196
2 0.9124444578151015 0.28813523252000073 0.032450781017246653 0.026508601823611144
2 0.7474960856036327 0.9187637174180214 0.036357031017246653 0.02659952080156245
2 0.8157087764646235 0.7580275455902784 0.03806508023145838 0.02976088839274311
2 0.8326222946615885 0.7357895228888548 0.046440506410140615 0.025273410144236053
2 0.8958050372179904 0.6178584469007993 0.04782106989237604 0.021403527735416716
4 1 0.39982960312500004 0.9854874140625001 0.3483269140625 0.9432855109375 0.2001431078125 0.9234097921875 0.1371992640625 0.897799575 0.1027150546875 0.8817752953125 0.122463159375 0.8686768453125 0.1443973703125 0.8884538109375001 0.205220909375 0.9076382453124999 0.253322609375 0.9288287468749999 0.314179046875 0.9262669671875001 0.3501255546875 0.9463711671875 0.3876586234375 0.9598830421875 0.40491717656250004 0.9668703843750001 0.43367291718749995 0.9771291968750001 0.4720358328125 0.9941100546875001 0.5031421828125 1 0.49293562343749997 1 0.39982960312500004
3 0.8527562953125001 0.4998521375 0.8218066015625001 0.5023087859375 0.7964800875 0.534548428125 0.7882147796875 0.5693031796875 0.8127202859375 0.5497524765625 0.8419785859375001 0.57161355 0.8494103234375 0.6099106671875 0.826663996875 0.6369153421875 0.800862115625 0.6892649921875 0.777591046875 0.735319525 0.7526101749999999 0.7749802375 0.7319686703125 0.8168599593750001 0.7148764937500001 0.8439962359375001 0.749443303125 0.8585678390625 0.7859609562500001 0.793759553125 0.8506631671875 0.6671260390625 0.8762675375000001 0.610535775 0.8580706515625 0.5836371390624999 0.8590707625 0.5444772718750001 0.8852366921874999 0.5302602359375 0.9051065640625 0.50212960625 0.8527562953125001 0.4998521375
3 0.6709028515625 0.7487213890625 0.7108401062499999 0.6967007421875 0.756956259375 0.6257618421875 0.8099425874999999 0.5507468281250001 0.7925357390625 0.5408106453125 0.7472899749999999 0.6001207625 0.697229475 0.6773218812499999 0.6508170609375 0.7418998640625001 0.6709028515625 0.7487213890625
1 0.5998309500000001 0.738595140625 0.8304978999999999 0.4463838703125 0.7366679796875 0.28111335 0.43570076562500004 0.5494492828124999 0.5998309500000001 0.738595140625
1 0.81218385 0.3866533859375 0.9110578500000001 0.26611024843750003 0.8643868546875 0.1432385171875 0.7386372328124999 0.2324450046875 0.81218385 0.3866533859375
1 0.8244344281249999 0.98315773125 0.9529684640625 0.7415194890625 0.9049517171874999 0.6503865515625 0.7567946937500001 0.9254561921875 0.8244344281249999 0.98315773125
1 0.9621544046875 0.45368422343750003 0.8803416109375 0.576742475 0.9292781218749999 0.6573067796875 0.9955913781250001 0.534946778125 0.9621544046875 0.45368422343750003
1 0.32132942204034404 0.5654672247331252 0.048075781017246653 0.026872277735416717