1 0.5448327109375 0.6439925093750001 0.5763279390625 0.3427020234375 0.41186578437500004 0.3351807890625 0.3886456375 0.6485370890625 0.5448327109375 0.6439925093750001
1 0.5128400828124999 0.9605068734375 0.5380720796875 0.705867778125 0.38559363125 0.7140648640625 0.36733263125 0.9672421468750001 0.5128400828124999 0.9605068734375
1 0.327458009375 0.69679488125 0.345405721875 0.39622645625 0.1792209203125 0.407188303125 0.1706677734375 0.698855571875 0.327458009375 0.69679488125
1 0.3087861203125 0.989660025 0.3213323921875 0.7603561671875 0.1681698609375 0.76791869375 0.1655873484375 0.9931239203125 0.3087861203125 0.989660025
1 0 0.6564351265624999 0.1088990046875 0.6483231843749999 0.1072339390625 0.3508447609375 0 0.3549426328125 0 0.6564351265624999
1 0 0.9807538203125 0.1030612765625 0.9742830437500001 0.10611368437499999 0.7143066078125 0 0.7220975593750001 0 0.9807538203125
3 0.67822468125 0.4395422265625 0.6797583984375 0.41437647968749997 0.66762763125 0.4075510453125 0.6635507703125 0.43020422812500003 0.6561785 0.4123910765625 0.634167915625 0.41228037031250003 0.622519878125 0.40285432656250003 0.62163160625 0.3848525375 0.615007446875 0.388049878125 0.6076595109375 0.41605630781249997 0.6112577671875 0.4129469875 0.6179406703125 0.42702442500000004 0.6460030031249999 0.42695904218749997 0.6549173140625 0.43946925156249994 0.660992803125 0.45732011093749997 0.6732832890625 0.46222056250000004 0.67170565 0.4404830609375 0.67822468125 0.4395422265625
3 0.59393735 0.6457979093749999 0.5953868828125 0.6053340578124999 0.5841278 0.6102931671875 0.561967925 0.6126063 0.560710109375 0.644758678125 0.36613628593750003 0.6537568921875 0.36722595625 0.6458005250000001 0.35714499375000003 0.6460938515625 0.35497259531249997 0.68244369375 0.3642167703125 0.6846772359375 0.36429425000000004 0.6675743890625 0.5718571578125 0.6577811328125 0.5734783171875 0.6281207281250001 0.5836436546875 0.631161640625 0.58330583125 0.6423514828125 0.59393735 0.6457979093749999
3 0.5573673875 0.9687013406249999 0.55765195 0.9265671875000001 0.547979821875 0.93352201875 0.5249831578124999 0.938362034375 0.5236603843750001 0.9667624953124999 0.3430856953125 0.9736850406249999 0.346497759375 0.9673294328125 0.3369941203125 0.965520528125 0.3340235078125 0.9881297109375 0.5333199734375 0.9806624156250001 0.5356028328125 0.9522340171874999 0.545300996875 0.9498663984375 0.5453791375 0.9636280234375001 0.5573673875 0.9687013406249999
3 0.580145175 0.757558603125 0.5873037671875 0.6757108640625 0.57536220625 0.6749805265625 0.572502040625 0.705511153125 0.5796248984375 0.706972259375 0.572545734375 0.7611833484375 0.577904353125 0.7747913203125 0.591922925 0.7722979890625 0.6034505984375 0.776967621875 0.5865105171875 0.9554076484375 0.58769014375 0.9815447468749999 0.6014248765625 0.9799989625000001 0.5905675968749999 0.9557891484375001 0.608299346875 0.7654982328125 0.580145175 0.757558603125
3 0.3844476453125 0.3909828390625 0.38946708750000003 0.35207841875 0.37719478125 0.3473373875 0.3790023703125 0.3749836296875 0.37055376406249996 0.37599886875 0.14934552031249998 0.37858830781249997 0.1530069328125 0.35693823281250003 0.142045221875 0.35494895 0.1425007328125 0.3926368953125 0.151069165625 0.3985428703125 0.351610496875 0.39347712343749996 0.3684000828125 0.39375801875 0.3844476453125 0.3909828390625
3 0 0.6814795250000001 0.13916828750000002 0.67304679375 0.13572218281249998 0.6900741328125 0.1475335875 0.6928080953125 0.14910266875 0.64785311875 0 0.6595602 0 0.6814795250000001
3 0.361144059375 0.7489150687499999 0.363837696875 0.7144353203125 0.351952821875 0.7184060109375 0.35208479375 0.7345598296875 0.14427965625 0.74368398125 0.14691198125 0.7251415 0.1355074828125 0.7231651078125 0.13569965781249999 0.757013653125 0.14810953124999998 0.76588550625 0.34975171875 0.7561712671875 0.361144059375 0.7489150687499999
2 0.593647068654031 0.4539621419906636 0.012029119106587771 0.023755748746358663
5 0.6451004067433723 0.45480557647211517 0.01578981989237622 0.020744409012915455
5 0.6364659613342674 0.5229334508452945 0.01493579528527036 0.019159176959604098
5 0.6261598540145039 0.5934505393250966 0.015789819892376045 0.020744409012915455
5 0.6789445597626909 0.5154559199664821 0.013336907981717517 0.01833246285298138
5 0.6726367477281976 0.5671320802330388 0.01489940798171734 0.018377926959604097
5 0.6656568476043632 0.6164872225529068 0.012519270678164319 0.01752848079967002
5 0.8783623629058439 0.522136514318779 0.016898555624352697 0.027798391066226814
5 0.8691842619962212 0.5684348527985811 0.014899407981717516 0.018377926959604097
5 0.861350337265281 0.6193752271717605 0.020586481803034927 0.023224551332783606
5 0.8321807599293066 0.7598782067177894 0.014227319892376045 0.02069894490629274
5 0.8264380281262718 0.7826708490376573 0.018987594499482084 0.02239783722616089
5 0.8197663430562493 0.8421595093042141 0.018169957195929242 0.02159385517284953
5 0.8146764286643909 0.8844379375174594 0.016571069892376045 0.02076714106622681
5 0.8056802642725328 0.9268300259972614 0.01849744292790554 0.02862510517284953
4 0.7384633921875 0.4068570359375 0.790887359375 0.403599146875 0.7752576953125 0.3650723921875 0.7538890296874999 0.353566575 0.743662134375 0.3166151234375 0.7101677140625 0.3089271453125 0.6971791734375 0.2885149265625 0.6772793109374999 0.28822769843749996 0.6459138203125 0.2882740875 0.6125542765625 0.28837846875 0.574667803125 0.289480853125 0.5472232203125 0.301540765625 0.46542781250000004 0.30478702343749997 0.4169645046875 0.287139521875 0.3857742921875 0.29411084062500004 0.32744903281250004 0.29580793125 0.2699591453125 0.300945759375 0.266240928125 0.31664654375 0.32829814375 0.3096433421875 0.414418540625 0.3097362546875 0.46585917187500003 0.3169020515625 0.50367855 0.3279292015625 0.5588237609375 0.30899950625 0.5985290078125 0.3009141734375 0.6910895828125 0.30168595 0.7157053906249999 0.318294834375 0.72668620625 0.32837039843750004 0.73327496875 0.347236325 0.7568266703125001 0.376003753125 0.7384633921875 0.4068570359375
0 0.59256499375 0.7816886875 0.5349402296875 0.7790340984374999 0.5204732171875001 0.9293173687499999 0.579835884375 0.9267238671875001 0.59256499375 0.7816886875
2 0.3695931385464072 0.44019647334432965 0.015044957195929066 0.021502926959604096
2 0.3662091193159848 0.5128527233443296 0.017243157981717338 0.018446123119538173
2 0.5565086718399654 0.7655588715366924 0.012919531017246655 0.02612223079967002
2 0.5617099021952583 0.6873884074300698 0.016643844499482086 0.022329641066226813
2 0.6141413893749768 0.734234663698276 0.009648981803034928 0.022906302586424766
2 0.6088440372224996 0.3286893573509276 0.02035104135632899 0.03492056927947225
2 0.7032275839555121 0.36261206479363267 0.023893418320799498 0.02722172954602886
2 0.34858700992930663 0.7739493477175091 0.014445643713693723 0.025386444906292736
2 0.34631172643086067 0.8395516156641978 0.014935795285270271 0.019159176959604098
2 0.1484993885464072 0.44662964443143915 0.01697133023145838 0.029360891066226812
2 0.14437050661953776 0.5185273764847504 0.01804367865988179 0.035633623119538174
2 0.13921200992930666 0.7800415380049485 0.013700781017246654 0.02614496285298138
2 0.13846283912730772 0.8463795918450143 0.01181079528527027 0.019068248746358662
0 0.1679298265625 0.41737974375000003 0.11477425625 0.4197467640625 0.1113247921875 0.6507443312500001 0.1636865703125 0.649220759375 0.1679298265625 0.41737974375000003
0 0.1602750125 0.7675838578125 0.10928930625 0.7668801249999999 0.10860863437499998 0.9625755296875 0.1557205859375 0.9651182109375 0.1602750125 0.7675838578125
0 0.4013732421875 0.4091152734375 0.3506762203125 0.41336750625 0.3357225359375 0.6378511546875 0.3833519015625 0.641357190625 0.4013732421875 0.4091152734375
0 0.3753270984375 0.754247790625 0.3272142359375 0.762236746875 0.3173644875 0.95566161875 0.363811678125 0.9513838140624999 0.3753270984375 0.754247790625
0 0.636874475 0.43255784375 0.5739964609375 0.42853475 0.5552939578125 0.6134381999999999 0.61211829375 0.6030057453125 0.636874475 0.43255784375