6 0.4546875 0.515625 0.01328125 0.01484375
6 0.415625 0.540625 0.01796875 0.02421875
6 0.378125 0.56796875 0.02265625 0.021875
6 0.34921875 0.5859375 0.021875 0.0203125
6 0.31484375 0.60390625 0.01640625 0.01796875
6 0.28203125 0.6203125 0.01640625 0.01484375
6 0.25390625 0.64140625 0.0140625 0.01953125
6 0.22734375 0.65546875 0.0125 0.01875
6 0.20234375 0.6796875 0.0140625 0.015625
6 0.51796875 0.496875 0.0109375 0.021875
6 0.559375 0.5015625 0.0125 0.02578125
6 0.59453125 0.53125 0.01484375 0.0203125
6 0.63515625 0.5484375 0.01015625 0.01953125
6 0.65390625 0.56953125 0.015625 0.02109375
6 0.68203125 0.5578125 0.0203125 0.01875
6 0.7 0.59140625 0.01640625 0.0203125
6 0.728125 0.5546875 0.0140625 0.0203125
6 0.740625 0.57578125 0.0265625 0.01328125
6 0.778125 0.55078125 0.015625 0.0171875
6 0.765625 0.85546875 0.01796875 0.025
6 0.66796875 0.884375 0.0171875 0.0296875