1 0.1710541640625 0.8441484671874999 0.40077155937500003 0.8542663765625 0.4560901984375 0.6482317859375 0.25049740625 0.6540437484375 0.1710541640625 0.8441484671874999
1 0.438003378125 0.8503827078124999 0.7698128484375 0.8519293734375 0.7471070390625 0.6285626796875 0.48305993750000004 0.644646715625 0.438003378125 0.8503827078124999
1 0.3171407765625 0.601868653125 0.5394810156250001 0.5841978296875 0.5624635484375 0.46311437499999997 0.3704548265625 0.4794891921875 0.3171407765625 0.601868653125
1 0.5584915500000001 0.5822445140625 0.77563258125 0.5577241374999999 0.7566469359375 0.44066216562499994 0.582835390625 0.4609806015625 0.5584915500000001 0.5822445140625
1 0.367092015625 0.44337138749999994 0.5150992750000001 0.43066376718750005 0.53368925 0.3531134375 0.4024677546875 0.3691382984375 0.367092015625 0.44337138749999994
3 0.434983203125 0.89830106875 0.41491626562499995 0.8890837421875 0.478966121875 0.6309887843750001 0.495935096875 0.6220939875 0.4963616734375 0.60527963125 0.46659144843749994 0.60894613125 0.39327628593749997 0.8967142828125001 0.394207809375 0.9274909453125 0.4169694421875 0.9296289828125 0.428810240625 0.9292844499999999 0.434983203125 0.89830106875
3 0.7622850765625 0.6073431609375 0.7741854484374999 0.588794678125 0.7472810125 0.590977684375 0.7791732312499999 0.938692359375 0.821206715625 0.9332687625 0.817313559375 0.8983777281249999 0.7944866234375 0.8976418046875001 0.7622850765625 0.6073431609375
3 0.302937578125 0.6190839718750001 0.37038124375 0.47430411406250006 0.37853630312500003 0.4684661109375 0.37899341875000003 0.45865164218750004 0.3639950828125 0.4590880484375 0.3576440796875 0.4567451703125 0.36360326875000004 0.4675004515625 0.292212653125 0.6123951546875 0.2801106453125 0.618348003125 0.2772200453125 0.6296334921875 0.297221734375 0.6402528375000001 0.302937578125 0.6190839718750001
3 0.5391659578125 0.6248119796875 0.5550843624999999 0.6215484671875 0.5518556859375 0.6062405281250001 0.58034665 0.43459064375 0.5597517296875 0.43545325312500005 0.570221009375 0.4488869390625 0.5371185625 0.601068621875 0.5284353046875 0.601321278125 0.5267970140625 0.6195711640625 0.5391659578125 0.6248119796875
3 0.7505930671875001 0.435237646875 0.7496673765625 0.421262865625 0.7425628343749999 0.4214695875 0.7287765015625001 0.3112572125 0.702438971875 0.3126353546875 0.700168365625 0.33309217343749997 0.7191137046875 0.3325409203125 0.7309832468749999 0.41620585 0.725397953125 0.43457058281250005 0.7505930671875001 0.435237646875
3 0.5355532796875 0.44849550000000005 0.5261401296875 0.4305671796875 0.5515677078125 0.341616559375 0.5480125203124999 0.3333189578125 0.524780628125 0.33013363125 0.5390027515625 0.3405819484375 0.5148275859375 0.4364970546875 0.5123345296874999 0.4561719796875 0.5241753265625 0.455827446875 0.5355532796875 0.44849550000000005
3 0.5634027765625 0.32447014531249996 0.5641325593750001 0.342651128125 0.6053112781250001 0.3386525671875 0.6154907640625 0.289350415625 0.7037657328125 0.2727801609375 0.7109835890625 0.219363634375 0.722159903125 0.19943605312499998 0.71268718125 0.19971168125 0.7019027875 0.21122683437499998 0.699284853125 0.25050779843750004 0.60554946875 0.2658367703125 0.60208270625 0.323344675 0.5634027765625 0.32447014531249996
3 0.4315913390625 0.3448828484375 0.43106892031250005 0.356099384375 0.44113503906249996 0.3600070375 0.448500740625 0.3541920046875 0.4490231609375 0.3429754203125 0.453018121875 0.2910528625 0.45485237187500005 0.26859677187500003 0.44945147968750004 0.249151490625 0.4416882375 0.24657704374999997 0.4325952796875 0.24343107812500003 0.444720896875 0.26609123437500004 0.4443290828125 0.2745036375 0.44387774531249996 0.301120034375 0.44388925468749996 0.3347238 0.4315913390625 0.3448828484375
0 0.5553513031249999 0.632742034375 0.7338180249999999 0.6261490171874999 0.7338661421875 0.5743413 0.5621119359375 0.5891400046874999 0.5553513031249999 0.632742034375
0 0.3038690515625 0.6498606375 0.45931303906250004 0.6467378453125 0.47508355 0.5958728203125 0.31768598125 0.6073963250000001 0.3038690515625 0.6498606375
0 0.384611178125 0.4734407296875 0.507227415625 0.4642722953125 0.5124803625000001 0.43611601718750004 0.39207325625 0.443414434375 0.384611178125 0.4734407296875
0 0.5824803046875 0.45648199062500006 0.7162132296875 0.4455898796875 0.7177804921875001 0.4119401296875 0.5886533203125001 0.42549860781250004 0.5824803046875 0.45648199062500006
0 0.18659324375 0.9167298140625 0.37960123437500004 0.9195149515625 0.3889260125 0.8716377640624999 0.1930510703125 0.8637662640625001 0.18659324375 0.9167298140625
0 0.5256494203125001 0.9488694843750001 0.75904099375 0.9308770515625 0.7597420296874999 0.8650486687500001 0.5274017515625 0.8694488375 0.5256494203125001 0.9488694843750001
0 0.45903342656249996 0.31423138281249996 0.532577046875 0.3092911484375 0.5278119390625 0.22541954999999997 0.45465605 0.23508358281250002 0.45903342656249996 0.31423138281249996
0 0.623078025 0.261852403125 0.6978681765625 0.24707468281249997 0.7007472156250001 0.2021854296875 0.624789396875 0.21163978593750002 0.623078025 0.261852403125
0 0.6187623328125 0.33758717968749996 0.698223434375 0.3240737625 0.69643725 0.2947220890625 0.6188125921875 0.302739684375 0.6187623328125 0.33758717968749996
0 0.45082457343750004 0.3550752171875 0.5228546765625001 0.3487788078125 0.529882353125 0.3163704390625 0.45576744218750004 0.32289500000000004 0.45082457343750004 0.3550752171875
4 0.6745449015625 0.17236874062500002 0.6919114171875 0.1718634265625 0.7130942265625 0.1740474046875 0.732306503125 0.18468976406249998 0.7351432578125 0.208410109375 0.7336413 0.2406577453125 0.72904710625 0.2715951890625 0.7487164984375 0.27242308125000003 0.7504200937500001 0.25277108125000003 0.74784455 0.22344242187500002 0.747310565625 0.20105524218749998 0.743678621875 0.1605559390625 0.7290721 0.15257994375 0.71644194375 0.15294744375 0.6880239890625 0.153774321875 0.6586860703124999 0.157428303125 0.6323040546875001 0.148394725 0.6186174953125 0.137591628125 0.622047703125 0.1654952046875 0.6352061109375 0.1707130484375 0.651522059375 0.175838971875 0.663428159375 0.1740923703125 0.6745449015625 0.17236874062500002
6 0.5899356794884513 0.24887983689695642 0.016481178659881836 0.035588159012915455
1 0.555536884375 0.4256522703125 0.728472159375 0.40241815000000003 0.7179201234375 0.3243156015625 0.5716611703125001 0.34726296875 0.555536884375 0.4256522703125