2 0.493738215625 1 0.50887841875 0.977822059375 0.499697840625 0.9632356109375 0.5031251328125 0.952324459375 0.32656019375 0.8213964390624999 0.3154422234375 0.8355104328125 0.299962696875 0.8461410656250001 0.3060306625 0.8581186781250001 0.3139179328125 0.846465878125 0.32291655937499997 0.841602603125 0.4882602453125 0.9638148531249999 0.493772534375 0.9723977156249999 0.4826349375 0.9873567046874999 0.48947224375 1 0.493738215625 1
3 0.49034387500000004 1 0.5100880703125 0.9803865734375 0.501561465625 0.9649698953125 0.504492125 0.9481289796875 0.3839350703125 0.865004671875 0.3233689140625 0.822167615625 0.298694 0.8461115359375 0.310529975 0.8556870406250001 0.31974485937499997 0.8415287812500001 0.4875669375 0.9663350765625 0.49684585312499996 0.976696515625 0.482674271875 0.985666684375 0.4888501625 1 0.49034387500000004 1
3 0.6117279046874999 0.8128156000000001 0.6211641609375 0.8164170437499999 0.6258208125 0.807225440625 0.8411978124999999 0.9339840421875 0.8353511749999999 0.9397661656249999 0.8486209515625 0.9466627781250001 0.858103396875 0.91662294375 0.8543957515624999 0.91230938125 0.839806209375 0.9119698062499999 0.6342834296875 0.79812239375 0.6357094234375 0.7913918984375 0.6263715046875 0.783565446875 0.6117279046874999 0.8128156000000001
3 0.3083163453125 0.6235735640625 0.304549759375 0.6217949890625001 0.29693775 0.62161781875 0.2864541703125 0.6357465765625 0.28940944062499996 0.6451153781250001 0.2959494296875 0.636813034375 0.30532668125 0.6429494671875 0.32025057343749996 0.6289240859375 0.4467330203125 0.7028863203125 0.44580361562500004 0.71554651875 0.45404993125 0.7157384546875 0.46488947343750003 0.7013682328125 0.46419421875 0.6889199671874999 0.46042755 0.687141390625 0.4557905625 0.6954880265625001 0.44958500937499996 0.6894253875 0.3231813171875 0.6120831718749999 0.31670033124999997 0.617850528125 0.3083163453125 0.6235735640625
3 0.743269309375 0.6421517703124999 0.9291622578125001 0.726796815625 0.9270429328124999 0.7360475046875 0.9392246609375 0.742186534375 0.9460088390625 0.7119707046875 0.9351072328125 0.7167897171875001 0.75244494375 0.6296835046875 0.7410073453125 0.6302627453125 0.7303270484375 0.6528414609375 0.7411696734375 0.6505574640625 0.743269309375 0.6421517703124999
0 0.3578813953125 0.8310175921875 0.464055178125 0.7221608515625 0.429142475 0.6951391046875 0.31797774218749997 0.8083791890625 0.3578813953125 0.8310175921875
3 0.49598610625 1 0.500935259375 0.9918742578125 0.5082275593750001 0.978516690625 0.506521275 0.9700224125 0.506678615625 0.9632624312500001 0.49874702343750005 0.9495505375000001 0.327753375 0.82467039375 0.2986774875 0.8468209468750001 0.308453121875 0.8631121500000001 0.3210363796875 0.8405776984375001 0.49175468125000005 0.9772878265625 0.480100784375 0.9871620484375001 0.48898638125 1 0.49598610625 1
0 0.4942115453125 0.933407740625 0.5450065375 0.9735360078124999 0.6391554796875 0.828076175 0.58827445625 0.8026422796875 0.4942115453125 0.933407740625
0 0.648882096875 0.7338126828125 0.6928906171875 0.7588506921875 0.7533479843750001 0.668512446875 0.7113086453124999 0.6407757984375 0.648882096875 0.7338126828125
0 0.18677085468750002 0.684592021875 0.20637598281249997 0.7235973546875 0.29802601093750003 0.65122518125 0.27488589375 0.6205835953125 0.18677085468750002 0.684592021875
0 0.37857681875 0.5885789328125 0.44625740625 0.5303810437500001 0.4174012484375 0.5117165531250001 0.3616715296875 0.5597548765625 0.37857681875 0.5885789328125
1 0.83068799375 0.878658971875 0.9027661312499999 0.7278412249999999 0.7618898359374999 0.65212155625 0.670180815625 0.789631375 0.83068799375 0.878658971875
1 0.7642338609375 1 0.8021379984375001 0.9289005359375 0.6467135515625 0.8269822296875 0.5378723953125 1 0.7642338609375 1
1 0.4943913875 0.6829563296875001 0.3589847140625 0.8370091453124999 0.4880395828125 0.9298731312499999 0.5645463046875 0.824233546875 0.609255465625 0.7642320687499999 0.4943913875 0.6829563296875001
1 0.27809479375 0.8333198296875001 0.4237195515625 0.698737321875 0.3278762109375 0.6363006109375 0.184444840625 0.75755505625 0.27809479375 0.8333198296875001
1 0.357988653125 0.6101091125 0.45893504687500003 0.6678110375 0.5605640609375 0.56381630625 0.46368491250000005 0.5189155296875 0.357988653125 0.6101091125
4 0.41955191875000003 1 0.3988892546875 0.9834356156249999 0.3872218515625 0.9722935406250001 0.373103378125 0.9585858437500001 0.35161199062500004 0.9380169531250001 0.31920215937499996 0.9280644765625 0.3054387125 0.926071746875 0.28881072812499997 0.9123056390625001 0.27492568125 0.888569025 0.256687871875 0.8630587437499999 0.24094012343750001 0.8384425828125 0.218510059375 0.8312309593749999 0.1969018765625 0.8156765281249999 0.1777449296875 0.8026877499999999 0.1723902484375 0.7900202234375 0.15545103124999998 0.7896259578125 0.143647546875 0.78433408125 0.1281186609375 0.7772830578125001 0.1187468796875 0.7753925453125 0.107687465625 0.765100840625 0.10264410156249999 0.73906144375 0.10060135781249999 0.7189452546874999 0.09363693749999999 0.6945335296875 0.08484871875 0.6675707515625 0.066358034375 0.6529250984375 0.061786409375 0.63358626875 0.055760578125 0.5958172734375 0.0395848828125 0.5895874140624999 0.045630165625 0.6265206421875 0.0481056609375 0.655008871875 0.0629293859375 0.665388190625 0.06761771875 0.679712646875 0.0736580296875 0.68988753125 0.0823490734375 0.7210289734375 0.0878058171875 0.756276121875 0.10123857656249999 0.7724764890625 0.11223963749999999 0.7852754359375 0.134650246875 0.7933227984375 0.15706085625 0.801370159375 0.165824734375 0.8024103046875 0.185414515625 0.823771125 0.21321871093749997 0.8428145062500001 0.23296410937499998 0.8574893921875001 0.2488869265625 0.8745838796875001 0.2685156984375 0.894273196875 0.2811460328125 0.9179805796875 0.3046362875 0.9335788171875 0.3307528484375 0.9442210093750001 0.35510388437499996 0.9498049609375 0.3709878 0.9685709250000001 0.386088740625 0.99400819375 0.39981328125000004 0.997672428125 0.40820725625 1 0.41955191875000003 1
1 0.5216729546875001 0.6705117265625 0.641014678125 0.7337136828124999 0.7235626484375 0.6267115343749999 0.6188971578125 0.56574186875 0.5216729546875001 0.6705117265625
2 0.8990030511993397 0.8362097098185771 0.016788109707395905 0.016788109707395905
2 0.8799614572595132 0.8818852325200008 0.012918227298576567 0.0182596907294446
2 0.914416534375 0.9491756453125 0.900730896875 0.9438399484375 0.8923609921875 0.9528432671875 0.912753284375 0.9666970031250001 0.9204763578125 0.9585148218749999 0.914416534375 0.9491756453125
2 0.9163548585700341 0.795966569525973 0.01284549211621524 0.0151346907294446
2 0.9361413349186799 0.7518717306201397 0.009702308320624908 0.014280705547083272
2 0.8132855765624999 1 0.8336967625 0.9441383171875 0.81732313125 0.9361210124999999 0.786051309375 1 0.8132855765624999 1
3 0.1671538390625 0.6150980421875001 0.1612929109375 0.60306260625 0.15234795625 0.603598096875 0.1364305890625 0.6158703234375 0.1417853859375 0.625662940625 0.15533253281249998 0.6192850453125 0.16130595781249998 0.67445708125 0.17895794062499998 0.7075902734375 0.1676600640625 0.7132768359375 0.17982471093750002 0.732046903125 0.19486243125 0.7198595 0.19517383593749998 0.706480328125 0.1850048203125 0.6876514109375 0.1785340359375 0.67783284375 0.17073531718749999 0.6531095734375 0.16991343750000001 0.6404477109375 0.1671538390625 0.6150980421875001
3 0.3755898625 0.5106271234374999 0.401585471875 0.497102046875 0.42034466718749997 0.48266487812500003 0.41863177656249995 0.4603143421875 0.4188220796875 0.4521381875 0.41904698125 0.44247546406250005 0.42194063281250005 0.438080690625 0.42601946875 0.43073870468750003 0.4251110859375 0.421793315625 0.4167760625 0.42011189218749995 0.40757167968749997 0.431796703125 0.405569034375 0.4458802234375 0.40806478124999995 0.45858101875 0.40841520937500003 0.467513421875 0.40662016875000007 0.47267747812499994 0.397398409375 0.48510554531250005 0.3675662421875 0.49556657812499993 0.357176671875 0.5101985515624999 0.3508486421875 0.5182318 0.338958134375 0.5253919671875 0.3371112671875 0.532785853125 0.3388587578125 0.5536498421875 0.3436209984375 0.56491604375 0.3479117859375 0.572452809375 0.34723273125 0.577642815625 0.3392653578125 0.5841505828125 0.3319252171875 0.587698175 0.32620704218749996 0.5935146046875001 0.322686159375 0.600869553125 0.31972330625 0.6082374890625 0.31970600625 0.6089807734375 0.3286162875 0.6099318484375 0.34329664531250004 0.602836640625 0.3587599328125 0.5860916984375 0.36126863125 0.5742510671875001 0.3598368953125 0.5638060734375 0.3506107875 0.5524359999999999 0.34485366093750003 0.5359408578125 0.35963789375 0.52438591875 0.3755898625 0.5106271234374999
6 0.17600653476618008 0.5653379785328474 0.013009146276527783 0.0221659407294446
6 0.2045679458603468 0.5472425951740975 0.013790396276527783 0.022184124525034755
6 0.23069468797656204 0.5329989104285766 0.01604322729857639 0.01833242591180557
6 0.35215342030913155 0.45296853115388913 0.01675174211621533 0.015225609707395903
6 0.3719937948341663 0.4401418760436462 0.01526197729857639 0.01831424211621524
6 0.38949041935920103 0.4272606695466322 0.01057447729857639 0.018205139342673603
6 0.2569649408263537 0.6133410270698266 0.013699477298576391 0.018277874525034755
4 0.15497725625 0.4533002578125 0.13118898437499998 0.4654407359375 0.1183325359375 0.4719117578125 0.10156803750000001 0.48252316406249995 0.08603409375 0.49485576406250004 0.0853844328125 0.522767809375 0.1079668703125 0.5351413296875001 0.1160439328125 0.5429458312500001 0.13951721875 0.5443384234375 0.17122275781250001 0.5405396234375 0.175984759375 0.53333930625 0.198621221875 0.5160943687499999 0.20627496875 0.48749904375 0.2011510984375 0.46199147187499995 0.1913659640625 0.44568446249999993 0.1685079984375 0.4451524375 0.15497725625 0.4533002578125
3 0.3066339171875 0.460925690625 0.297744665625 0.4607187921875 0.28623689375 0.4638361015625 0.28099985312500003 0.470484409375 0.2826290921875 0.4823702390625 0.2785240890625 0.49496884999999996 0.28461763906250004 0.5061122859375 0.28505569375 0.5145852328125 0.292458546875 0.5240665921875001 0.302120528125 0.5183675234375 0.30680139375 0.5083211671875 0.315252503125 0.50005511875 0.3234871453125 0.501093028125 0.323733796875 0.5012418421875 0.3433869671875 0.49224714687500004 0.3411818671875 0.47780911562500006 0.33685536250000003 0.47263076406250004 0.3319333078125 0.4657459453125 0.32115889062499997 0.46464892031250005 0.3148094984375 0.46450113593750003 0.309572371875 0.4711494421875 0.3066339171875 0.460925690625
3 0.8442583869710407 0.9717283293096187 0.017605727298576568 0.01836879350298588
3 0.6090878724377424 0.7653646540634034 0.0015988675911806638 0.0015988675911806638
0 0.1703817 0.593488340625 0.183451228125 0.6617769499999999 0.2614260453125 0.6006700515625 0.2478012390625 0.5562353890625 0.23784456406249999 0.54081565625 0.1703817 0.593488340625
0 0.32385739375 0.8808021359374999 0.451342321875 0.9785136140624999 0.46056285468749997 0.9555845875 0.340199396875 0.8551458921874999 0.32385739375 0.8808021359374999
5 0.46533329996506867 0.9942679380929083 0.015243793502986236 0.01146412381418358
5 0.35629410002065925 0.5437390015186114 0.015225609707395903 0.01675174211621524
5 0.3825663125015968 0.5232453167730906 0.008103440729444421 0.012681837955902785
5 0.4137681296875 0.5032214921875 0.4108797125 0.49690516718750005 0.40276309374999997 0.5007597890625 0.4053231484375 0.5103768234375 0.4122608796875 0.508700346875 0.4137681296875 0.5032214921875
3 0.4432057546875 0.5253598515625 0.444827496875 0.525397596875 0.4530203765625 0.5219856187499999 0.4563645015625 0.517740278125 0.5763527390625 0.5680881125 0.58250473125 0.5826419328125 0.595328809375 0.5662182875 0.5771950625 0.5551381421875 0.460500703125 0.5027053859375 0.448439878125 0.509629984375 0.44041468437500003 0.5058405265625 0.43590551875 0.5136614203125001 0.4356038125 0.526623971875 0.4432057546875 0.5253598515625
3 0.48656179843749997 0.68439656875 0.49228629062499996 0.670839728125 0.53778475625 0.6913530546875 0.648348134375 0.7515689546875 0.6416262890625 0.7614999609375 0.641391628125 0.7715819328125 0.6498735921875001 0.7789846687499999 0.6633173218749999 0.7591226828125001 0.6564906578125 0.750317415625 0.6589547953125 0.73740521875 0.49540830312499995 0.6528991140625 0.4847681578125 0.668503128125 0.4754941875 0.6718899453125 0.47851984375 0.6813272734375 0.48656179843749997 0.68439656875
3 0.3109706171875 0.5814070171875 0.3260860953125 0.5622182515625 0.3202699625 0.516525990625 0.30949745 0.5235025359375001 0.3028096171875 0.5684405390625 0.26108679375 0.59151936875 0.2605448125 0.6148051578125 0.26741626875 0.6104557390625 0.294250896875 0.5968006515625001 0.3109706171875 0.5814070171875
3 0.1708514984375 0.638511790625 0.1715901921875 0.63101339375 0.171428446875 0.613723696875 0.15704726875 0.601363978125 0.1435491203125 0.5995466859375 0.13253809218749998 0.6120669796875 0.1361530890625 0.626430765625 0.1573313953125 0.613395584375 0.1575281828125 0.6291829796874999 0.158363084375 0.666028878125 0.1811545 0.7048889875000001 0.1696845109375 0.7128891937499999 0.1819694921875 0.72755613125 0.1828680359375 0.7282272734374999 0.19352492500000001 0.7066800296875 0.1892761375 0.695307728125 0.1810626875 0.6845947078125 0.1751397234375 0.6724318796875 0.17039693281249998 0.65804179375 0.1708514984375 0.638511790625
4 0.21997834843750003 0.39428449374999996 0.20109052656249998 0.40586986875 0.1870678796875 0.42658718906250004 0.18777600156250002 0.4446411375 0.1948267625 0.4568302390625 0.20970187031249998 0.47220766562499994 0.22334435468749997 0.49206580781250003 0.24159838281249998 0.48347194218749995 0.25414364218749996 0.4777514375 0.26379511875 0.45091985625 0.2620116484375 0.43058622656249995 0.25339161250000003 0.41309966249999996 0.252049696875 0.3980371984375 0.2391503 0.394730725 0.21997834843750003 0.39428449374999996
0 0.11339082656249999 0.6347991078125 0.0844625 0.6656913703125 0.1349014015625 0.723978959375 0.1468129546875 0.7017144078124999 0.1623350203125 0.689299134375 0.1581560890625 0.674922225 0.1337169234375 0.6826205703125 0.125398575 0.6764144625 0.1220108625 0.6522856484374999 0.11339082656249999 0.6347991078125