6 0.04851413772110128 0.9212408510162146 0.0403288683876166 0.03627012061225585
6 0.0875080192628975 0.8811099445105814 0.028291599971765134 0.030460389812585476
6 0.12888969538773012 0.6794648764847505 0.026547089448421435 0.02728992570596276
6 0.15715745050822763 0.5288965751519669 0.021624371018452538 0.036505801332783604
6 0.17790883724110854 0.41364364819236277 0.025485118387616624 0.03583821159934022
5 0.31118406882525707 0.41522521707612353 0.028655621018452492 0.03671038981258552
5 0.3047681978773917 0.5253814670761235 0.02829159997176518 0.030460389812585476
5 0.31071581903701856 0.6375177542231422 0.039638623649288454 0.037809888558944495
5 0.30216132443986476 0.7843927542231421 0.03715066048099143 0.04865646034569906
6 0.5334351692911323 0.8977719779631833 0.04032886838761662 0.03627012061225585
6 0.5006450560946004 0.8581699203621935 0.036468121018452496 0.03693771034569906
6 0.4762652243269253 0.6607780948145152 0.026592592079257394 0.028071175705962757
6 0.45779448733993056 0.5092299666804122 0.03109808155591374 0.02508256802583091
6 0.4388463372411085 0.406051142386375 0.02438534997176518 0.03034672954602886