2 0.3300580822617854 0.7201322554609491 0.028519113125944705 0.03374828610435347
2 0.43915860842897025 0.5644640384420445 0.022276818401734032 0.020435219847574793
2 0.5799494793768357 0.45508955932289175 0.027783365756780753 0.03452499092481354
2 0.5464236188111397 0.4134742310640604 0.02866332629424182 0.022815331283893413
2 0.47428403732581315 0.5115253908031767 0.024066831555913736 0.024350560206654492
2 0.28768565564284254 0.4010277314568439 0.019106315770898073 0.01963578912941557
2 0.26476409513361626 0.4188692164297293 0.017816831555913737 0.024314198770336047
2 0.12770516893819653 0.544677216626121 0.02457506577089812 0.019667605386194255
2 0.6167885976938651 0.3458918213249442 0.023331084186749607 0.025127265027114643
2 0.637358702927302 0.3147509056338996 0.01538207629424182 0.022738063231716586
2 0.6694501370858168 0.2602315772768725 0.028564615756780754 0.03452953610435348
2 0.5422120738751673 0.20400378229372448 0.01419130261671846 0.015702268052176737
2 0.4791968634082934 0.26615834864869903 0.02590234734092913 0.029047150565734103
2 0.3845977239739894 0.30702826746300155 0.01570829998588259 0.01493010841125635
2 0.17173370292730203 0.3120419786281735 0.021222552616718505 0.015743174668035032
2 0.012465847764452222 0.416619873438371 0.018833299985882568 0.01494828912941557
2 0.2687521870716993 0.24305160499341083 0.01736180524755442 0.016501698770336047
2 0.16169011596854216 0.18928573467829776 0.01414579998588259 0.014921018052176738
2 0.08166171074922264 0.23492951190385672 0.023566302616718503 0.01575681020665449
4 0.4796572 0.133862990625 0.457351175 0.1210779484375 0.41643062343750004 0.113608296875 0.40142175 0.10357755312500001 0.3868736078125 0.1089166015625 0.3809716046875 0.1287691140625 0.38972300625 0.1414752984375 0.4311633953125 0.151659815625 0.44732368125 0.15356172968749998 0.45952284218750006 0.153632703125 0.4681754546875 0.1563948859375 0.45054797031250005 0.1680436515625 0.4558580859375 0.18163376250000002 0.4635762828125 0.1771589265625 0.47286046718749997 0.1690774109375 0.467794090625 0.18622294374999998 0.46993254687499997 0.1844274875 0.48103292499999994 0.19172365 0.49167257500000006 0.1836500203125 0.4991276171875 0.1836933921875 0.510023946875 0.1828528375 0.5363502 0.1848138953125 0.5585509625 0.1994062203125 0.6008205046875 0.21863503906249998 0.6242188343749999 0.2359461734375 0.6520519703125001 0.2469554765625 0.676298871875 0.23805706249999997 0.6768907609375 0.2046144375 0.6491628875 0.191797853125 0.612782403125 0.17621908749999998 0.56482785625 0.16147693125 0.5282368468749999 0.14951273125 0.5026409546874999 0.146651975 0.4796572 0.133862990625
1 0.3114667203125 0.7168347421875 0.5402474328125 0.3972642921875 0.3966137390625 0.314169409375 0.1400848890625 0.5630704984375 0.3114667203125 0.7168347421875
1 0.56777125625 0.401944159375 0.6600730078125 0.2605613578125 0.5339882734375 0.21372648125000002 0.43628409062499995 0.31982389218749996 0.56777125625 0.401944159375
1 0 0.40722461406250005 0.25933630625 0.2383430890625 0.1732903421875 0.1908372046875 0 0.29905353125 0 0.40722461406250005
2 0.2937969606786355 0.16191977966144583 0.020486805247554418 0.016519879488495225
2 0.3457535738045802 0.12861692115199358 0.01644404735504663 0.014153403590796199
2 0.37365178967430035 0.2131828186926656 0.01336454998588259 0.014916472872636888
2 0.388533337029347 0.19920213192438213 0.01336454998588259 0.014916472872636977
1 0.3535388328125 0.13293191875000002 0.24275179374999997 0.208172934375 0.3175073203125 0.2558988484375 0.4251960796875 0.16304315625000002 0.3535388328125 0.13293191875000002
5 0.021174447877391693 0.5354607770291672 0.02843581314006218 0.018909081283893237
3 0.287310759375 0.2645214953125 0.268970384375 0.28201144375 0.3089819203125 0.303140246875 0.33630483437500003 0.329694184375 0.35306011875 0.311095221875 0.287310759375 0.2645214953125
1 0.45515910625 0.0026480375 0.398376534375 0.028712664062499997 0.7254889265625 0.119698790625 0.7630661515625 0.0693270375 0.45515910625 0.0026480375
5 0.7060162396178307 0.15572133927892512 0.014282307878390377 0.01726476805217674
5 0.6516395527578929 0.13664863153159867 0.01809755261671846 0.01572499394987581
5 0.6002058553746112 0.12071910450243148 0.012901818401734034 0.020380677693097128
5 0.5518971579913299 0.10480775819142352 0.01497255261671846 0.015706813231716577
5 0.5113554579772124 0.08972311367581366 0.015109060509226424 0.018050563231716565
5 0.4687052263930639 0.08400437880112417 0.02126805524755433 0.016524424668035033
5 0.43206977637894645 0.06894246018321334 0.009230786831702887 0.010987496974937904
5 0.3942435526873057 0.06090724638576271 0.015617294724210673 0.01336760841125637