6 0.9310604327391632 0.7252349294636758 0.027086423421985018 0.032331242003499835
6 0.9085288581383144 0.6835468687937214 0.024742673421985016 0.032303970003181706
5 0.8911224767311143 0.5160775581237671 0.024343425399151287 0.041669879336408935
5 0.7264498230807928 0.4524134054344044 0.031646589429596264 0.02926078600413611
5 0.5901422499628189 0.4023668574156326 0.02774033942959626 0.02921533267027261
5 0.44546376133152543 0.34675156206236074 0.029748508402956907 0.04017101400381797
6 0.6792326303814359 0.5753600094286775 0.029430173421985017 0.03235851400381797
6 0.48439231566641905 0.4847697300684059 0.029988588935304605 0.026898854670590742
2 0.7715568042605314 0.9375429307765405 0.021108337452429994 0.019767607336090974
2 0.6885652321311408 0.8834270480983136 0.021857753954332537 0.01899544800286357
2 0.5433256693932902 0.7840344807447236 0.016643671939110226 0.02518181333545435