6 0.74609375 0.59296875 0.0234375 0.01015625
6 0.77734375 0.56640625 0.02421875 0.0234375
6 0.7984375 0.5390625 0.0203125 0.01953125
6 0.83828125 0.5390625 0.03671875 0.01875
6 0.8671875 0.5046875 0.01953125 0.0203125
6 0.89140625 0.51796875 0.01484375 0.01484375
6 0.9109375 0.47734375 0.01796875 0.0203125
6 0.88125 0.55859375 0.02421875 0.0171875
6 0.834375 0.5609375 0.0140625 0.0140625
6 0.86328125 0.58203125 0.01640625 0.0078125
6 0.88828125 0.59921875 0.0140625 0.0125
6 0.9125 0.64375 0.021875 0.01171875
6 0.95078125 0.72109375 0.01328125 0.021875
6 0.92109375 0.77265625 0.01953125 0.0140625
6 0.8765625 0.80234375 0.0296875 0.01015625
6 0.8421875 0.83359375 0.01875 0.01015625
6 0.80390625 0.85390625 0.03671875 0.02109375
6 0.771875 0.88203125 0.021875 0.009375
6 0.73984375 0.9015625 0.02265625 0.021875
6 0.71015625 0.9265625 0.03125 0.0171875
5 0.6859375 0.95234375 0.01953125 0.0171875
5 0.79140625 0.6046875 0.01484375 0.0109375
5 0.81484375 0.6296875 0.01796875 0.0125
5 0.8390625 0.6484375 0.0125 0.00546875
5 0.86875 0.6609375 0.01875 0.00859375
5 0.8890625 0.6390625 0.0171875 0.01171875
5 0.878125 0.6140625 0.0171875 0.01484375
5 0.8515625 0.59765625 0.0171875 0.01171875
5 0.80859375 0.5890625 0.0171875 0.01484375
6 0.446875 0.39375 0.021875 0.01328125
6 0.4046875 0.46875 0.03359375 0.01171875
6 0.4953125 0.4421875 0.03359375 0.0171875
6 0.440625 0.5203125 0.03046875 0.0234375
6 0.5890625 0.2859375 0.03515625 0.021875
6 0.521875 0.240625 0.02265625 0.02578125
6 0.3796875 0.63515625 0.03125 0.01640625
6 0.35 0.5765625 0.0171875 0.0203125
6 0.3203125 0.515625 0.04375 0.02578125
6 0.94296875 0.43125 0.0265625 0.01640625
6 0.8953125 0.409375 0.02734375 0.01484375
6 0.85625 0.38515625 0.01796875 0.0234375