6 0.7346496515476927 0.6156280698997774 0.009465903590796288 0.01573408800127272
6 0.750320624223938 0.47326784723109566 0.01809601502711473 0.022084085335772486
6 0.7655103287498106 0.2793542152291866 0.014980105386194254 0.023610222668681756
6 0.7920147831774873 0.02046956389245949 0.023578400565734015 0.02449147000318167
5 0.6256989158874363 0.14114678524827665 0.0259630571815924 0.03154999200349984
5 0.6277194372592627 0.33095417258118576 0.020430674668035033 0.020548857336090798
5 0.6307939194034777 0.4738774692473221 0.022020445745273776 0.025254538669636162
5 0.6307661274453917 0.6129308785805494 0.01573862948849527 0.01971306333545435
6 0.5299621515476927 0.6180098245942306 0.012572722872636888 0.012645450668363622
6 0.514383124223938 0.47601322859645767 0.01572044877033605 0.016588063335454352
6 0.4928086269544124 0.2903393579328667 0.01884999394987581 0.017405676002545344
6 0.4637897892276115 0.0414751439370029 0.021234650565734016 0.0244641980028635
6 0.43744545784552236 0.006893247971046787 0.02198408430895533 0.013786495942093574