5 0.5969195737843138 0.48105865445644264 0.01541666887447395 0.017184177973732596
5 0.6030356537287135 0.41757268656861835 0.017115578130301047 0.021172315128862352
5 0.6055902240544663 0.36675049299105333 0.020158732576804894 0.018992339439121864
5 0.6131596765942042 0.30630763794809923 0.018678078130301045 0.021254202283992107
5 0.6149329969199571 0.25552638794809923 0.015662205534962937 0.024215427973732682
5 0.8232216681566837 0.3873175412728881 0.01924107332097762 0.015045145861557075
5 0.8175321741471336 0.4609188155831476 0.017569445916316085 0.011838258706427318
5 0.8130604397562301 0.5219791463158423 0.012881945916316084 0.01159259724103805
5 0.8057142204262693 0.4420426628241856 0.019459328130301046 0.021295145861557074
5 0.8293823881196168 0.34488437980749886 0.01697916887447377 0.017266065128862352
5 0.8318650365756708 0.27379062980749885 0.016788195916316084 0.01179731512886235
5 0.8385713935619126 0.21573246834210957 0.02015873257680454 0.018992339439121864
5 0.7274354861201839 0.18256584351145175 0.013854168874474127 0.017102290818602928
5 0.6663615768643567 0.18966569256151206 0.025463791469812237 0.01459144448207601
5 0.625835780585221 0.21128506501732075 0.020104168874474127 0.017429839439121863
5 0.6586408461016504 0.16511607191472571 0.026572423683797374 0.024007388059640932
6 0.28651287495759103 0.1471871019907364 0.026299605172143182 0.016194888059640887
6 0.2819245786784553 0.1669230698785608 0.034947918874473946 0.01820776741285455
6 0.2782216814035277 0.31762243272343105 0.04144345553496285 0.025566566033373574
6 0.14691711770119684 0.3260634537543302 0.02799851442797028 0.020183025214770646
6 0.15885910091097388 0.1850699615562463 0.017388396641955416 0.028984815128862397
6 0.05748757386913187 0.18492387663968018 0.015389387023308564 0.01640292797373264
6 0.03706836943047737 0.6133354816826343 0.028162205534962837 0.024870525214770643
6 0.1369865238769811 0.6104384537543301 0.0239112151536097 0.03712486374938138
6 0.26660953649085284 0.627819626300996 0.03376736479079003 0.029063380257724702
6 0.26578862487277294 0.4726784249215149 0.031478178493120804 0.030503049525030156
6 0.13244041153326186 0.4726485266851087 0.06321925181409851 0.046203292627625105
6 0.4452901634321783 0.08895744290019633 0.02668155108845909 0.02713238805964089
5 0.7968576087155222 0.18204686510817777 0.027517364790789856 0.028735831637205767
5 0.7640748135326948 0.6072073173921699 0.03346726442797028 0.020469630257724702
5 0.8420733279606651 0.5844039032132472 0.031259923683797555 0.024253049525030157
5 0.6985118117185963 0.6535334407524898 0.021830359981466606 0.022199226594251796
5 0.6420137858578807 0.7305772976044662 0.021349210344286364 0.03075203301668683