2 0.02719528650321536 0.6181011635548364 0.04181742688202613 0.04913297524323372
2 0.29181354342329757 0.5898842548679687 0.04465592539915138 0.0421562723211343
2 0.0810485038799706 0.7738386948044245 0.024598093383928932 0.04805171631477982
2 0.3154089164275407 0.7974746124164506 0.036076762851581276 0.06152388108743238
2 0.10082249300555568 0.8257830243497292 0.02624150642579064 0.030905126623205346
2 0.13883980475482302 0.9288631599013885 0.030338757414373772 0.03566081047058134
2 0.3338339697738511 0.940084852270181 0.03171025642579064 0.03100058400953145
2 0.5676412143738248 0.5743718977232286 0.031898598821136305 0.07394206047058134
2 0.8271607944118807 0.5945379419584601 0.03416143577927464 0.09115683400953163
2 0.5467398294694024 0.8187122329505762 0.03392401384016441 0.06617047077900687
2 0.7821162553628453 0.7790396270236519 0.02652800790866543 0.03793637662320535
2 0.7594799100017501 0.8357163210172974 0.02624150642579064 0.030905126623205346
2 0.7257813892415034 0.933635623777241 0.020963757414373774 0.03549716923687925
2 0.6790854613708941 0.9841037348798831 0.024088757414373774 0.03179253024023367
2 0.5261488037662398 0.9403144975610728 0.02624150642579064 0.030905126623205346
2 0.5098579588994362 0.9900426111994584 0.026177839429596263 0.019914777601083244
1 0.31679945625 0.9341251859374999 0.2611489703125 0.5837123453124999 0.054300710937499996 0.5884549781249999 0.162326465625 0.9342132453125 0.31679945625 0.9341251859374999
1 0.751514725 0.7161772484375 0.7965443890625 0.5331932328125 0.5945482625 0.5213141953125 0.5676685015625 0.7199291859375 0.751514725 0.7161772484375
1 0.5868707078125001 1 0.6648566359375 0.9986728234375001 0.67250904375 0.938941925 0.7098859156249999 0.9437709296874999 0.7341013703125 0.8105426953125001 0.5724976484375001 0.806329696875 0.543810828125 1 0.5868707078125001 1
5 0.45091001772013506 0.7146229764577544 0.02262175790866543 0.037868192775829715
5 0.404657100229649 0.7177246570587194 0.030226010874414965 0.052053423701106105
6 0.03722815559030684 0.4486244606327371 0.02679992193911026 0.025450013392680583
6 0.1867824866169461 0.46218022037196976 0.023611254942915893 0.023832966314779824
6 0.34349540163597414 0.4727337110364789 0.03298625494291585 0.02399660754848192
6 0.5139670691264602 0.4718002767820659 0.029207338935304604 0.027053423701106284
6 0.6691639050960152 0.4620003571381496 0.029207338935304604 0.027053423701106284
6 0.8299886585560564 0.44838964488055943 0.01592608893530496 0.026821598620028198
6 0.8828324742596564 0.5329652422827718 0.02362584239534584 0.04335057954530477
6 0.8230861066554397 0.6945379419584601 0.019051088935304605 0.026876145697928778