6 0.3695070478994592 0.7274205840359329 0.02308351133831792 0.03750992368379737
6 0.4026740839035954 0.6958059962869849 0.023038058004454288 0.03360367368379737
6 0.4626421666136388 0.3743104530030741 0.029251695337363513 0.0306969284931208
6 0.47780463729313816 0.2792881296820964 0.03470226400381797 0.02932540145127884
5 0.5943445105824584 0.5993054746026205 0.02790737133990877 0.04939236479079003
5 0.5973524265993213 0.47503216090028966 0.0364465773392725 0.04500496515360961
5 0.5930927352800934 0.37131688385844763 0.026962489337999784 0.03530258293962456
5 0.5949557746260473 0.27832085200728224 0.02861589600572696 0.04316964664195542
6 0.7824979439051862 0.6708282666205869 0.023901124005409002 0.040662205534962935
6 0.8125939765675045 0.7017955244251353 0.026235783338636055 0.039962801088459086
6 0.7275495512810478 0.35959315545799403 0.023819308004454243 0.03363095553496285
6 0.7098813406270018 0.26727916988596434 0.02687158267027261 0.02749008293962456