1 0.5136840968749999 0.781419065625 0.40878938125 0.9674892249999999 0.6129507875 0.9677555359375001 0.667343584375 0.8567074296875001 0.5136840968749999 0.781419065625
1 0.6255256203124999 0.5889017125 0.53771850625 0.744721290625 0.68456581875 0.8073200015625 0.7526874546875 0.6399915140625 0.6255256203124999 0.5889017125
1 0.47586926875 0.5380251015625 0.3815174953125 0.6526295156249999 0.5006679453125 0.692442159375 0.5780115765625 0.57799804375 0.47586926875 0.5380251015625
1 0.3470587765625 0.9206601093750001 0.47216449374999997 0.731337553125 0.3632936390625 0.6675921203125 0.2203344828125 0.84688438125 0.34303610625 0.9332990203125 0.3470587765625 0.9206601093750001
1 0.21332635 0.624890840625 0.087277575 0.744080671875 0.1797731890625 0.81087746875 0.30859999375 0.6739964984375 0.21332635 0.624890840625
1 0.3335598703125 0.51331639375 0.2389404453125 0.5978390015625 0.3308074109375 0.6450522249999999 0.41850291874999995 0.546880090625 0.3335598703125 0.51331639375
0 0.3107561828125 0.6726559812499999 0.21358601875 0.78423873125 0.2475789078125 0.802441084375 0.340371771875 0.6908426421875 0.3107561828125 0.6726559812499999
0 0.46732541875000005 0.753640371875 0.3812398640625 0.88828135625 0.423314221875 0.919705296875 0.5069955296875001 0.77787965625 0.46732541875000005 0.753640371875
0 0.5434350921875 0.7130401 0.6032901828125 0.61688178125 0.5676682625 0.599740984375 0.5072435 0.6920975484375 0.5434350921875 0.7130401
0 0.421200234375 0.5452766062500001 0.35499043750000003 0.624747990625 0.3865510953125 0.6370133640625 0.45130008593750004 0.5612446531249999 0.421200234375 0.5452766062500001
0 0.2540930484375 0.5793424484374999 0.320429965625 0.5147355890624999 0.289212984375 0.498094978125 0.238010165625 0.5490286453125 0.2540930484375 0.5793424484374999
0 0.10723685000000001 0.717393184375 0.1906584828125 0.6380104640625001 0.1597557953125 0.6133116750000001 0.087037971875 0.6792630984375 0.10723685000000001 0.717393184375
5 0.08492451326132813 0.6598419894845504 0.01290917695960414 0.01471759724103805
5 0.11705505166198793 0.6346848592268256 0.012036998746358751 0.011551653663473082
5 0.1437850362225817 0.612158084012055 0.015412051332783516 0.020309177973732596
6 0.19569922571859819 0.5139795335825136 0.010034229546028861 0.023147572930778536
2 0.7551581084050477 0.7295636742441464 0.00895746285298138 0.012950379353213571
2 0.7414736931239261 0.770185352217879 0.008108016693047481 0.010565685775648781
2 0.7262949740027385 0.8132326673467414 0.011187552586424765 0.009166960085908116
2 0.680781548692487 0.9431558627333285 0.010542694906292737 0.013813516508343327
5 0.6951562857603634 0.8993682411820311 0.009116587226160888 0.01841912935321375
2 0.7054345562143345 0.8761387810961228 0.008130748746358663 0.011346935775648603
2 0.7445652523742684 0.876435352217879 0.00971598079967002 0.012210072930778536
2 0.7580283588007592 0.881989311399276 0.009693248746358662 0.011428822930778538
2 0.7710726134196128 0.6849129155377192 0.008911998746358663 0.011387879353213748
0 0.7476760015624999 0.66895639375 0.7042375953125 0.78019924375 0.7178364187499999 0.7857670359375 0.76033334375 0.674573534375 0.7476760015624999 0.66895639375
0 0.671395790625 0.8667455890625 0.633384271875 0.96448545625 0.654208015625 0.9646797703125 0.68628096875 0.8760142484375001 0.671395790625 0.8667455890625
5 0.039921901820272485 0.6997576605608782 0.009875105172849485 0.017678822930778538
0 0.061705465625 0.5947620765625 0.07846267500000001 0.64988433125 0.1494319015625 0.5940039890625 0.134427840625 0.540610925 0.061705465625 0.5947620765625
0 0.2256934453125 0.50552813125 0.28016256875 0.464289190625 0.2711646171875 0.4302053640625 0.21951929531249997 0.4713068296875 0.2256934453125 0.50552813125
5 0.27961958465237136 0.493932627205507 0.006659176959604096 0.014390048620519024
5 0.25835835009177754 0.5161727973773236 0.009002926959604095 0.014512879353213748
5 0.23461697321131575 0.5338482982818347 0.00891199874635884 0.011387879353213748
2 0.2030176322242312 0.5503707349619946 0.006545516693047393 0.010483798620519024
2 0.19684916640174885 0.8761896065132924 0.008176212852981424 0.012909435775648603
3 0.18139652343749998 0.6287337156249999 0.184062203125 0.6250497453125 0.1929961390625 0.6269470187499999 0.20770612812499997 0.6137573109375001 0.33004565937499997 0.6836327171875001 0.340426128125 0.6742181296875 0.34054299062500004 0.662975934375 0.3322928921875 0.6693220265625001 0.2100564453125 0.6029894359375 0.198449215625 0.6160165546874999 0.192923953125 0.6092096625 0.1832066171875 0.6109016656249999 0.18139652343749998 0.6287337156249999
3 0.21041378281249998 0.6000138390624999 0.2441804625 0.5704497328125 0.2419950890625 0.5563713421875 0.2274328046875 0.544124340625 0.2260824328125 0.5282280796875 0.2875820234375 0.47532978281249993 0.28458908437499997 0.4334992265625 0.2921725890625 0.4195002609375 0.2871592921875 0.4150319984375 0.2772048859375 0.42383290625000003 0.2766792 0.43627928593750004 0.2811702140625 0.468569371875 0.21922738125 0.5214908578124999 0.22054685312500003 0.5515816765625 0.2351091375 0.5638286796875 0.20517713437500001 0.5878694906249999 0.20465139062499998 0.6003158328125 0.21041378281249998 0.6000138390624999
3 0.0859501859375 0.7012510890625 0.0760129296875 0.7106424484375 0.0758789140625 0.721294171875 0.08038024375 0.723423746875 0.08609106562499999 0.7213503453125 0.092142071875 0.7157108765625 0.097749809375 0.7100946359375 0.097048821875 0.7012608046875 0.0951211625 0.696039478125 0.089101084375 0.6874844078125 0.0844451265625 0.6800405859375 0.0752019921875 0.6675148171874999 0.0726077078125 0.6546405984375 0.0728447796875 0.6475317140625 0.072569884375 0.6380841609375 0.0713569296875 0.6269116593749999 0.06927464375 0.6163761062499999 0.0649760515625 0.6059566875 0.059059059375 0.6009444328125 0.051523664062499995 0.6013393453125 0.0436652640625 0.6058907984374999 0.038466409374999996 0.6103028687500001 0.03701981875 0.62161473125 0.037957875 0.6233397 0.0403459890625 0.6291282640625 0.0459709046875 0.6241024953125 0.0505890375 0.6149898781250001 0.055602335937500004 0.6194581218749999 0.056200235937499995 0.6247491375 0.061265075 0.6309887921875 0.056698484375000004 0.641872815625 0.060519440625 0.6511345078125 0.062210028125000004 0.66346471875 0.0664398953125 0.6715222390625 0.07314375 0.6883206953125 0.0859501859375 0.7012510890625
3 0.20806502343750002 0.8091758515624999 0.19645779375 0.8222029703124999 0.19993859375 0.835030728125 0.20963874843750002 0.8327482546875 0.213796459375 0.8230684 0.2185004984375 0.816908171875 0.3628552359375 0.9110587984375 0.3791905515625 0.9232128812499999 0.3757132140625 0.9257606109375001 0.3687619421875 0.9462315515625 0.37829375 0.9534198406250001 0.3876674671875 0.93991840625 0.39484203125 0.9271235921875001 0.387148575 0.9068287796875 0.22507719062499998 0.798822340625 0.21345284062499997 0.8112589874999999 0.20806502343750002 0.8091758515624999
3 0.3087422890625 0.5007376609375 0.30386384375 0.5090585515625 0.3103297921875 0.509525053125 0.31525718281250004 0.5110409296875 0.321359734375 0.50717286875 0.3310083453125 0.503118984375 0.42181804375 0.5421213515625001 0.42423702656250006 0.5337153781249999 0.432916709375 0.542131065625 0.4362943640625 0.551416009375 0.448468565625 0.557874446875 0.4528977109375 0.5422666640625 0.443383084375 0.5356688453125 0.326709725 0.492699565625 0.32553456718749996 0.49808350468749996 0.3202326546875 0.4989527359375 0.316566328125 0.4950052703125 0.310429415625 0.49769239218749994 0.3087422890625 0.5007376609375
3 0.7626913656250001 0.6755844421874999 0.7708681890625 0.6771138234375 0.7785308468750001 0.6540665046874999 0.7701715671875 0.6531724984375 0.7669207296875 0.6560070640625 0.5998023625 0.59460800625 0.5969849828125 0.5894272671875 0.5946423171874999 0.58910599375 0.587307315625 0.5890463578125 0.5857851000000001 0.5940105078125 0.5854806671875 0.6064594343749999 0.5891675203125 0.6071542796875 0.59143278125 0.6048153843749999 0.600099071875 0.6048052515625 0.7625966140625 0.6677785734375 0.7626913656250001 0.6755844421874999
3 0.4932976203125 0.73760991875 0.48017949687500006 0.7671212374999999 0.49065570000000003 0.7728270562499999 0.49303447812499995 0.7629336421875 0.6889639812499999 0.8636738875000001 0.6882493140625 0.873480096875 0.698721628125 0.8782596734375 0.7084947421875001 0.847553171875 0.7006592031250001 0.84174734375 0.6935177046875001 0.8483380859375 0.5006868124999999 0.7509877234375 0.50319459375 0.745527875 0.4932976203125 0.73760991875
4 0.2961918234375 0.9532108203125 0.3211149796875 0.9760510375000001 0.32734647968749997 0.963214065625 0.288114675 0.9357922640625 0.26037653125000004 0.90311369375 0.22580078124999997 0.8956169359375 0.2095428046875 0.8972447109375 0.19200478906250001 0.8748918328125 0.152277128125 0.8304298890625 0.1129100609375 0.7983607375 0.093898103125 0.7853939578125 0.0708385890625 0.7734149515625 0.039260229687499995 0.7688640546875 0.0240073828125 0.7650090375 0.024345439062499998 0.7766273109374999 0.0402698609375 0.7835500578125 0.06352770468749999 0.7823311656249999 0.078825590625 0.7877353359375 0.09446153125 0.804757728125 0.126580821875 0.82789789375 0.153286759375 0.8451158890625001 0.17737847812500002 0.8725554421874999 0.19312710625 0.8934506109375 0.2110212140625 0.9080274890625001 0.23137185625 0.9069609578125 0.257874959375 0.9172079796875 0.27243816249999997 0.937389565625 0.2961918234375 0.9532108203125