6 0.35134704950694207 0.8925872829238763 0.03948523985373029 0.02535535266556721
6 0.312738517039538 0.8727234123116208 0.02550456047058134 0.02963367570596276
6 0.3250242828678506 0.8160786072179136 0.015157395697928955 0.018400659012915453
6 0.32639982223511355 0.7606780533778477 0.01441705600635439 0.020721676959604095
6 0.32473218221922745 0.7098740713245363 0.026149442775829534 0.02184390775927412
6 0.3230509054338663 0.658288839271225 0.01676080600635448 0.02078987311953817
6 0.2885707654179802 0.6065301109788372 0.02767103246740401 0.019545621865896833
6 0.24963495048317202 0.5679162403665815 0.027780126623205437 0.025795621865896835
6 0.2543536781620377 0.5251066147397608 0.012690914772652384 0.01130121285298138
6 0.27413829829242137 0.45072038017916716 0.017555692775829624 0.02159385517284953
6 0.3039252098186629 0.41254443025830945 0.015157395697928955 0.018400659012915453
6 0.33447973457542923 0.37360996239076305 0.03637387662320544 0.02604567445232169
6 0.3525478961016707 0.33509303167023524 0.03076875892845372 0.018074050079142267
6 0.3768387840889619 0.29519545737619807 0.025972164772652385 0.011687657759274295
6 0.4013069500794303 0.26545413308216104 0.015843188311602675 0.012954641066226813
6 0.428146139608849 0.23734350494805795 0.026957966314779824 0.023429139812585563
6 0.4470637349824663 0.20275555628084146 0.022079551542127616 0.012355247492717502
6 0.4653364480508354 0.1759573755603136 0.011196598620028198 0.015161998746358752
6 0.34840546144022067 0.6793287649771879 0.025231825081077908 0.014008675705962759
6 0.3753225174465751 0.7004141547897733 0.02605398538950343 0.016375157759274117
6 0.3718662808392557 0.7260817445232167 0.01766478693163096 0.02784385517284953
6 0.35154982669934043 0.7699992290838105 0.018473310470581338 0.029429087226160888
6 0.40226684699187987 0.723062044602359 0.0346340986200282 0.01584396034569906
6 0.4259810365212986 0.6948604882550106 0.04085682508107791 0.014463316772189571
6 0.6958452974783472 0.8112513325408003 0.03855398538950343 0.016738870612255853
6 0.7436885081110842 0.8680840057394807 0.02144830600635448 0.020926265439405966