2 0.9158365142725329 0.9180331049176893 0.0369756151776464 0.0402901833024444
2 0.8431568012856354 0.720116449290059 0.040554379445670106 0.033395342558271326
2 0.8165986093911874 0.6539656596343454 0.04037244292790554 0.029489092558271323
2 0.7491307812266437 0.4948659673462263 0.04952911910658777 0.02512897477225664
2 0.7663975179920772 0.39208570772757956 0.03490369292790554 0.02929811960011346
2 0.7207661484712047 0.26654255990449777 0.03888271753501123 0.030997028855940557
2 0.6958967351128038 0.21437242469528775 0.03624786910658777 0.024665183302444226
2 0.6573501195208726 0.10418145836055168 0.038591619106587774 0.024747028855940545
2 0.4820332882559569 0.23432037006344952 0.0348309183207995 0.02773561960011346
2 0.5178722808123588 0.35240568195168187 0.03085189371369381 0.026036710344286274
2 0.5314788624915593 0.37844982677953876 0.04168023180303493 0.02407490626060227
2 0.5696423343697967 0.5136135112631093 0.03848245719592924 0.022403278855940557
2 0.5323199627820095 0.5780951627143882 0.044205918320799495 0.028063001814098598
2 0.5824547417323416 0.7409200557281466 0.03653896753501122 0.030915183302444405
2 0.590828013858248 0.778846641662996 0.030997442927905537 0.029161710344286183
2 0.6461939483090982 0.9633282798674309 0.04413314371369381 0.026500501814098597
2 0.3691458364367114 0.330300047375444 0.03599315798171734 0.019196433302444228
2 0.42517955087135073 0.5841765263240518 0.030669957195929066 0.02213046034428636
2 0.31760033726528086 0.6331720762313846 0.036138707195929064 0.022321433302444228
2 0.26834100765299507 0.4180579969199571 0.029180231803034928 0.02363839664195542
2 0.39514314040843407 0.6429438911148418 0.025055657981717338 0.01881448738612832
2 0.42970857734048346 0.7883729530030742 0.03230523180303493 0.02374752404661713
2 0.4370287717161309 0.8154166026402544 0.027163967535011223 0.03058780108845909
2 0.29811182093034266 0.8171477721477005 0.043951207195929064 0.022594251814098597
2 0.2812582688206468 0.7100991639803326 0.03255994292790545 0.02921627404661713
2 0.31048123428874347 0.8697544169755573 0.03679367865988183 0.0363839333024444
2 0.3272256244877806 0.9791467751429256 0.02650899607105863 0.016525301088459086
2 0.4617461737019923 0.9713292967424719 0.0212221825888232 0.020240578130301046
5 0.47197769975233095 0.08179557078908897 0.04022689371369381 0.026364092558271414
5 0.41143615198586136 0.14240817777533063 0.03266910483856411 0.03156002404661713
5 0.3650855368082149 0.18302574329176005 0.04011773180303493 0.024020342558271412
5 0.3142464747737216 0.23627971806401654 0.044205918320799585 0.028063001814098508
5 0.2850105849889693 0.27785958285480655 0.03475814371369372 0.02617311960011337
5 0.2425662198113229 0.3183407391154088 0.042298815963434676 0.03735615626060227
5 0.20368350227631157 0.3493377679713493 0.03490369292790545 0.02929811960011337
4 0.2365613796875 0.36752199218750004 0.209739984375 0.385172459375 0.2272365609375 0.40823940781249995 0.2783694578125 0.386954325 0.3391278359375 0.3583690125 0.37038421875 0.3252426484375 0.39867586875 0.3158977609375 0.412801315625 0.291726546875 0.4484277125 0.2445193765625 0.4759638578125 0.2115229296875 0.4914296046875 0.198447471875 0.5428224109374999 0.17158203125 0.549377428125 0.150460821875 0.5768485953125 0.11885946249999998 0.5959696046875 0.10704917968750001 0.6265112375 0.08926880000000001 0.64018184375 0.07486320937499999 0.6710483640625 0.050107382812500004 0.6588072578124999 0.0338210078125 0.6251951609375 0.037780409375000004 0.58466240625 0.0308389234375 0.5082841 0.1156825046875 0.4345456421875 0.18372006093749998 0.40527933281250006 0.2139912875 0.37049764375 0.24306229531249998 0.3413612890625 0.27054334375 0.30272940625 0.30253444375 0.2809035734375 0.33254584375 0.2365613796875 0.36752199218750004
1 0.5483554640625 0.5711282171875001 0.685956971875 0.966062471875 0.8929500062500001 0.9476915546875 0.7998944625 0.7127688671875 0.7158146265625 0.48449684218750005 0.5483554640625 0.5711282171875001
1 0.74131994375 0.4153579859375 0.6362424515625 0.1195710234375 0.5056607843750001 0.211878709375 0.5963771453125 0.4970246125 0.74131994375 0.4153579859375
1 0.440616190625 0.9704515015625 0.3703203859375 0.6455935296875001 0.2958264234375 0.6899795234375 0.3510055890625 0.9805448718750001 0.440616190625 0.9704515015625
1 0.40069130937499997 0.5916057859375 0.3528634203125 0.34256833124999997 0.283300040625 0.40071034843750003 0.32126676249999997 0.6222357578125 0.40069130937499997 0.5916057859375
3 0.4806287578125 0.9389607078125 0.5098190265625 0.9339197671875 0.43779219999999996 0.6613579078125 0.4937006765625 0.6352759703124999 0.5207425999999999 0.630310053125 0.608792978125 0.9272462421875 0.623169971875 0.9178966781250001 0.5257662109375 0.5915273140624999 0.4139867828125 0.64288555625 0.4806287578125 0.9389607078125
3 0.55358656875 0.5237973296875 0.4827324953125 0.2721068109375 0.472989896875 0.27405566875 0.541658103125 0.5266268390625 0.55358656875 0.5237973296875
3 0.4319424265625 0.53367546875 0.45025042812500005 0.578078003125 0.49700268281250004 0.5643805921875 0.48919728124999995 0.5477624640625 0.5122802203125 0.5356959265625 0.48711443593750003 0.5003803796875 0.4319424265625 0.53367546875