6 0.6895715965636695 0.4126189517371298 0.027954581637205676 0.027490082939624516
2 0.6631828369527311 0.45487093912325793 0.021008540818602837 0.013990578130301046
2 0.651061295229617 0.49272560318840863 0.021295145861557074 0.019459328130301046
2 0.6460562126879001 0.5435886987419047 0.01862384724103805 0.013127482576804895
2 0.6424498558359236 0.5975222305930703 0.024420145861557073 0.019568455534962937
2 0.6387173462249851 0.6389830442954011 0.01632104081860284 0.013826887023308565
2 0.6341659650627494 0.696068857997732 0.028657266508343326 0.011138396641955418
2 0.7608712279530481 0.7782042570019401 0.023229460085908295 0.011728673683797375
2 0.8027212132537269 0.7385316325925032 0.014676653663472993 0.01220982332097762
2 0.8071497636832682 0.6837895688901725 0.015253185775648692 0.008330855172143003
2 0.8090674677762827 0.6174378825925032 0.016938516508343326 0.010729168874474126
2 0.8181458966545264 0.5781298459320144 0.01767882293077818 0.00997520072563951
2 0.8198588828597166 0.5156844096343453 0.023557008706427497 0.017978673683797373
2 0.8288521025565633 0.46312240482502187 0.01553979081860284 0.013799605172143181
2 0.7953335956591584 0.4331000881274661 0.010071040818602838 0.01360863221398514
2 0.7462786199694178 0.4316938447508881 0.016198210085908292 0.011483137023308564
5 0.6929079585040286 0.43823651063013713 0.01784259724103805 0.01310020072563951
6 0.524175647897722 0.3396328634400276 0.01903328301668683 0.020939982576804895
6 0.3942933960886997 0.39251730517999234 0.02335229081860284 0.014072423683797375
6 0.3951598552700967 0.4057439914776615 0.026313516508343328 0.011056551088459089
6 0.29248855664957774 0.41556791398033255 0.027299484396167806 0.014990082939624472
6 0.29331407225341 0.4295758502780017 0.038772572930778536 0.01071181070710594
6 0.2159260566495777 0.41824153539454445 0.031410452283992106 0.019032742195451747
6 0.38186755992893806 0.5403372462869849 0.026763895861557075 0.01965030108845909
6 0.3706733531223902 0.6795361555428121 0.029312363749381377 0.023638396641955238
6 0.2719049824756038 0.6744072006408214 0.01751172659425162 0.021666668874474125
6 0.2777975356186786 0.5470907324919868 0.030915807326946255 0.024474210344286186
6 0.36552442842801786 0.8224230599893158 0.0312024123699004 0.02994296034428636
6 0.2644089857549642 0.8025594824919867 0.0351086623699004 0.030079369600113547
2 0.6526935577812315 0.8038168706116038 0.04830802521477064 0.028980661069925518