2 0.57578125 0.509375 0.03828125 0.0203125
2 0.42890625 0.6328125 0.03828125 0.01875
2 0.38046875 0.6765625 0.03984375 0.0125
2 0.2921875 0.75390625 0.03515625 0.02109375
2 0.29140625 0.7890625 0.03671875 0.015625
2 0.2265625 0.84140625 0.0421875 0.01796875
2 0.20234375 0.86171875 0.03359375 0.02109375
2 0.1546875 0.89921875 0.0328125 0.0265625
2 0.409375 0.25 0.040625 0.0140625
2 0.29453125 0.4125 0.03515625 0.02734375
2 0.2765625 0.4375 0.046875 0.03046875
2 0.196875 0.54609375 0.0328125 0.01875
2 0.165625 0.659375 0.03359375 0.02578125
2 0.14453125 0.68125 0.03359375 0.01796875
2 0.1 0.7328125 0.03125 0.02578125
2 0.29453125 0.09765625 0.03515625 0.02578125
2 0.21875 0.26015625 0.03671875 0.02890625
2 0.20078125 0.2828125 0.0453125 0.02421875
2 0.13203125 0.40234375 0.046875 0.0203125
4 0.08198518125000001 0.88416776875 0.10601532031250001 0.9180926703125 0.12297777031249998 0.8979497593750001 0.137113146875 0.87568654375 0.1201506953125 0.8152578109374999 0.1031882453125 0.767550915625 0.08481225625 0.707122184375 0.08905286875 0.671076975 0.0706768796875 0.6339716125 0.05795504218750001 0.6170091625 0.052300890625 0.588385025 0.043819665625 0.5502195109375 0.028270753125 0.5194750671875 0.002827075 0.5608210421875001 0.0296842890625 0.6742574343750001 0.0650227296875 0.8216187296875 0.08198518125000001 0.88416776875
3 0.1682109734375 0.435722965625 0.1653838984375 0.4749486328125 0.138526684375 0.489790778125 0.117323621875 0.5184149140625001 0.1696245125 0.5194750671875 0.2007223390625 0.5162946078124999 0.227579553125 0.4834298578125 0.2374743171875 0.448444803125 0.21203063906250003 0.4685877140625 0.1837598875 0.44738464999999994 0.1781057375 0.40921913437499996 0.2021358765625 0.3816551515625 0.23040662968749998 0.3286474921875 0.25585030625 0.2820007515625 0.2827075203125 0.2417149296875 0.305324121875 0.1993088015625 0.3237001109375 0.17174481875 0.2897752078125 0.1579628265625 0.2501961546875 0.22369232499999997 0.179519275 0.3519708625 0.1512485234375 0.40921913437499996 0.1682109734375 0.435722965625
3 0.23182016718749998 0.4770689390625 0.27988044375 0.41664020625 0.3335948734375 0.3381888703125 0.3830686890625 0.272459371875 0.3632791625 0.266098453125 0.3208730359375 0.3191061140625 0.27139921875 0.3911965296875 0.214857715625 0.46752756093750003 0.23182016718749998 0.4770689390625
1 0.43395604375 0.274579678125 0.18941403750000002 0.572482728125 0.2756398328125 0.7357463203125 0.589445178125 0.46010648749999994 0.43395604375 0.274579678125
1 0.2049629515625 0.63185130625 0.10036116875000001 0.754829078125 0.14135376093750002 0.8767466953125 0.27139921875 0.7845133671875 0.2049629515625 0.63185130625
1 0.22051186562499997 0.03498505625 0.08057164375 0.27988044375 0.12439130937500001 0.3699934671875 0.28553459531250003 0.091173175 0.22051186562499997 0.03498505625
1 0.05795504218750001 0.568242115625 0.145594371875 0.44314403750000003 0.10036116875000001 0.363632546875 0.028270753125 0.487670471875 0.05795504218750001 0.568242115625
1 0.7046875 0.44140625 0.046875 0.02578125