5 0.3561897578125 0.47027725781249996 0.23474296093749997 0.4132830046875 0.221648959375 0.4605899546875 0.3334803703125 0.51780800625 0.3561897578125 0.47027725781249996
5 0.3562726328125 0.45603224375 0.371002346875 0.4029899890625 0.253553671875 0.3473269875 0.243648225 0.3974083390625 0.3562726328125 0.45603224375
5 0.37271264843749996 0.3844341703125 0.3978921796875 0.3254514625 0.278097671875 0.2598729015625 0.2664984984375 0.32566106562499997 0.37271264843749996 0.3844341703125
5 0.406021025 0.305321940625 0.42234501562500004 0.2536668875 0.304277384375 0.16668350625 0.2766525703125 0.23284467343749998 0.406021025 0.305321940625
5 0.43225875 0.20216103749999997 0.45909057343750004 0.1345940171875 0.32417115625 0.052275790625 0.3005361765625 0.12119271093749999 0.43225875 0.20216103749999997
5 0.48011451875000005 0.101345584375 0.5110190484375 0.022289303125 0.35563663125 0.014511401562500002 0.48011451875000005 0.101345584375
5 0.63147919375 0 0.6014644703124999 0.0372758671875 0.74985650625 0.14491806875 0.79274711875 0.0712800421875 0.6453233578125 0 0.63147919375 0
5 0.677920840625 0.2534155296875 0.7200184562499999 0.1783716515625 0.5882958828125 0.0974033265625 0.5614557734375001 0.166394846875 0.677920840625 0.2534155296875
5 0.620615440625 0.3259647546875 0.648983525 0.2697564484375 0.540448403125 0.196794278125 0.5136165828125 0.264361296875 0.620615440625 0.3259647546875
5 0.5729088484375 0.40113918125000003 0.602086503125 0.343487721875 0.496615621875 0.29466747656250003 0.46989153906250003 0.343715978125 0.5729088484375 0.40113918125000003
5 0.534057796875 0.46898595 0.5487377875 0.42449070468750005 0.458574140625 0.3610710953125 0.44302656875 0.4169810015625 0.534057796875 0.46898595
5 0.5008820203125001 0.5253061578125 0.516313565625 0.48933927187500004 0.43002373125000004 0.448618434375 0.41545147968749996 0.4745951609375 0.5008820203125001 0.5253061578125
5 0.4686152625 0.5630891953125 0.4791645296875 0.5400547234374999 0.3976823859375 0.4992219859375 0.38866938281249996 0.53361516875 0.4686152625 0.5630891953125
0 0.572865671875 0 0.3560732609375 0.524837678125 0.3635850296875 0.5313675953125 0.5829461546875 0 0.572865671875 0
0 0.50785565 0 0.7487136 0.1915107546875 0.753830984375 0.1799214640625 0.522236215625 0 0.50785565 0
0 0.6882732078125 0.270003853125 0.3062678359375 0.0017829359375 0.30306309531250003 0.0119146609375 0.68400509375 0.283531346875 0.6882732078125 0.270003853125
0 0.6360861390625 0.3512450203125 0.276485653125 0.12298880000000001 0.27406255 0.1342126140625 0.632304875 0.3610882953125 0.6360861390625 0.3512450203125
0 0.5894177359375 0.425312534375 0.2514999625 0.2298848671875 0.251053971875 0.24455249375000002 0.5890705546875 0.435604809375 0.5894177359375 0.425312534375
0 0.5519146109374999 0.4838022421875 0.2376539109375 0.31884856093749997 0.23363843750000002 0.33359926875 0.55335785 0.49506499843749996 0.5519146109374999 0.4838022421875
0 0.5164985703125 0.5489682015625 0.5200567046875 0.5375512078125 0.22111784218750002 0.3918217171875 0.2187028609375 0.40164941875000004 0.5164985703125 0.5489682015625