6 0.5252752028567148 0.2492655689572921 0.02746484734092931 0.029506315254479176
6 0.49340357657659045 0.2860745847248615 0.02521210260260105 0.031014263867708357
6 0.31200238715640394 0.33817867933027806 0.03839464206513998 0.04302395459715278
6 0.19832702403045915 0.3691721465608683 0.03017261838761658 0.035810866641249994
5 0.4074906504517578 0.4851283741437851 0.04340836575678071 0.03533874116628475
5 0.28189911625089087 0.49237521684934055 0.02443085260260105 0.030996080072118026
5 0.19881360046587532 0.49513523451677105 0.03739358418674956 0.02583645459715278
6 0.4800349664344175 0.6902172240675352 0.03955532366340595 0.022766005983923775
6 0.5118996164626524 0.7206866272779171 0.029535581555913737 0.024873366641249995
6 0.30349485323788555 0.6454281348773614 0.02797308155591365 0.02483699905006951
6 0.18689118216296333 0.6192448817432293 0.02659259207925735 0.027925631458888843
5 0.12289584257336754 0.4957151563445141 0.017589318401734035 0.020694359707395905
5 0.6428674373540479 0.5539738655944102 0.02121484734092931 0.029360844889756876