2 0.27486283540325407 0.4459359747331252 0.01631635876750561 0.015207425911805572
2 0.26953748056468985 0.4763138057551739 0.013790672249741042 0.011246624525034577
2 0.25881399628045554 0.5386319677992711 0.01415454528527027 0.019059124525034575
2 0.4165879549241267 0.5767164620996879 0.01869649607105863 0.01604322729857639
2 0.4379407241545491 0.5044784393982643 0.018514559553293886 0.01213697729857639
2 0.4440644456185018 0.4905432259673962 0.008884848428423454 0.00645002175149294
2 0.5481996739068801 0.6055889573500352 0.011446922249741042 0.011192073138263935
2 0.5779642566195378 0.5374572064001046 0.016352746071058633 0.015988675911805573
2 0.5880670026905964 0.5220504119471879 0.01468108416039975 0.013608558320624908
2 0.6870503122438902 0.5126228201915631 0.021149407981717338 0.018441528685347208
2 0.7398820597626908 0.5537394358828825 0.012555657981717516 0.01824150693385427
2 0.7215665533525502 0.5775581423798964 0.014190932588823202 0.019840374525034753
2 0.6902223540145039 0.6292290919430561 0.010920383374611476 0.016642639342673606
2 0.669396123659211 0.70695404844007 0.012519270678164496 0.01746025693385427
2 0.6431396846602471 0.7501403507767714 0.014535534946188023 0.010483558320624909
2 0.6312561147678709 0.7701982776385075 0.014008996071058632 0.015934124525034576
2 0.6029106368937773 0.8078612785884381 0.015353172249740865 0.011282992116215241
2 0.475513382964836 0.7892541361116324 0.0173159325888232 0.019913109707395904
2 0.49797273387445873 0.7436331647969796 0.01709760876750561 0.015225609707395903
2 0.5041328426419643 0.7289167013661115 0.017769696856846907 0.012900043502986236
2 0.5316799538906694 0.6748110828250005 0.015498721463952769 0.01440799211621524
2 0.401667122211469 0.6451937051658337 0.013754284946188022 0.010465374525034755
2 0.3785527998378934 0.7048771764804865 0.014790246071058633 0.015952308320624907
2 0.3731739410703878 0.7196118237069448 0.018514559553293886 0.01213697729857639
2 0.35674626633944745 0.7700657653863198 0.01869649607105863 0.01604322729857639
2 0.21624969892827064 0.7472432483844794 0.016243584160399747 0.013644925911805572
2 0.22624543714144635 0.7005500863403821 0.015353172249741042 0.011282992116215241
2 0.23276941894448128 0.6780211229095141 0.018732883374611476 0.016824477298576567
2 0.24714444210384512 0.6212626298433683 0.02274829528527027 0.01925914627652787
2 0.28824905500517994 0.22569620991548636 0.014227319892376222 0.020621624525034753
2 0.3466844472711316 0.14650032560680587 0.016425520678164496 0.01755117591180557
2 0.40160738771783766 0.1595101250937156 0.02118579528527036 0.01922277868534721
2 0.45329616625388497 0.1747909393982643 0.014826633374611476 0.016733558320624998
2 0.5066202193970382 0.1885456212939935 0.01493579528527036 0.019077308320624996
2 0.7936792636488511 0.2718724932535771 0.018623721463952768 0.01448072729857639
2 0.748912573202145 0.25909908310934093 0.016243584160399747 0.013644925911805572
5 0.4206270614153208 0.20453233757465314 0.019696069892376045 0.020748911094166635
5 0.5008218296122858 0.22907970231604208 0.018732883374611476 0.01682447729857639
5 0.7958025357747576 0.31024466223152847 0.01493579528527018 0.019077308320624996
5 0.8669861770072519 0.3267613214258341 0.019696069892376045 0.02074891109416672
1 0.30626042287342276 0.6953735834905906 0.11565073283649223 0.12053266517822933
1 0.564779244213541 0.7365850374221533 0.09502786372990428 0.09664057028847228
1 0.6457317994236087 0.5601511304120492 0.0913570541766104 0.08484908510611114
1 0.3475704352794196 0.496900369109792 0.13894052956950453 0.08439579663711819
4 0.433304678125 0.668700646875 0.422508796875 0.6900033421875 0.43135207500000006 0.6930830359375 0.43655367500000003 0.677876834375 0.44705985625 0.6627940984375 0.47553537187500006 0.6390290359375 0.499959646875 0.62331229375 0.5197325125 0.6022185375 0.527634434375 0.5904280265625 0.521172571875 0.58884069375 0.50731289375 0.605761284375 0.4877628703125 0.6220704546875 0.45151221875 0.646133525 0.433304678125 0.668700646875