6 0.3511896791428468 0.4796100389635211 0.03221374116628475 0.041951720779006864
6 0.3665412689986106 0.5246361668045425 0.03304954255305557 0.04430910754848192
6 0.5339813825057286 0.6115207378284306 0.038300087005972115 0.0350295649348082
6 0.6742232163775689 0.6926325957839496 0.026672255983923598 0.03873126339268076
6 0.7735861303215271 0.7518109525216528 0.03212282218833344 0.038045470779006864
5 0.7033814266743048 0.8155109882354677 0.03486596248093754 0.021693767856907444
5 0.597477572000902 0.7689417256535661 0.02803473423243048 0.030164786931630872
5 0.4978237173274994 0.722263368915863 0.027925631458888843 0.02547728693163087
6 0.24925893075836747 0.732068611608967 0.019459168028020814 0.03079603246740419
6 0.2742043793715966 0.7339759849857617 0.022766005983923598 0.03866307954530477
6 0.41978832988468684 0.7868810223244296 0.024237587005972294 0.03478410308425524
6 0.5436427507624992 0.8339178892084025 0.03052395459715278 0.036455697240056394
6 0.6371557082094437 0.8760178401019069 0.0274535059839236 0.038744900162155815
5 0.3797289871791314 0.6626310446455641 0.03668303561920148 0.03265854139585791