2 0.03828125 0.275 0.02734375 0.01328125
2 0.12421875 0.278125 0.01953125 0.01796875
2 0.2046875 0.28046875 0.03046875 0.015625
2 0.415625 0.28515625 0.021875 0.0140625
2 0.50234375 0.28671875 0.01484375 0.01015625
2 0.58359375 0.28671875 0.0203125 0.01484375
2 0.68671875 0.2890625 0.0171875 0.01328125
6 0.371875 0.28984375 0.02265625 0.01953125
5 0.265625 0.21015625 0.01796875 0.015625
3 0.2655865625 0.31793062499999997 0.29219085 0.31543874375000003 0.29219085 0.30297942187500004 0.291359496875 0.29176600937499997 0.288865328125 0.2718310640625 0.28470834218749996 0.25501096562500003 0.2661389875 0.2565290984375 0.2655865625 0.2693392046875 0.2664179703125 0.286159303125 0.26475520937499997 0.300487540625 0.2655865625 0.31793062499999997
3 0.32544618125 0.49859101250000004 0.324614828125 0.50918148125 0.3570386953125 0.506066634375 0.37616047343750003 0.3222913796875 0.37283495312500003 0.300487540625 0.33459139375 0.30547128125 0.3337599296875 0.320422484375 0.35205035625000003 0.31543874375000003 0.342073790625 0.50232884375 0.32544618125 0.49859101250000004
3 0.5382802546875001 0.63282879375 0.5840063203125 0.5138421140625 0.5989711140625 0.512596184375 0.6014652828125 0.501382771875 0.5687513265625 0.502687321875 0.519989828125 0.6378125156250001 0.5449312984375 0.6403044171875 0.5474254671875001 0.63345178125 0.5382802546875001 0.63282879375
3 0.2813828203125 0.6266990828125001 0.278057296875 0.510204284375 0.29468501874999997 0.5108272484375 0.29385355468749996 0.49587603593749996 0.263396278125 0.496516225 0.2664179703125 0.6360436 0.29219085 0.636666565625 0.295516371875 0.6260761171875 0.2813828203125 0.6266990828125001
3 0.35205035625000003 0.7265737234375 0.36119556875000003 0.7259507593750001 0.3603642171875 0.7153603109375 0.34373660781250004 0.7153603109375 0.34789348124999997 0.631259778125 0.34290514375000003 0.6268990015625 0.31796367187499996 0.625653071875 0.3310497921875 0.634337403125 0.32877170312500004 0.722212946875 0.3370855640625 0.7265737234375 0.3470621296875 0.727819653125 0.35205035625000003 0.7265737234375
3 0.1084551765625 0.7209670171875 0.1259142515625 0.7247048281249999 0.14420467812499999 0.7209670171875 0.14420467812499999 0.7159832765624999 0.12009455937499999 0.7147373453125 0.09681585000000001 0.6231612125 0.06592115625 0.622680884375 0.066886040625 0.6300138484375 0.0768626625 0.634374625 0.1084551765625 0.7209670171875
3 0.146554509375 0.7571355375000001 0.2632810734375 0.760737028125 0.266027571875 0.7303815890625 0.3106582453125 0.7272945953125001 0.3154646421875 0.7185481125 0.29486585625 0.7170046109375 0.25847467812499997 0.71957710625 0.2522949859375 0.7499325546875 0.1403748640625 0.74941805625 0.132135321875 0.7787444921875 0.1148476453125 0.7775880234375 0.11840278125 0.787490984375 0.1314487203125 0.7859474921875 0.1444946109375 0.7823459921875 0.146554509375 0.7571355375000001
3 0.46652253281249995 0.79049543125 0.48712132031250005 0.7889519218750001 0.48986791093750004 0.7822634374999999 0.47407542812500003 0.78071994375 0.476135325 0.7683719703125 0.476135325 0.73081353125 0.48643471875 0.731328028125 0.48849461562499996 0.7230960515625 0.467458034375 0.7220915265625 0.4644626359375 0.7591109796875 0.460342934375 0.7750604546875 0.4617161375 0.78329243125 0.46652253281249995 0.79049543125
5 0.37578125 0.1921875 0.02890625 0.01640625
3 0.5777560546875 0.306637815625 0.591488640625 0.300978325 0.662211190625 0.304065328125 0.6574047953125 0.32155829375 0.6807500796875 0.32155829375 0.6834965796875 0.311268309375 0.6814367734375 0.305094321875 0.6814367734375 0.29428984062499997 0.57569625 0.292746346875 0.548917771875 0.29428984062499997 0.5420514796875 0.29017384375 0.522577003125 0.28831279374999996 0.51870619375 0.3107538125 0.5372450828125 0.3097248171875 0.53999158125 0.305094321875 0.5777560546875 0.306637815625
5 0.49921875 0.21953125 0.01640625 0.01171875
2 0.4484375 0.21953125 0.01640625 0.0109375
2 0.47265625 0.22421875 0.0171875 0.0171875
2 0.53125 0.26953125 0.03515625 0.0140625
2 0.3421875 0.25078125 0.02265625 0.03203125
5 0.31953125 0.284375 0.0171875 0.01640625
0 0.6211360125 0.31120687187499996 0.39430747187500004 0.3064988203125 0.3897671265625 0.331555225 0.6211360125 0.3364388125 0.6211360125 0.31120687187499996
0 0.22900386250000002 0.295742121875 0.019237429687499998 0.28768559374999997 0 0.3226019390625 0.2311763328125 0.329927334375 0.22900386250000002 0.295742121875
3 0.015283390625 0.4951559171875 0.0185421328125 0.5065509828125 0.0402669125 0.5041091890625 0.046784323437500004 0.4927140953125 0.042439382812499996 0.4919001640625 0.0025145609375 0.372793046875 0.000076096875 0.425971534375 0.0207146046875 0.4951559171875 0.015283390625 0.4951559171875
6 0.28203125 0.775 0.01953125 0.01640625
5 0.159375 0.7421875 0.0125 0.00859375
5 0.196875 0.74296875 0.0140625 0.009375
5 0.23671875 0.74296875 0.0125 0.00859375
5 0.37109375 0.7453125 0.0109375 0.00859375
5 0.4109375 0.74609375 0.0125 0.01171875
5 0.45078125 0.7484375 0.00859375 0.0125
5 0.50234375 0.74765625 0.0125 0.009375
0 0.458935196875 0.7557689453124999 0.359644375 0.75447895625 0.365982996875 0.783629103125 0.458935196875 0.78720090625 0.458935196875 0.7557689453124999
0 0.2415700484375 0.765412840625 0.14892296875 0.764700515625 0.14623445 0.788629653125 0.24014003437500003 0.78720090625 0.2415700484375 0.765412840625
0 0.463225334375 0.7161217984375 0.36488620156249996 0.715558396875 0.3612162 0.7379098640625 0.462748609375 0.7404101390625 0.463225334375 0.7161217984375
0 0.24443010781250002 0.7132643437499999 0.14814115625 0.7125499828125 0.1467111421875 0.7364811421875 0.24633684687500002 0.7371955031249999 0.24443010781250002 0.7132643437499999
0 0.2611138359375 0.619153678125 0.1027948984375 0.6180604328125 0.1061934921875 0.64094174375 0.26397392656249996 0.642370465625 0.2611138359375 0.619153678125
0 0.511846503125 0.6252257578125 0.3507332703125 0.6204192546875 0.346915871875 0.64415638125 0.5046962749999999 0.6491569187499999 0.511846503125 0.6252257578125
0 0.5595142859375 0.491225384375 0.3664596578125 0.4894394765625 0.360739540625 0.52372890625 0.548550709375 0.5258719875 0.5595142859375 0.491225384375
0 0.25444036406250004 0.4851533 0.0587635609375 0.48046249999999996 0.065675871875 0.5180139953125 0.25634707031250004 0.52122863125 0.25444036406250004 0.4851533
1 0.3416020921875 0.3401300734375 0.0045677109374999995 0.33467663281250004 0.043449096874999996 0.47636649531249997 0.3375097890625 0.48118514687499997 0.3416020921875 0.3401300734375
1 0.6812108515624999 0.348891259375 0.38450675 0.34335544375 0.36610409375 0.480747075 0.62158024375 0.48863214531250004 0.6812108515624999 0.348891259375
1 0.5561035578125 0.5335953390625 0.29126418125 0.52802124375 0.290104315625 0.6146362937500001 0.526872846875 0.6185788156250001 0.5561035578125 0.5335953390625
1 0.2579505640625 0.5261483265625 0.026399742187500002 0.5231996828125001 0.050997375 0.6133221062499999 0.2626274984375 0.6133221062499999 0.2579505640625 0.5261483265625
1 0.3216734734375 0.648209946875 0.1061162234375 0.6432565625 0.12173558749999999 0.7104143484375001 0.3240119203125 0.711728521875 0.3216734734375 0.648209946875
1 0.5508419921875001 0.6521524750000001 0.356837415625 0.6485602796875 0.3573348953125 0.7134807671875001 0.5239498078125 0.7187374765625 0.5508419921875001 0.6521524750000001
5 0.42109375 0.8484375 0.01796875 0.01171875
5 0.39375 0.8484375 0.01484375 0.01171875
5 0.3671875 0.84609375 0.01640625 0.01328125
5 0.21796875 0.84609375 0.01953125 0.0140625
5 0.1890625 0.84765625 0.02265625 0.0125
5 0.4390625 0.8015625 0.01640625 0.0125
5 0.4078125 0.79921875 0.0125 0.01328125
5 0.3796875 0.7984375 0.01640625 0.01328125
5 0.21953125 0.79609375 0.01484375 0.0140625
5 0.18984375 0.79609375 0.025 0.0140625
5 0.1578125 0.79609375 0.01796875 0.009375