2 0.7566541831328083 0.646549914104807 0.02695436960011328 0.034644255437207505
2 0.8030778045470202 0.5717700899982499 0.029779269237293703 0.026177839429596263
2 0.8373089608076224 0.5324820969183321 0.025282742195451745 0.03145558844101295
2 0.9076710792266095 0.4219066942565938 0.03452133293962447 0.027931340418179396
2 0.5966889392080761 0.3881113785158127 0.025146332939624472 0.027549338441013038
2 0.5499081645284868 0.5403304531166613 0.029980165879248944 0.05427100593149916
2 0.5204711464723194 0.6439674476794538 0.022457842558271324 0.03992200444862419
2 0.675565385039574 0.7058347307969901 0.018650796279135663 0.020263420456235436
2 0.6459671650766409 0.7468762248654912 0.019977683302444225 0.035920253954332716
2 0.49313483095589 0.6874481922422464 0.02900794292109108 0.048770422433401885
2 0.476971628416152 0.747031439276497 0.023665678493120977 0.02982942144481875
1 0.62411468125 0.7551821453125 0.8814068109375001 0.41597602499999997 0.618118290625 0.38852959375 0.49924972656250005 0.741735165625 0.62411468125 0.7551821453125
2 0.28298355935634356 0.5443189802655175 0.026899805897782514 0.033081755437207504
2 0.28868543313280826 0.6274816487445867 0.0293799651536097 0.037083505931498985
2 0.3015103261465666 0.6858989852084335 0.02191220553496276 0.024297004448624194
2 0.3073858147138212 0.7416860701894054 0.022611609981466517 0.021985087946721472
2 0.12788928767197918 0.7288956156270504 0.019759428493120845 0.029670253954332714
2 0.10668889946754427 0.6638781106841345 0.03402282513507622 0.058336423421985015
2 0.054174023876981094 0.621837849315428 0.021966769237293682 0.025859504448624192
2 0.018757368249351026 0.5382467579086654 0.029779269237293692 0.026177839429596263
2 0.269327831040708 0.35286630931499047 0.029717271051392213 0.06908292243340189
1 0.2869923359375 0.7484113984375 0.256126978125 0.525636978125 0.0355744078125 0.5305820203125 0.1453912765625 0.7356756609375 0.2869923359375 0.7484113984375
1 0.2544327796875 0.4545154 0.242360546875 0.321670715625 0.000925821875 0.296507946875 0.035068926562500005 0.45532931718749997 0.2544327796875 0.4545154
3 0.5298710375 0.5228593203125 0.5380948890624999 0.4967238625 0.5538624421875 0.46392985 0.5652637890625 0.4365306765625 0.5633980109375 0.40023178593750003 0.5381238109375001 0.40616787656250003 0.51512679375 0.46653105312500004 0.5052284046875 0.5107097140625 0.5058083015625 0.5539221453125001 0.48324852187499995 0.601764453125 0.4610546515625 0.6092192453124999 0.45843431093750003 0.6244375328125 0.4717014328125 0.6333372484375 0.46592634374999997 0.6790771078125 0.45255897031250003 0.7328667265625 0.46660340624999996 0.7195071234375 0.4741729421875 0.6821995046875 0.48169389687499997 0.6462830953124999 0.5000559609375 0.6289198593750001 0.5082312296875 0.6041756078125 0.5189296796875 0.5669954828125 0.5298710375 0.5228593203125
3 0.35542932656250004 0.4934603734375 0.356109475 0.47398346562500004 0.353903621875 0.4474230296875 0.3546809359375 0.42516370937500003 0.3553125015625 0.407078009375 0.352766575 0.390256025 0.3458058578125 0.3802200875 0.33954803437500003 0.3799651 0.3239034796875 0.379327634375 0.3031412359375 0.37569526249999996 0.3006666390625 0.386739928125 0.3050555953125 0.410602946875 0.30418111875 0.43564468281249996 0.30306373125 0.46764245625 0.306821121875 0.509591171875 0.30541224375 0.5499361921875 0.3061864703125 0.5875837921875 0.3090952171875 0.6239251796875 0.315667278125 0.6450907781249999 0.3153985359375 0.68269588125 0.31352966875 0.706303909375 0.31309243124999997 0.718824778125 0.330871509375 0.7181560328125001 0.32849716562500003 0.6665113625 0.3294202234375 0.64007841875 0.3455020171875 0.6281950171874999 0.3583091546875 0.6203577453125 0.3585778984375 0.5827526421875 0.3555719859375 0.5491936703125 0.35426335781249996 0.5268493546874999 0.35542932656250004 0.4934603734375
5 0.39204359002638267 0.46817958600673626 0.0325049651536097 0.03721083992388792
5 0.4498833718775481 0.46975401486592866 0.030215778855940557 0.03867783942959626
4 0.6130989046875001 0.8313585796874999 0.6384216859375 0.8240312796874999 0.6464026281249999 0.804851859375 0.6317297125 0.776390240625 0.612447678125 0.7602795 0.5780296546875 0.7588770734375 0.5550843078125001 0.757942121875 0.4303651015625 0.74032151875 0.388960525 0.75953221875 0.3486733359375 0.746745146875 0.2670787359375 0.7503863546875 0.2307691 0.743334103125 0.192179196875 0.741761684375 0.1512604421875 0.747060309375 0.12603482500000002 0.7516051921875 0.1366330234375 0.7771144046875 0.16610185156249999 0.8006061609374999 0.1878099 0.8070634453125001 0.294338625 0.807224596875 0.4145717109375 0.803764596875 0.459225109375 0.8111568312499999 0.5088018671875 0.8271088015625001 0.5588644453125 0.8291486953125 0.6130989046875001 0.8313585796874999