2 0.2301088872553813 0.75390625 0.08437565321038196 0.03359375
2 0.22735213563986068 0.503125 0.06682447729857639 0.01796875
2 0.3546555987863883 0.70625 0.05238077080156254 0.03515625
2 0.4079806205378813 0.69765625 0.020985300436840326 0.02890625
2 0.4797653547703119 0.66796875 0.030142094889756877 0.01953125
2 0.39951807636930514 0.490625 0.043586999050069505 0.0265625
2 0.4950669657119787 0.48046875 0.02627221248093754 0.02109375
2 0.5445766564414232 0.46796875 0.039480727298576566 0.01796875
2 0.5370336473233676 0.62421875 0.028779616641249995 0.028125
2 0.2786334930661458 0.01171875 0.03179551386770836 0.0234375
2 0.25595448679788174 0.24765625 0.04146145459715278 0.0359375
1 0.1993549796875 0.5202336265625 0.183402603125 0.7274370734375 0.32697769375 0.69545265 0.3350895203125 0.5063273546875 0.1993549796875 0.5202336265625
1 0.4130295109375 0.5049367265625 0.41304953749999995 0.6634682234375 0.6000651375 0.598108746875 0.6085106484375 0.474342928125 0.4130295109375 0.5049367265625
1 0.243412796875 0.2212487828125 0.6087171953125 0.306077040625 0.60704644375 0.2184675296875 0.2717024296875 0.041857878125 0.243412796875 0.2212487828125
2 0.38924303153513884 0.059375 0.031868249050069505 0.0265625
2 0.4276690986894791 0.08671875 0.03570176386770836 0.0234375
2 0.49636389409232623 0.12265625 0.04113414627652787 0.021875
1 0.7148920984375 0.2073425125 0.7020870265625 0.598108746875 0.7600434125 0.5786399656250001 0.7735382093750001 0.237936309375 0.7148920984375 0.2073425125
3 0.253786309375 0.3076093015625 0.4555299875 0.331788025 0.4992794265625 0.34167932031250003 0.60308324375 0.3537686828125 0.5887303203124999 0.3405802875 0.4953930671875 0.3196986640625 0.282356340625 0.27683638125 0.253786309375 0.3076093015625
3 0.2540042453125 0.43629052343749997 0.25250197343749997 0.45105641093750004 0.355657109375 0.449319246875 0.4808457171875 0.4467135015625 0.4805424703125 0.4597422265625 0.45852921718750006 0.4597422265625 0.42610885156249995 0.45887364531249997 0.3702740453125 0.4684280421875 0.277586671875 0.4684280421875 0.2242509984375 0.47016520625 0.2240084015625 0.48058818593749997 0.2924259890625 0.47798244062500006 0.479141278125 0.47016520625 0.59068959375 0.4562679 0.593168509375 0.449319246875 0.501579078125 0.4519249921875 0.50165994375 0.44845066562499997 0.4997066546875 0.432816196875 0.2540042453125 0.43629052343749997
2 0.4051543997919095 0.28203125 0.05038185970739591 0.01640625
2 0.5054265035153817 0.30390625 0.03403016109416672 0.01875
2 0.6094074483288887 0.2 0.03103244766329869 0.02421875
2 0.5621876094230555 0.18125 0.021566528685347208 0.0203125
4 0.610626803125 0.5952409609375 0.655832115625 0.5943723796875 0.6587962265625 0.5665777671875001 0.6603933265624999 0.49795981874999995 0.6555645015625 0.406758746875 0.6577478796875 0.31295193125 0.6792229953125 0.2365167484375 0.6676308203125 0.18700759375 0.6217987968750001 0.21480220781249998 0.603563115625 0.35116952343749996 0.610648475 0.4449763390625 0.610626803125 0.5952409609375
5 0.3382006762930552 0.40625 0.02861596248093754 0.02109375
5 0.33520361607256915 0.3671875 0.03324891109416672 0.01875
5 0.5576591911106942 0.409375 0.019931293502986235 0.0171875
5 0.5552433591387149 0.37890625 0.021421058320625085 0.0140625