1 0.48773134999999995 0.6229174078125 0.23039113906250003 0.6327319250000001 0.12698145156250001 0.80658870625 0.423791003125 0.8234136062499999 0.48773134999999995 0.6229174078125
1 0.85637509375 0.620113275 0.5165843171875 0.6221064875 0.46799670468750004 0.8262177390625001 0.8982126687499999 0.827619759375 0.85637509375 0.620113275
1 0.8587432749999999 0.442050196875 0.6306103796875 0.45326678125 0.6132438625 0.56403040625 0.8903187687499999 0.5528138218749999 0.8587432749999999 0.442050196875
1 0.5737745734375 0.45326678125 0.362070428125 0.47087191875 0.30617233593750004 0.57664905625 0.55325051875 0.571040740625 0.5737745734375 0.45326678125
1 0.5650913156249999 0.3467093578125 0.3941884828125 0.35976080781249997 0.351167396875 0.42943154687499996 0.5508823375 0.4182149640625 0.5650913156249999 0.3467093578125
1 0.797171109375 0.3326886390625 0.619882928125 0.344328709375 0.599034884375 0.41400876249999996 0.814537625 0.40840049531249994 0.797171109375 0.3326886390625
3 0.49799342968750004 0.5934738609375 0.42109820625000005 0.855131178125 0.44510446875 0.8598674421875 0.5161493046875 0.5948759734375 0.49799342968750004 0.5934738609375
3 0.8776886140625001 0.5682366062499999 0.8568620953125 0.575810190625 0.9124216468749999 0.8710839781249999 0.938471421875 0.8640735968750001 0.8776886140625001 0.5948759734375 0.8776886140625001 0.5682366062499999
3 0.60535006875 0.5976801078125 0.6290316625 0.43503986250000004 0.6051259828125 0.432291671875 0.6100863234375 0.44064813125 0.5832471906250001 0.5878655921875 0.60535006875 0.5976801078125
3 0.3685339140625 0.4462563984375 0.3473134828125 0.4461805609375 0.351167396875 0.4560709140625 0.2667029953125 0.5906697265624999 0.28643763906249997 0.5948759734375 0.3685339140625 0.4462563984375
3 0.8390085781250001 0.41681289687499995 0.8200633453125 0.3186679234375 0.8082225484375 0.3130596546875 0.7865495953125 0.31655093125 0.8058543671875 0.32988450625 0.823220884375 0.41961707812500004 0.8390085781250001 0.41681289687499995
3 0.5603549546875 0.42662741249999997 0.585615371875 0.34250315625 0.580879009375 0.3326886390625 0.5582509828125 0.33198303125 0.572985109375 0.3439052234375 0.5485141578125 0.4238232796875 0.5603549546875 0.42662741249999997
3 0.453787728125 0.3368948421875 0.45615585468750003 0.327080371875 0.45615585468750003 0.28642028750000004 0.45615585468750003 0.25136851718750003 0.4403681078125 0.2457602015625 0.42804264999999997 0.24556327812499998 0.445893828125 0.27239956875 0.44115751875000003 0.34250315625 0.453787728125 0.3368948421875
3 0.662309509375 0.2851397625 0.7840794265625 0.281146878125 0.78820086875 0.21792603124999999 0.7743378390625 0.223915378125 0.775087165625 0.25852047499999997 0.6544413359375 0.273161090625 0.652567921875 0.32107582031250004 0.61172820625 0.32440322187500004 0.6124775328125 0.33837835781250003 0.6641829234375 0.33438547500000004 0.662309509375 0.2851397625
0 0.5435127578125 0.2341910515625 0.46710903125 0.2487825515625 0.46976468125000004 0.3124826953125 0.5477512296875 0.29742660781249997 0.5435127578125 0.2341910515625
5 0.696875 0.21015625 0.01484375 0.0359375
5 0.72578125 0.20625 0.01484375 0.03125
5 0.75859375 0.2046875 0.015625 0.028125
6 0.6328125 0.25234375 0.0140625 0.03984375