2 0.30430470698587964 0.7920644456977156 0.026326720779006864 0.03200015775927412
2 0.5185193912402927 0.9686964565182683 0.03649660754848192 0.03307692445232178
2 0.6289910612879508 0.8194897298752334 0.02466876339268076 0.0264859436526514
2 0.6634030174564609 0.773592208167621 0.030110239853730292 0.02508256802583091
2 0.7315547739492827 0.6755244326990849 0.02953354139585791 0.036778585972519554
2 0.8053292390462466 0.6135760136570395 0.02623126339268076 0.026531407759274296
2 0.8535406424548133 0.5383774368557199 0.023860239853730293 0.02490071159934022
2 0.43844965625453103 0.6748124127073322 0.026272173701106107 0.028875157759274118
2 0.466120688721935 0.6568580345732291 0.01856876785690744 0.03489783722616089
2 0.5597945965947286 0.5743841668639673 0.020803423701106282 0.028716033386094963
3 0.24461241406249998 0.69364205 0.4378078328125 0.573155403125 0.4308092515625 0.531773621875 0.4484194125 0.5181310390625 0.462305053125 0.5519923109375 0.48422197499999997 0.5680718328125 0.5005307625000001 0.5736936375 0.512868809375 0.585633990625 0.4590063515625 0.6303921625 0.36112971875 0.7086137109374999 0.32191620625 0.7435035890624999 0.3303733109375 0.756617834375 0.53606465625 0.5837352859375 0.4837063546875 0.5423204890625 0.44940648593750004 0.5168729453124999 0.3498924578125 0.578318228125 0.2493240078125 0.6448801 0.2307043234375 0.6610669421875001 0.243692690625 0.69104165625 0.24461241406249998 0.69364205
4 0.7238665265625001 0.47581267499999996 0.8364690250000001 0.5235112015625 0.8586503609375 0.52521428125 0.8834316765624999 0.514300978125 0.883800721875 0.493158321875 0.8665056484375 0.48419372968749996 0.8335012015625001 0.4663106828125 0.7853588046875 0.45221784375 0.73404500625 0.43803272812499994 0.6867323625 0.421848696875 0.6489892703125 0.40277009843749995 0.5803434968750001 0.38173465625 0.533233828125 0.3539221609375 0.5037876781249999 0.35941138281249996 0.5308731296875 0.3982756 0.6080372734374999 0.43119326874999997 0.6486934328125 0.46516400312500006 0.7238665265625001 0.47581267499999996
5 0.8819441063339614 0.43368157666830565 0.019118192775829358 0.021639319279472248
5 0.8267890020318902 0.4140988508832004 0.02614944277582971 0.02184390775927412
5 0.7707708271129681 0.3991808930447839 0.02072160308425506 0.024028533386094786
5 0.7225787889635211 0.38370900573948075 0.02384660308425506 0.024119461599340218
5 0.6774844772751238 0.369890546647423 0.019118192775829712 0.021639319279472158
5 0.6394350523562018 0.3554954260351673 0.02375114569792878 0.01865071159934022
5 0.5981651700509534 0.34647812720966625 0.019967626623205347 0.025568301332783518
5 0.5632680186709816 0.33061143481065597 0.021407395697928776 0.018582515439406144
1 0.506342946875 0.940146415625 0.8307161031250001 0.5349781765625 0.7205106046875 0.48629172499999995 0.60620989375 0.5813292 0.5917171734375 0.593599540625 0.5730024734375 0.5750746140625 0.3341672140625 0.80610090625 0.506342946875 0.940146415625
2 0.18455704302400616 0.6666432453811465 0.01754205600635439 0.02081260517284953
2 0.3157173141273245 0.586041766230829 0.027725579545304767 0.022670621865896835
2 0.34109914367262933 0.5648941919367919 0.026149442775829534 0.02184390775927412
2 0.4382429249222174 0.5075339844940868 0.02610853246740419 0.019500157759274293
2 0.3234770413991531 0.4549508906040084 0.0245460324674041 0.019454693652651577
2 0.24538326907801875 0.4956691673261856 0.02078978693163096 0.027934783386094963
2 0.20201905276323884 0.5170751543940619 0.02235228693163096 0.027980247492717502
1 0.3520938671875 0.4607645171875 0.13343164375 0.5813224640625 0.17508302656250002 0.6491675875 0.41329030624999996 0.49956359062500005 0.37012643437500004 0.47292357812499997 0.3520938671875 0.4607645171875
2 0.45753444156130885 0.4322755717202476 0.01517103246740419 0.019181909012915454
2 0.4378395503276069 0.44108227038746406 0.016034103084255236 0.023892141066226814
1 0.5832375078125 0.44316370781250003 0.5125637796875 0.40197353125 0.4185271640625 0.4722165578125 0.47616305312499996 0.5198681515625 0.5832375078125 0.44316370781250003