6 0.42109375 0.7005688806095026 0.03984375 0.027807374005408825
6 0.640625 0.6441081532463676 0.0375 0.02543635200509069
5 0.51171875 0.49951436326386683 0.03984375 0.034838624005408825
5 0.671875 0.49374452657545864 0.03046875 0.03004203600413611
5 0.7734375 0.48631273989500484 0.03671875 0.02777101133831792
6 0.3703125 0.2745972739497296 0.03125 0.01911362667090888
6 0.4046875 0.31169728461172974 0.03671875 0.03402101133831792
6 0.6390625 0.3394388345799131 0.03359375 0.018359648671227014
6 0.77890625 0.36203035522759575 0.0359375 0.02385567067154524
5 0.2046875 0.41089949530554665 0.021875 0.011192038669636162
5 0.21796875 0.32402620397041043 0.0265625 0.02374658267027261