1 0.6335059703125 0.778409578125 0.7646572828125 0.6611846328125 0.6772892265625 0.5711781874999999 0.545768153125 0.7176049203125 0.6335059703125 0.778409578125
1 0.507315571875 0.8918359875 0.6080604171874999 0.798120559375 0.5199679828125 0.735961234375 0.4253693390625 0.8449916703125 0.507315571875 0.8918359875
1 0.372906121875 0.8399087249999999 0.45900898437500004 0.7409452359375 0.36474571093749997 0.66614605625 0.2759214890625 0.792069709375 0.372906121875 0.8399087249999999
1 0.4856104140625 0.71104831875 0.6021367875 0.5675079281250001 0.4884545828125 0.47452893749999997 0.3737051109375 0.6403169328125 0.4856104140625 0.71104831875
1 0.342500121875 0.578233746875 0.45220387500000003 0.39153933125 0.30039442968749996 0.2447644671875 0.19772301718750002 0.4795680421875 0.342500121875 0.578233746875
1 0.24095513125 0.7456146484375 0.3177094625 0.614535546875 0.179870640625 0.5198083703124999 0.110685303125 0.6769616140625 0.24095513125 0.7456146484375
3 0.7672985546875 0.6850415859375001 0.7491385937499999 0.6994656453125 0.7552169859375 0.7156058640625 0.7691710203125 0.7420970484375 0.7748189156249999 0.7564553375 0.7720308984375001 0.78099215 0.7819804859375 0.8137571640625 0.7930507343750001 0.8054632328125001 0.7965221484375 0.8150217515625 0.8108277125000001 0.8039503671875 0.804179021875 0.7871879093749999 0.7864837171875 0.797522453125 0.787498484375 0.77466496875 0.7811261734375 0.7332570734375 0.76629748125 0.7055505484375 0.774716315625 0.6983077062499999 0.7672985546875 0.6850415859375001
3 0.5575382578125 0.9712718140625001 0.5473290609375 0.983129646875 0.556069084375 0.9964573531250001 0.56458698125 0.9721874234375001 0.5608285375000001 0.9361869781250001 0.6276804625 0.8882054234375 0.6225655406249999 0.8580148078125 0.6125373578125 0.8387541078125 0.6351254578125001 0.8210125125 0.642574328125 0.8077494328125001 0.6370387921875 0.7952603625 0.6290641171875 0.8019365515624999 0.6038041656249999 0.8242520984375 0.6054544749999999 0.8437099140625 0.616729771875 0.875949353125 0.553827578125 0.9270513890625001 0.5575382578125 0.9712718140625001
3 0.51138790625 0.7195192125000001 0.5215322609374999 0.7188170546875 0.640551196875 0.797773153125 0.6538320546875 0.7884076046875 0.65291979375 0.7936508124999999 0.6612942515625 0.794040859375 0.6723356234375 0.7755216515625001 0.663590259375 0.7782906453125 0.65657228125 0.7720907796875001 0.64195546875 0.783743325 0.5282153875 0.7067950125 0.5229911859375 0.6953929765625 0.5087946234375 0.7105888734375 0.51138790625 0.7195192125000001
3 0.46678412968750005 0.42928703749999997 0.4741426953125 0.45272302968749994 0.632956565625 0.5875643203124999 0.643182871875 0.5727707859375 0.648899084375 0.575386221875 0.6570895296875 0.5627851921875 0.6476940296875 0.555173371875 0.6379084984375 0.5699874359375 0.4975519234375 0.445402621875 0.48000350156250005 0.430490059375 0.48890407031249994 0.4162220578125 0.4818963390625 0.40826075 0.46678412968750005 0.42928703749999997
3 0.4099021734375 0.8293905468749999 0.403552 0.827032709375 0.394730603125 0.8355574812500001 0.3946666375 0.8465522078125 0.40066221718749995 0.8507264749999999 0.402589646875 0.844630046875 0.40463438281249997 0.8479329359375001 0.43497387187500003 0.863551396875 0.516084971875 0.9053629515624999 0.5188401609375 0.904803921875 0.5267978171875 0.896926275 0.528170771875 0.8974484578125 0.5281521140625001 0.9006552515624999 0.5324321875 0.9040622624999999 0.5381398500000001 0.8986001312499999 0.5379945578124999 0.8940109828124999 0.5422972046875 0.8867966718750001 0.5361801171875 0.8829287671875001 0.5330397078125 0.8905725421874999 0.523074615625 0.888733703125 0.5164938734375 0.8964463609375001 0.4269985453125 0.8471416187499999 0.4105340015625 0.8390429703125 0.4099021734375 0.8293905468749999
3 0.33969245312499996 0.628907690625 0.33045797499999996 0.6455192796875 0.33683618125 0.6486566390624999 0.33644672343750004 0.663245671875 0.4815268546875 0.75196536875 0.490430871875 0.7398016765625 0.4946657109375 0.744867975 0.50123309375 0.73595011875 0.4935656640625 0.7245289953125 0.48190923437500005 0.7385932687500001 0.364476003125 0.662116634375 0.3447157359375 0.65551570625 0.3447629359375 0.64740281875 0.34725570625 0.6377808093749999 0.33969245312499996 0.628907690625
3 0.1626108671875 0.49039825937500003 0.1661512609375 0.483824403125 0.356499171875 0.606730453125 0.352563684375 0.614322653125 0.362651190625 0.6194577640625 0.373731653125 0.5942608125 0.369068578125 0.5865812625 0.361616765625 0.5966015078125 0.1712930265625 0.46954965312499997 0.17450169375 0.45311137500000004 0.1628520625 0.4489402171875 0.1540975453125 0.4822262640625 0.1626108671875 0.49039825937500003
3 0.078311690625 0.683769990625 0.08637558906250001 0.6873473921875 0.08726122343750001 0.6853511171875 0.2541243609375 0.7717130125 0.259771803125 0.7775064671874999 0.2692886 0.7567012734375 0.26255875781250004 0.75085740625 0.257475228125 0.7608082546875 0.10934804218750001 0.6823047765625 0.0921364578125 0.673644134375 0.093081346875 0.6614630109374999 0.08500052031250001 0.66079555625 0.078311690625 0.683769990625
2 0.08451784134103826 0.650986765301481 0.008652837334017515 0.010556510339082337
2 0.10120134729296659 0.6040946486760925 0.010215337334017516 0.010629284946188023
2 0.11628599180857649 0.5633797574435981 0.010228972872636976 0.012973034946188022
2 0.13217461222188537 0.5187950035146567 0.00786704215447771 0.009738873035529316
2 0.15603026873954778 0.4480116226212445 0.010206246974937905 0.009066784946188022
5 0.16630469340758283 0.4281721575674326 0.006327268052176737 0.013572348428423453
2 0.183773994539051 0.380535178245597 0.011782382513557321 0.011483309553293885
2 0.16688193120913858 0.32895340756743263 0.011786927693097127 0.012264559553293886
2 0.1724234040817755 0.31670811869230314 0.00943863251355732 0.011374147642635179
2 0.2067984040817755 0.31830916004863197 0.007885222872636977 0.012863873035529317
5 0.2100506691088902 0.29657970926284366 0.009447722872636889 0.01293664764263518
5 0.14452111787922614 0.27711692576439767 0.007898858411256348 0.015207623035529316
2 0.1365177203385542 0.3095655527288684 0.012590903590796199 0.016207196856846906
2 0.1309717022863774 0.3225920916039978 0.013358518052176738 0.013899834160399749
2 0.15421375956616562 0.3572774607105857 0.010292605386194253 0.02391053494618802
2 0.10450867535540609 0.4385788105867512 0.010233518052176737 0.013754284946188022
2 0.11538708802138857 0.4492444828364922 0.010233518052176737 0.013754284946188022
5 0.0963830788480064 0.357709800247669 0.008680108411256372 0.015244010339082159
2 0.26874947911915287 0.14692861972576038 0.010238063231716587 0.014535534946188111
5 0.28482393101274683 0.20472400310037192 0.01103294877033605 0.016915672249740953
2 0.4934307956705192 0.3465070504525568 0.011832379488495092 0.020077059553293884
5 0.5071524072050335 0.40575577191650947 0.01416249394987581 0.017842471463952635
2 0.658982551917035 0.5011325461093306 0.010251698770336048 0.01687928494618802
5 0.6525416543763631 0.5336539476809072 0.014153403590796287 0.016279971463952592
5 0.6727450700674076 0.5533500175732833 0.01258181323171641 0.014644696856846906
5 0.8603809045727548 0.6730568577295392 0.01023806323171641 0.014535534946188023
5 0.8085956907753042 0.7089365456950458 0.009447722872636889 0.01293664764263518
5 0.7606985462596944 0.7481231701783172 0.01101476805217665 0.013790672249741042
5 0.728508214975801 0.7739750407326471 0.009461358411256527 0.015280397642635179
2 0.8901678776417835 0.7916634625681034 0.009424996974937727 0.00903039764263518
5 0.6978940192305272 0.7975559358940829 0.009452268052176648 0.01371789764263518
5 0.7702593777399793 0.8509399551245054 0.011800563231716587 0.014608309553293708
5 0.7475031337901036 0.8670722233214704 0.01494828912941557 0.01866010876750579
5 0.7255281398402278 0.8832408788219883 0.01102385841125635 0.015353172249740865
5 0.5628372422995558 0.9084848196829792 0.00633181323171641 0.014353598428423453
5 0.5856025766085112 0.8907900514860142 0.007094882513557365 0.011264985731976651
5 0.6083724560970064 0.8723140332890491 0.009438632513557366 0.011374147642634825
3 0.652372121875 0.9016956593750001 0.6531883453125 0.9116302093750001 0.6602141968749999 0.9058448765625 0.663253815625 0.9091882703125 0.6656059390625 0.9180300609375 0.6682002171875 0.9228080796875 0.662464740625 0.93214640625 0.6679072734375 0.9356017140624999 0.670488009375 0.9427077125000001 0.6704558421875 0.9482366234375 0.6770312421875 0.9447589109375001 0.675998259375 0.934523190625 0.6775832546875 0.924991553125 0.6806804515625 0.9184410937499999 0.67852814375 0.9128104296874999 0.6741727546875 0.910278975 0.6716360515625001 0.8956071031249999 0.665976759375 0.891850625 0.652372121875 0.9016956593750001
3 0.6359179421875 0.9292796031250001 0.6449325859374999 0.9275364250000001 0.639683940625 0.9162801593750001 0.6380651937499999 0.9154182093750001 0.6323120624999999 0.9147569750000001 0.627269365625 0.918848178125 0.623099525 0.9251430546874999 0.6274970468750001 0.9304605046875001 0.62891101875 0.9411448968749999 0.63006530625 0.9457213687499999 0.6380309140625 0.9466822953125 0.6465913921875 0.9468843609375 0.651917809375 0.94477276875 0.65603730625 0.9471276718749999 0.65688730625 0.9532630890625 0.6621988546875001 0.9537071156250001 0.6615010078125 0.9467922312500001 0.6655072578125 0.9432426734374999 0.6611246171875 0.9353696093750001 0.6510872515624999 0.9352953890625001 0.64280820625 0.9374660984375 0.6383855453125 0.9364735546875 0.635291046875 0.9355428640625 0.6359179421875 0.9292796031250001
5 0.6140997604499284 0.9624488817174726 0.007103972872636888 0.01282748573197665
5 0.5984020375772914 0.9742211356464139 0.009447722872636889 0.01293664764263518
5 0.5819276098841943 0.9851757522718024 0.007122153590796288 0.015952485731976652
0 0.190732521875 0.46275583906250006 0.26072630625 0.2871553875 0.244799453125 0.26888187812500003 0.1763134875 0.45470418281249997 0.190732521875 0.46275583906250006
3 0.18662851875 0.332210940625 0.20574191718749998 0.3463601375 0.21311258125000002 0.3320238546875 0.2259640546875 0.2921351953125 0.22278904531250002 0.287962275 0.24719170156249998 0.217831865625 0.24444233906249999 0.23214661875 0.257533565625 0.2427005828125 0.26757785156249997 0.21481885156249997 0.25533553593749997 0.2037061140625 0.2535847203125 0.187224384375 0.2179272703125 0.2851947078125 0.22127860312499997 0.2910908578125 0.21030258906250002 0.3262105609375 0.197201734375 0.31731351406249997 0.1924027265625 0.317326771875 0.18662851875 0.332210940625
0 0.6847970296875 0.7868548390625001 0.7596493390625 0.733053515625 0.737423978125 0.690970009375 0.656570509375 0.7671021703124999 0.6847970296875 0.7868548390625001
0 0.55097943125 0.9035421593749999 0.6045470515625 0.857257603125 0.5837109609375 0.8286806734375001 0.5260373296874999 0.8856984593749999 0.55097943125 0.9035421593749999
0 0.424808134375 0.83883965625 0.4927525640625 0.763143453125 0.46161580156250004 0.7430960296875 0.3959022859375 0.8225673359375 0.424808134375 0.83883965625
0 0.5441957890625 0.71006625625 0.634992078125 0.6074160140625 0.603636696875 0.5758668046875 0.5113568359375 0.6900987609375 0.5441957890625 0.71006625625
0 0.3905692609375 0.6063310125 0.475576934375 0.47629410781250003 0.43637194375000005 0.4372543734375 0.35181530625 0.583454028125 0.3905692609375 0.6063310125
4 0.678432028125 0.505905340625 0.6614532093750001 0.47877456875 0.628588765625 0.4631958703125 0.6069004421875 0.452527721875 0.5774326328125 0.4195472234375 0.5486084921875001 0.389230725 0.5296937374999999 0.354985809375 0.48050426875 0.3131847546875 0.4279690546875 0.280007903125 0.33107125625 0.1990272015625 0.3303561390625 0.20865189218750002 0.373589796875 0.2545655046875 0.43199405156250004 0.298551678125 0.468776325 0.3204588609375 0.5070533312500001 0.352971628125 0.5391363124999999 0.38958591875000004 0.566622184375 0.42335207500000005 0.59870010625 0.46084412500000005 0.627595740625 0.47887193593750005 0.649319809375 0.48339576875 0.6753022093750001 0.5202194515625 0.697501384375 0.5563733390625 0.736188953125 0.5906612796874999 0.763066946875 0.61561909375 0.78737053125 0.629921096875 0.828147234375 0.6449902875 0.8480887515625 0.7293290375 0.8564760296875 0.76044966875 0.8740222921875 0.7577081812500001 0.859084825 0.722405309375 0.8423307 0.6566530140625 0.82864646875 0.6296756593749999 0.8082555640625 0.6225799265624999 0.7766936015625 0.6096959125 0.7687814281249999 0.610205396875 0.701954153125 0.541242878125 0.678432028125 0.505905340625
0 0.28473875937500004 0.7631188843750001 0.3435536625 0.671306171875 0.3021691265625 0.64742866875 0.2488985546875 0.74064953125 0.28473875937500004 0.7631188843750001
0 0.14037805 0.548581165625 0.14048529062499998 0.5301481625 0.13184783125 0.54203785625 0.09167399375 0.649916690625 0.1062481828125 0.6716966109375 0.157474321875 0.5555234171875 0.14037805 0.548581165625