2 0.5195679846940099 0.8813893566248339 0.027018418320799497 0.027913638059641244
2 0.622789222288013 0.688066481794176 0.019096756410140792 0.025160452283992284
2 0.2683906666636605 0.642216234734852 0.016862168320799585 0.02738137155129756
2 0.4101500194353102 0.48988020804974336 0.01515411910658777 0.024174484396167806
2 0.430297699542934 0.470673184643995 0.01675300641014079 0.025037621551297563
2 0.5272925159206535 0.36119304330499374 0.017007717535011225 0.03050637155129756
2 0.7301714210068868 0.5004170748513425 0.018805657981717516 0.01891045228399211
2 0.6603213014860141 0.6237892978275494 0.020732031017246653 0.026804839439121864
2 0.7629839210068867 0.5021367051090673 0.023003006410140792 0.025365170171816588
2 0.8057471557054058 0.41631206976295976 0.017988020678164317 0.018088258706427142
2 0.8206979135632887 0.3859218848918222 0.022893844499482084 0.023021420171816586
2 0.8551049927612897 0.32148092661493627 0.01820634449948173 0.02277575870642732
2 0.6961794489237615 0.239114404679526 0.015644270678164318 0.017965427973732594
2 0.6428768205115487 0.29944771709485485 0.019732457195929066 0.022076395861557074
2 0.6295420665826074 0.31433573269868714 0.01593536910658777 0.024215427973732596
1 0.7532906828125 0.491929740625 0.843112603125 0.3128828796875 0.7080323296875 0.245996821875 0.5827901875 0.376382065625 0.7532906828125 0.491929740625
1 0.4788918609375 0.9091981921875 0.7141503375 0.48901171562499995 0.5373397015625 0.3635989234375 0.2716118375 0.65997466875 0.4788918609375 0.9091981921875
1 0.10557239062499998 0.47271927343750003 0.3823940578125 0.26100115625 0.2744004140625 0.1894672921875 0.036938075 0.3529757609375 0.10557239062499998 0.47271927343750003
1 0.42747200156250004 0.293700375 0.5600848 0.1680352359375 0.47061272499999995 0.131275890625 0.33841709999999997 0.2240258140625 0.42747200156250004 0.293700375
2 0.38746157444049006 0.2704751108087053 0.02096747146395277 0.01512703301668683
2 0.11988889247083945 0.4824616971956095 0.022512854838564245 0.03157422659425162
2 0.25907120884855894 0.37519250904511153 0.020205492142117087 0.03223264586155698
2 0.2853233397419711 0.3531880342598822 0.01402826674922295 0.03346759724103805
2 0.13006860545773674 0.28270403663473137 0.02144050641014079 0.02528328301668683
2 0.26327490363849115 0.19772260628614954 0.02683648180303493 0.024007388059640887
2 0.4627611732831983 0.1302429364530173 0.013446069892376044 0.020967597241038007
2 0.5623095630679507 0.1759858836486268 0.017133996071058633 0.016484815128862396
2 0.5096062481379733 0.23245388964152056 0.0207684183207995 0.027586089439121865
2 0.43646415467194843 0.3018789190401628 0.02144050641014079 0.02528328301668683
4 0.8313868 0.2984001125 0.8528679046875001 0.24318615000000002 0.828068340625 0.2271514515625 0.7878311734375 0.21464152812499998 0.7336703953125 0.182333065625 0.6830470625 0.170145590625 0.6272550406249999 0.14468575781249998 0.5927209796875 0.1290076609375 0.56673949375 0.11551131562500001 0.5331403781249999 0.10594957499999999 0.49111425156250005 0.08294471249999999 0.4847999515625 0.0869476203125 0.48382037499999997 0.09383040625 0.4889039640625 0.1192330140625 0.5046611609375 0.1365273546875 0.5471366062499999 0.1552219375 0.5681517484375 0.1597903546875 0.582771653125 0.166623909375 0.5984520718749999 0.16831245 0.604681275 0.1764397953125 0.601665765625 0.1814823515625 0.5966952625 0.18642245 0.5918056968750001 0.1931003203125 0.598605628125 0.199524046875 0.6087852859375 0.20872519218750002 0.6161154734375 0.2125764109375 0.620677125 0.21281547656250002 0.62695095625 0.2079436828125 0.635422596875 0.2083876625 0.6522849390625 0.20753784999999997 0.6720372218749999 0.21290684999999998 0.693704028125 0.2175094203125 0.7017263484375 0.22226367812499997 0.7178114578125 0.23264108125 0.763909446875 0.2593264015625 0.7912752000000001 0.27462882187500004 0.8313868 0.2984001125
3 0.90517126875 0.22165782812499998 0.9146754343750001 0.17448383125 0.8908917578125 0.16630325937499998 0.8775097515624999 0.24187727812499998 0.8865116484375 0.239748753125 0.90517126875 0.22165782812499998
5 0.8765711162111038 0.1799861454072718 0.013336907981717161 0.01862384724103805
5 0.8106721344080687 0.1539315784693871 0.012773981803034929 0.02327040366347317
5 0.7519499518192456 0.13137050372958628 0.017988020678164497 0.018088258706427274
5 0.6963527692304223 0.10897320330004497 0.014644696856846906 0.013236984396167805
5 0.6464062731593637 0.09076875791345776 0.010993157981717516 0.018501016508343394
5 0.6003296397847523 0.07198778041469496 0.015117731803034929 0.02339323439616776
5 0.5535809183207996 0.05550960933836728 0.01489940798171734 0.01870573439616776
5 0.5114469222497411 0.03771459972742887 0.018987594499482084 0.02281670228399215
3 0.4198865203125 0.326239915625 0.4669599265625 0.35991047656249997 0.45978745625000006 0.3734028265625 0.46858284687499996 0.3807978953125 0.4853279421875 0.3634734 0.47091454375 0.34711625 0.430398253125 0.31465609843750003 0.4198865203125 0.326239915625