1 0.6918855140625 0.7442467203125 0.6435585781250001 0.6569913203125 0.5269014390625 0.791633559375 0.5950228531249999 0.8782926890624999 0.6918855140625 0.7442467203125
1 0.49774407812500004 0.7384655625 0.652361646875 0.5796750328125 0.6033473671875 0.47403829531249997 0.41770689843750003 0.6185444765625 0.49774407812500004 0.7384655625
1 0.7481693468749999 0.5315521609375 0.664749965625 0.629247903125 0.7122630578125 0.7215338859375 0.7871003734375 0.6168049515625 0.7481693468749999 0.5315521609375
1 0.711637021875 0.3723061515625 0.6167336859375 0.45047070937499994 0.6679051281249999 0.5598658890625 0.752834959375 0.47712100937499996 0.711637021875 0.3723061515625
1 0.630246590625 0.2039718296875 0.5010914796875 0.27020213437499996 0.571702084375 0.41769009218750003 0.6787166046875 0.3384021578125 0.630246590625 0.2039718296875
1 0.468531596875 0.2914037625 0.27045193749999996 0.38751811875 0.3796304625 0.5578547687500001 0.5433600609375 0.43976021562499995 0.468531596875 0.2914037625
0 0.6778252640625 0.3454968359375 0.5923047 0.411082071875 0.6138451234375 0.44333263125 0.6917717031249999 0.3802395421875 0.6778252640625 0.3454968359375
0 0.541459534375 0.449573596875 0.41796364375 0.5403386640625001 0.45517316562500004 0.574371578125 0.5642796859375 0.48764135937499997 0.541459534375 0.449573596875
0 0.6277419640625 0.6161170984375001 0.5314606000000001 0.7188967109375 0.55725639375 0.7485301343749999 0.6442161640624999 0.6476755875 0.6277419640625 0.6161170984375001
0 0.7350948703125 0.5028974500000001 0.667958378125 0.5690187203125 0.6873540953124999 0.5996443328125001 0.747432690625 0.527276928125 0.7350948703125 0.5028974500000001
2 0.39217036104353503 0.2701703333863612 0.013335792154477666 0.009529541335136305
2 0.5012453791939077 0.21988052673454234 0.012536361436318444 0.006395450668363533
2 0.5363152707826513 0.20544585673931484 0.014880111436318445 0.006422722668681757
2 0.5713669816532356 0.18788618674408736 0.013335792154477666 0.009529541335136305
2 0.6056419877033599 0.17109867608208712 0.014139768052176826 0.013444882001908987
2 0.44013061719185503 0.18870270472627 0.017223861436318443 0.0064499946689998925
2 0.44645788524403185 0.2020566800604518 0.014112496974937905 0.008757382001908986
2 0.34887890329620863 0.21420159671386144 0.007853406615858205 0.007122156667727175
2 0.3395402647325271 0.2203425087125888 0.005509656615858294 0.0070948846674090404
2 0.37402434904148246 0.2394924980505886 0.009406816256778684 0.005577838001272717
2 0.3537800267345796 0.2509748907144978 0.012540906615858294 0.0071767006683636225
2 0.34131638817089804 0.25707944004613426 0.009411361436318443 0.006359088001272717
5 0.3235839875069681 0.2974953547103616 0.012563632513557365 0.011082950668363623
5 0.31146980688700476 0.22939024470877079 0.010992042154477666 0.00950226933481808
5 0.4303516170936592 0.2534282760582246 0.014898292154477666 0.009547722668681757
5 0.37601357503737737 0.17858227005090677 0.011759656615858293 0.007167610001590852
5 0.2490203247427898 0.3716226507001803 0.015702268052176737 0.013463063335454528
0 0.6850319453125 0.7688997890625 0.6146259125 0.8650789328125 0.648429515625 0.87874969375 0.6994005359375 0.797536775 0.6850319453125 0.7688997890625
0 0.7791744546875 0.636583740625 0.7285768171875 0.703580728125 0.752682603125 0.720565065625 0.791778925 0.6614857734374999 0.7791744546875 0.636583740625
3 0.849628509375 0.6818608875 0.8678385390625 0.6679387546875 0.8655220890624999 0.66277215625 0.8552351953124999 0.663080759375 0.8478388359375 0.66899094375 0.8152482703124999 0.6673268109375 0.798753134375 0.6812688984374999 0.7953706921875 0.6893673015624999 0.7982413296875001 0.6915422296875 0.78747496875 0.7076924906250001 0.7828819796875 0.704212625 0.7766488375 0.7135627796875 0.7636159265625 0.7331131015625 0.7458105640625 0.718343575 0.7349445265625 0.7173605328125 0.72134993125 0.7386175265625 0.7139560828125 0.7449560703125 0.7094428359375 0.7551828421875 0.7163123828125 0.7569759875 0.72429781875 0.754070775 0.740141559375 0.7264154 0.7590851984375 0.7403415359375 0.77739741875 0.7439810390625 0.8215785984374999 0.674681628125 0.8450329906249999 0.6779526765624999 0.849628509375 0.6818608875
3 0.7064043734375 0.7691484796875 0.7009331375000001 0.7662197171875 0.7003365671874999 0.76192975 0.7037190078125 0.75383131875 0.7053865734375 0.7457129609375001 0.7030676515625001 0.74011803125 0.6961482296875 0.729758228125 0.6446673453125 0.6250813734375 0.6474657140625 0.6148346328125001 0.644030903125 0.613938059375 0.63267299375 0.6266550171875 0.63155714375 0.631353375 0.64073568125 0.6370281234374999 0.64709840625 0.649951278125 0.69684696875 0.751609828125 0.6889612140625 0.7716483578125 0.6895777187500001 0.7793650046875 0.6896200828125 0.786646653125 0.6975905296875 0.7811714515625 0.7064043734375 0.7691484796875
3 0.42173147499999997 0.5640688046875 0.4026147921875 0.57900615 0.40665112031249995 0.5850493734375 0.4129640046875 0.5894058703125 0.41865792968750004 0.5856173874999999 0.418633009375 0.5813340593749999 0.4243717921875 0.585255571875 0.432404496875 0.590488684375 0.4330285171875 0.599490328125 0.5247679328125 0.7466094046875 0.509990203125 0.7609997625 0.5180130171874999 0.764519565625 0.5248750875 0.7650277015625 0.5322789046875 0.7604025109375 0.5322490015625 0.7552625328125 0.5390238890625 0.7407790249999999 0.43628632187500005 0.5699752703125001 0.42173147499999997 0.5640688046875
3 0.4738958578125 0.238925465625 0.44928198906250005 0.2492741890625 0.4527666390625 0.2587374203125 0.46474603906249995 0.2545937734375 0.46135608125000005 0.2614071890625 0.5574009953125 0.4608294328125 0.5482922343750001 0.4671479953125 0.55461259375 0.4727894859375 0.568873496875 0.46781576874999997 0.5768240453125 0.458913915625 0.56706641875 0.45194750624999996 0.47215729375000004 0.251253584375 0.479006978125 0.2496200703125 0.4738958578125 0.238925465625
3 0.6356250484375 0.1634946875 0.6151658531249999 0.1718995015625 0.6203703640625 0.18223935 0.6277966078125 0.1814691578125 0.6893989828125 0.3556489953125 0.6831284609375 0.3585741640625 0.684319071875 0.36672579375000003 0.6945735890625 0.3608488515625 0.702544071875 0.35537365 0.6996510078125 0.34934373750000003 0.635195440625 0.1759873015625 0.6368580234375 0.16701226875 0.6356250484375 0.1634946875
3 0.7968931359375 0.75455591875 0.8072074593749999 0.7589589906249999 0.8112014234375 0.7577205421875 0.8111665359375 0.7517238734375 0.815734603125 0.7509204234375 0.81639098125 0.765490403125 0.8164532812499999 0.7761987046875001 0.8193388671875 0.780943621875 0.829031703125 0.776773384375 0.8284002453125 0.7664867484375 0.8260414515625 0.7540384859375 0.8242767000000001 0.7454518734375 0.7968931359375 0.75455591875
3 0.7895242046875001 0.7651777796875 0.7787653578125 0.7826130328125 0.7976790953124999 0.79139919375 0.797736409375 0.8012508593750001 0.81315805625 0.7992887796875 0.81652305625 0.7881920421874999 0.8147657781250001 0.780890409375 0.8022097828125 0.78417075625 0.7947660953125 0.7819426140625 0.7975669562500001 0.7721242046875 0.7895242046875001 0.7651777796875
0 0.7204667328125 0.8093826984374999 0.6616269359375 0.8874693375 0.7257495328125 0.9053476281249999 0.7675918562499999 0.8270266203125001 0.7204667328125 0.8093826984374999
0 0.4432343 0.262611040625 0.30114287812499996 0.331000953125 0.311534453125 0.3486823140625 0.45859722343750003 0.2784385125 0.4432343 0.262611040625
0 0.609333525 0.18204550625 0.519452159375 0.22589950937499997 0.531553628125 0.24274417656249997 0.6267297953125001 0.1945967078125 0.609333525 0.18204550625
3 0.4993345890625 0.24035929218750002 0.512488259375 0.234687671875 0.5057350031250001 0.22656925156250002 0.49323578437500004 0.22977375625000002 0.4936575578125 0.2254237515625 0.48113881875000003 0.2252780828125 0.47751527656250004 0.21719607968750002 0.4712676 0.2191333359375 0.465472884375 0.22208085 0.4525012484375 0.2209249234375 0.4498400828125 0.22457888593750003 0.45746219374999997 0.228352503125 0.4681925203125 0.2284773625 0.4740164734375 0.230555084375 0.47895987812499996 0.23496751875 0.486138746875 0.2394059859375 0.4933176453125 0.2438444328125 0.4993345890625 0.24035929218750002
3 0.3675409875 0.29474735937499996 0.3554774328125 0.2726071671875 0.3419511796875 0.276359940625 0.341101846875 0.28405491562499996 0.3492236640625 0.2968791546875 0.32557426562499997 0.30464383125 0.31484981562500003 0.30552400625 0.25643211718750003 0.33097375 0.2354575265625 0.3374295578125 0.23146096875 0.342072946875 0.24354036250000002 0.3435534734375 0.24893669531249998 0.348976165625 0.2529800921875 0.3523731609375 0.26816773125000004 0.3502049265625 0.2828965953125 0.3460214015625 0.27657290625000003 0.3348930359375 0.25512394843749997 0.336653409375 0.31800282968750004 0.309580625 0.32471713593749996 0.3109987234375 0.3675409875 0.29474735937499996
2 0.3415300116092691 0.2937981900461343 0.011764201795398143 0.007948860001590851
5 0.4019463786047324 0.6077612400540884 0.012568177693097126 0.011864200668363623
5 0.6319076311388152 0.9260407147517233 0.014893746974937904 0.008766472668681757
2 0.6554996672431688 0.952875934754905 0.014911927693097127 0.011891472668681758
4 0.30513185625 0.49725911875 0.25158023281249997 0.41220210156250003 0.2519084828125 0.44334525312500006 0.30795843125 0.5358466859375 0.33604144062499997 0.592067765625 0.3736175734375 0.6400544390625 0.402428065625 0.672236421875 0.4391292375 0.7189130734375 0.4445153140625 0.7501725578125 0.45939024218749996 0.7724433875 0.5143975734375 0.8348271671875 0.5493859703124999 0.8852791921875 0.562616740625 0.9231292968749999 0.58625291875 0.960450546875 0.601044596875 0.9684218890625 0.640135653125 0.978625753125 0.64528355625 0.96893665625 0.61398419375 0.9562236859375 0.589692378125 0.9552911156249999 0.5722189765625 0.9336399796875 0.564268403125 0.9088499734375001 0.5632648140625001 0.8854406875 0.5440603390625001 0.8644193421875 0.5282147578124999 0.8243804421875 0.4881238921875 0.791417225 0.45930961875 0.7585852656250001 0.45556002187500005 0.7104465546875 0.419778640625 0.672775409375 0.389248415625 0.6431731187499999 0.3621576515625 0.6084114203125 0.33240035 0.5625697875 0.30513185625 0.49725911875
4 0.81948381875 0.8709899953125 0.78803159375 0.87612835625 0.766120759375 0.8978907062499999 0.76099231875 0.918275675 0.766491340625 0.96158796875 0.7812526015625 0.9735547140625 0.805372215625 0.97069005 0.8189650546875 0.9621985562500001 0.8282410562500001 0.9332121843750001 0.8375856828125 0.9160215984375 0.8406151453125 0.895612203125 0.81948381875 0.8709899953125