6 0.7508299873885884 0.44178112489304694 0.023555678668045487 0.01124786910658777
6 0.7823890700588609 0.469799117035164 0.024491470003181703 0.02456550641014079
6 0.8038009933959062 0.4981253242310931 0.020539766669318026 0.020477319892376045
6 0.8436447433959062 0.4999810767122925 0.03693692600254543 0.02046020326698752
6 0.8729509827339061 0.5357024069437509 0.019767607336090974 0.0212221825888232
6 0.8970151913987697 0.5235491633538917 0.015016472668681757 0.01553510876750579
6 0.9170191560709512 0.5650838459427149 0.018205107336090976 0.021149407981717515
6 0.8863862267265882 0.4824511284077036 0.024418744668999893 0.01831550641014079
6 0.8394839547262698 0.4779241401945279 0.014226132001908809 0.01471747146395277
6 0.8681447567234066 0.4581767204259862 0.01649715666772735 0.008576633374611476
6 0.8929447620544065 0.44215361413967996 0.014207950668363622 0.013154971463952591
6 0.9166453440483615 0.3987503705498207 0.022011360001590673 0.012737594499481997
6 0.9540266180378619 0.32318959842391426 0.013535788669636162 0.02249358416039975
6 0.9237391340308623 0.2702443808889029 0.01969488200190881 0.014972182588823203
6 0.8788624386934988 0.238482804586386 0.02980567866804549 0.011538967535011314
6 0.8441238120225899 0.20563176323005714 0.018868178668045486 0.011029545285270271
6 0.8056062046864991 0.1835362853559636 0.03696419800286357 0.022803953266987607
6 0.7732476906826811 0.15391940591029357 0.02198408800127254 0.010393844499481997
6 0.7409891740133631 0.1328962764646235 0.02291078866963616 0.02293023180303493
6 0.7110107726766359 0.10651355892961219 0.03144999466899989 0.018642992142117166
5 0.6864920306731361 0.0796043025194714 0.019731244668999892 0.018097182588823202
5 0.7960061273869975 0.4321728384991168 0.014971019334818082 0.01162885876750579
5 0.8191527260502705 0.4082644576057047 0.018114200668363622 0.013336907981717338
5 0.8431533000477252 0.39064246401584546 0.012563634667409219 0.006050946856846906
5 0.8726953493793616 0.37952518155085674 0.018849997334499945 0.00946704528527027
5 0.8932623880489977 0.4023462514432328 0.017323860001590675 0.012519270678164362
5 0.8826157893857248 0.42683682919349186 0.017360222668681757 0.015644270678164495
5 0.8562441933879519 0.44200591087269225 0.017323860001590675 0.012519270678164496
5 0.813375440722452 0.4485983591772812 0.017360222668681757 0.015644270678164495
6 0.45392935741563256 0.6270635376322753 0.022029541335136217 0.014300094499482085
6 0.4108691534054512 0.550098623240417 0.03373011000159085 0.013283404052775971
6 0.5018032360757239 0.5808820504525568 0.03379374466899989 0.01875215405277597
6 0.44620666939845155 0.5002099392038518 0.030741470003181705 0.024856604838564066
6 0.5973713694302683 0.7414985268789083 0.035410788669636165 0.023512428659881835
6 0.5307111281030862 0.7836817187733564 0.022956242003499838 0.02683648180303493
6 0.3839328413828613 0.38252797952672335 0.03144090400222712 0.017861742142117176
6 0.35492714139081555 0.4397390119917121 0.0174238573360908 0.02111302067816432
6 0.3259487133990879 0.49929379445670075 0.044049992003499835 0.02781893899896417
6 0.9495867554105419 0.612669475388385 0.026753404002226942 0.0176434183207995
6 0.9021850440801782 0.6323248498716563 0.027516472668681756 0.01611730562435252
6 0.8634043547501324 0.6547242346940099 0.018241470003181347 0.024274407981717337