2 0.03203125 0.01796875 0.01484375 0.01171875
2 0.08203125 0.028125 0.01875 0.0125
2 0.11015625 0.0296875 0.01328125 0.01171875
2 0.16484375 0.03984375 0.01796875 0.01015625
2 0.2546875 0.05234375 0.02265625 0.01171875
2 0.32109375 0.0640625 0.02578125 0.01171875
2 0.3546875 0.06796875 0.01875 0.0109375
2 0.3140625 0.25859375 0.01328125 0.0140625
2 0.2953125 0.25390625 0.015625 0.0203125
2 0.2203125 0.2328125 0.015625 0.01171875
2 0.146875 0.21953125 0.01796875 0.009375
2 0.0859375 0.1984375 0.0171875 0.01328125
2 0.06875 0.19453125 0.01875 0.01484375
2 0.01015625 0.17734375 0.0203125 0.015625
2 0.2859375 0.421875 0.02265625 0.01484375
2 0.2625 0.41171875 0.02265625 0.0171875
2 0.1953125 0.384375 0.01640625 0.0125
2 0.171875 0.54609375 0.0234375 0.01328125
2 0.23046875 0.57890625 0.01875 0.01328125
2 0.25703125 0.5953125 0.0171875 0.015625
2 0.09140625 0.525 0.021875 0.009375
2 0.12578125 0.3703125 0.0171875 0.0171875
2 0.04375 0.49609375 0.015625 0.01640625
2 0.0203125 0.484375 0.021875 0.0140625
2 0.06171875 0.34140625 0.015625 0.015625
2 0.04453125 0.33203125 0.01796875 0.0171875
1 0.3222471453125 0.4481724640625 0.19547299375 0.398039965625 0.1685600453125 0.5224652046875 0.26842124843750004 0.5786377640625 0.3222471453125 0.4481724640625
5 0.3 0.534375 0.01875 0.02265625
5 0.49609375 0.72578125 0.025 0.015625
5 0.51328125 0.64296875 0.028125 0.02265625
5 0.596875 0.31015625 0.0234375 0.015625
5 0.61484375 0.21796875 0.0265625 0.0140625
5 0.64609375 0.0953125 0.02265625 0.0234375
5 0.68984375 0.10390625 0.02421875 0.01328125
2 0.6828125 0.134375 0.01875 0.02734375
2 0.6625 0.19453125 0.0265625 0.01796875
2 0.6484375 0.253125 0.02265625 0.01953125
2 0.63515625 0.31328125 0.02109375 0.0171875
2 0.56953125 0.5890625 0.01875 0.01875
2 0.56015625 0.63984375 0.01484375 0.01484375
2 0.53515625 0.746875 0.01875 0.02421875
5 0.521875 0.7953125 0.02421875 0.0203125
5 0.4828125 0.80078125 0.0265625 0.01484375
2 0.59296875 0.06796875 0.01796875 0.01875
5 0.23046875 0.02109375 0.0265625 0.015625
5 0.3703125 0.15859375 0.0234375 0.0234375
5 0.2734375 0.62734375 0.02890625 0.0203125
3 0.0729482546875 0.27301071875 0.0864047296875 0.27905077968750003 0.1090682640625 0.2856948453125 0.12252473906250001 0.2881108703125 0.1359812125 0.3050230390625 0.14093886093750002 0.3128751171875 0.150145921875 0.3207271953125 0.1650188671875 0.323747225 0.167851809375 0.314687134375 0.1529788640625 0.3134791234375 0.139522390625 0.299586984375 0.12748238750000002 0.2862988515625 0.123941209375 0.2778427671875 0.08357178750000001 0.265158640625 0.08144708125 0.2548905390625 0.06374119375000001 0.2476424671875 0.0609082515625 0.2609306 0.07153178437499999 0.265762646875 0.0729482546875 0.27301071875
1 0.5772119203125 0.11596915468749999 0.3923624578125 0.08637286093749999 0.352701271875 0.3067867359375 0.514887196875 0.35812724687499997 0.5772119203125 0.11596915468749999
1 0.3746565703125 0.0930169265625 0.24646594843749997 0.06704466875000001 0.2238024125 0.2210662015625 0.342785975 0.25549454531250004 0.3746565703125 0.0930169265625
1 0.1671435734375 0.054360542187500006 0.0354117734375 0.03322033125 0.014164709375 0.16791367343750002 0.1466047453125 0.20898608125 0.1671435734375 0.054360542187500006
1 0.1140259125 0.38052379062499997 0.0070823546875 0.34186740625 0.0070823546875 0.4475684578125 0.0920706140625 0.501929 0.1140259125 0.38052379062499997