6 0.6948909918169335 0.8441352637894642 0.03990823738612832 0.026493881541796327
6 0.7325174773889633 0.8231556348785037 0.026009428493120802 0.030362334186749253
6 0.717244652253887 0.7668979296027146 0.015471232576804893 0.01883329998588259
6 0.7129638908211418 0.7115656874952224 0.014771828130301045 0.02113154735504672
6 0.7119718204953889 0.6607389348643864 0.026517859981466607 0.022595336817585476
6 0.7109524683184706 0.6091309322335505 0.017115578130301047 0.02126805524755433
6 0.7427728979927177 0.5563930691076058 0.02799851442797028 0.020342592079257215
6 0.7797446191367772 0.5166634401966455 0.028216769237293705 0.026592592079257394
6 0.7727753673226787 0.47401320861249696 0.012881945916315907 0.011665542093374625
6 0.7490625596107977 0.40024177964506685 0.01792410998146643 0.022094807878390375
6 0.7172297170525261 0.3629538822476679 0.015471232576804893 0.01883329998588259
6 0.6845883426430894 0.3249302374811049 0.036810519237293705 0.027093121018452494
6 0.664474250084818 0.2869598006211671 0.03106895072563951 0.01896210260260105
6 0.6380555938242157 0.24779088480791672 0.026163195916316086 0.012439086817585477
6 0.6119916016287641 0.21877821899466623 0.01606150961864685 0.01341005261671846
6 0.5836384231356433 0.19146456107392362 0.027353673683797375 0.024203339448421436
6 0.5628794898331989 0.15744587684482175 0.022284227767481467 0.012992823663405862
6 0.543174625042409 0.1311941899848839 0.01145585517214318 0.01548078683170293
6 0.6866617964487717 0.6308995164203001 0.025463791469812237 0.014737334186749607
6 0.6608086245790729 0.6527591058687215 0.026326887023308564 0.017126586817585478
6 0.6656151756675319 0.678312842714542 0.018142364790789855 0.0283448078783902
6 0.6882639911839614 0.721615521681972 0.0189781784931208 0.029952810509226248
6 0.6350100164117048 0.6761811953171429 0.03489335517214318 0.016845865756780754
6 0.609781837918584 0.6486855268730566 0.04108879146981224 0.015647386803468066
6 0.34560526523057844 0.7728866792497787 0.03882688702330857 0.01785462891096028
6 0.3006672766633239 0.8310855870999342 0.021803078130301135 0.021541071032569904