2 0.42265625 0.55 0.03671875 0.03203125
2 0.15625 0.57578125 0.02578125 0.04140625
2 0.24375 0.74921875 0.03046875 0.0515625
2 0.2859375 0.825 0.01796875 0.03359375
2 0.69921875 0.5296875 0.03203125 0.05703125
2 0.9640625 0.54296875 0.03671875 0.065625
1 0.39528577343750004 0.56065665 0.18773466875 0.5676126874999999 0.2304964546875 0.6872565390625 0.4192740921875 0.6733444625 0.39528577343750004 0.56065665
1 0.442219440625 0.735948803125 0.2795160609375 0.73873121875 0.31184814375 0.8361157484374999 0.46412181874999997 0.833333334375 0.442219440625 0.735948803125
1 0.494367959375 0.8861992203125 0.37234042500000003 0.88341680625 0.3827701296875 0.9460211468749999 0.5110554859375 0.9474123546875 0.494367959375 0.8861992203125
1 0.9209428453124999 0.5091819703125 0.7373800593750001 0.5077907625 0.72382144375 0.6385642734375 0.9021693781250001 0.6455203125 0.9209428453124999 0.5091819703125
1 0.7050479765625 0.7415136343750001 0.6904463921875 0.8514190312500001 0.83124739375 0.850027825 0.8990404671875 0.7456872578125 0.7050479765625 0.7415136343750001
1 0.682102628125 0.8959376750000001 0.67584480625 0.9446299375 0.793700459375 0.9446299375 0.8124739265625 0.8959376750000001 0.682102628125 0.8959376750000001