5 0.9963239211115852 0.35398796308505714 0.007352157776829671 0.019241073320977707
5 0.9961441386465963 0.4143351860432151 0.007711722706807223 0.02063988221398514
5 0.9942381133156196 0.4684324090013732 0.011523773368760714 0.023819445916316084
5 0.9855803207164364 0.6299428278758471 0.010175520678164674 0.017514882213985138
5 0.983692489037236 0.6566144552805089 0.013555231803034928 0.023092759618646853
5 0.9837695717498939 0.7254735826851706 0.01802440798171716 0.01856895072563951
5 0.9805204472666225 0.7733208056433285 0.011211481803034929 0.023010914065150524
5 0.9804327100869038 0.821840151196825 0.015044957195929243 0.02158482332097762
5 0.8477978384991168 0.7630876884902859 0.010248295285270359 0.01907738221398514
5 0.8460748267122924 0.810099097746113 0.01099315798171716 0.0183234140651507
5 0.8445337514432328 0.8610167570019401 0.013518844499482086 0.022311509618646853
5 0.8488144131490039 0.46569433331814275 0.012701207195929242 0.021502977767481467
5 0.8508820272931932 0.40928064221115007 0.015008569892376044 0.020803573320977663
5 0.8529132541338292 0.35208570110415754 0.012737594499482086 0.02228422776748138
5 0.8200236714211716 0.28437241144844383 0.010466619106588127 0.02376488221398514
5 0.8203554652586998 0.35870028885310556 0.013482457195929243 0.021530259618646852
5 0.8200151710068866 0.4353991981089327 0.013336907981717161 0.018405259618646853
2 0.7823417349034069 0.2817756903043843 0.011065932588823203 0.01988591406515052
2 0.7841269826270952 0.6393252954765275 0.011065932588823203 0.019885914065150702
2 0.6162972038861602 0.2617509109002897 0.012773981803034929 0.023065477767481468
2 0.6194457826698765 0.34615319275145506 0.012029119106587771 0.023819445916315997
2 0.6298932468951189 0.6376685701561169 0.009539819892376044 0.020612600362819578
2 0.6319330899468588 0.7150668838584476 0.008867731803034929 0.022929068511654195
2 0.4497817919755015 0.26521819519852585 0.009539819892376044 0.020612600362819755
2 0.45452925806277067 0.3503471633473604 0.011992731803034928 0.023038195916315996
2 0.47397073262709527 0.6501561903892024 0.009794531017246654 0.026081350362819576
2 0.4780996145539647 0.722003908538037 0.008159256410140791 0.02446428666048881
1 0.7004945754739473 0.32219484837908513 0.13252582547394737 0.35015874582364875
1 0.5407236232404171 0.38646322342149414 0.13432376592065348 0.338521841377145
1 0.3687180365988179 0.33925838512439205 0.12987170636735962 0.3266666821213179
1 0.39781280107172934 0.728720189208076 0.1258370237785363 0.3070263047166561
1 0.558662563892011 0.7716194734214942 0.12205705231458364 0.29285467731199455
1 0.710766565339753 0.7107489168907394 0.13264994995721882 0.30258434137714507
3 0.7996833031249999 0.49490324062499996 0.798511746875 0.45321801875 0.791024709375 0.4514966453125 0.7908247015625001 0.45943493125 0.7726220015624999 0.4600705828125 0.7734205765625 0.5016821593749999 0.63036673125 0.5007292359375 0.6315192546875 0.5254743703125 0.7804614640625 0.51829036875 0.78155380625 0.4805784109375 0.79056295625 0.47828097812500003 0.7930992515625 0.49603790312499996 0.7996833031249999 0.49490324062499996
3 0.6357144406249999 0.6155466875 0.63371865625 0.5770839624999999 0.6263372265625 0.5732432703125 0.629811178125 0.5988987531250001 0.623600109375 0.600107059375 0.47868584375 0.6081418484375 0.47687222812499996 0.5814369421875 0.467202103125 0.5817746296874999 0.4677092140625 0.592662490625 0.47056825468749996 0.6173480687499999 0.476809746875 0.6290270953125 0.627181940625 0.6158446484375 0.6357144406249999 0.6155466875
3 0.79781460625 0.8583433765624999 0.7983344859375 0.8164004890625 0.79093965 0.8166587218749999 0.7909701124999999 0.8295460546875001 0.7767492921875 0.8300426578125 0.7766102078125 0.8637556421875001 0.64454855625 0.8663845125 0.6414739109375 0.861534784375 0.6351706375 0.8607634890625 0.6360309546875 0.8914673359374999 0.6437945578125001 0.8991275265625 0.6430108421875 0.8823008453125001 0.7818062765625 0.8774540015625 0.78335963125 0.8496401390624999 0.7911850125 0.8463925984375 0.79781460625 0.8583433765624999
3 0.49516413281249994 0.9114695796875001 0.49300831250000005 0.8667193171875001 0.486705040625 0.865948021875 0.4867355390625 0.8788353531249999 0.3423900125 0.8868502812499999 0.33458030625 0.8782002546875001 0.33537884375 0.9198118328125 0.3422049046875 0.9195734609375 0.34326592968749997 0.9056565671874999 0.4836296171875 0.8977807546875001 0.4899328859375 0.8985520171875001 0.4894405984375 0.9124490515625 0.49516413281249994 0.9114695796875001
3 0.623485940625 0.206200909375 0.622517871875 0.16172186718749998 0.6139704234375001 0.16092806875000001 0.6140775234375 0.1876925515625 0.603884609375 0.1890399078125 0.5241556953125001 0.189841278125 0.450683953125 0.19042414218749998 0.4483015234375 0.16373911562500001 0.442367059375 0.17088625468750002 0.444134496875 0.196601346875 0.44487211249999997 0.212438240625 0.45245138906250004 0.2161392171875 0.61613716875 0.20744894687499998 0.623485940625 0.206200909375
3 0.4731107546875 0.5455911765625 0.470709628125 0.49805509062500003 0.46559015937500003 0.49823386562499994 0.463868040625 0.5101909546875001 0.30786926718749996 0.5126643468750001 0.299536771875 0.50502395625 0.299075059375 0.531808321875 0.298813275 0.5506543359375 0.3079606890625 0.551326346875 0.3071769734375 0.5344996671875 0.32419594687500003 0.5329139046875 0.3788039734375 0.5310069515625 0.4208976578125 0.5295370078125 0.45104581250000003 0.5284842109375 0.456165359375 0.52830543125 0.46185364062499995 0.5281067921875 0.4656198765625 0.5478035921875 0.4731107546875 0.5455911765625
3 0.7987942890624999 0.557147696875 0.7975495640625 0.53042295625 0.789339771875 0.5376495375 0.7889397234375 0.553526175 0.790338353125 0.571322796875 0.7909220625 0.59608779375 0.797731665625 0.6444293812499999 0.814596659375 0.6517717453125 0.817086853125 0.6685388999999999 0.817962028125 0.7240275781250001 0.8221118546874999 0.7764276999999999 0.8171142671875 0.8281558078125 0.8232167546875001 0.87354781875 0.8298732328125 0.894135134375 0.8289043359375 0.9100316375 0.8296419484375 0.92586848125 0.8394199546875001 0.9156129 0.8352544890625 0.8751103421875 0.824862309375 0.847713559375 0.824496546875 0.6930654953125 0.8200240140625 0.633736790625 0.80106809375 0.630433028125 0.8006070859375001 0.6205350015625 0.800269521875 0.58882151875 0.7987942890624999 0.557147696875
3 0.8417396234375 0.2926047078125 0.8436625265625001 0.2360268734375 0.8361293890624999 0.2333156984375 0.8376202578124999 0.25309195624999997 0.831824096875 0.263208521875 0.827489046875 0.24353158593750002 0.8240916953124999 0.2317532375 0.8124845109375001 0.2272014734375 0.802768209375 0.2265493609375 0.8014461421875 0.222629878125 0.8022767375000001 0.2037639671875 0.7954663562500001 0.1921048046875 0.787440965625 0.20329062968749997 0.7890544984375001 0.2379338265625 0.79340515 0.24571323281250002 0.8010304890625 0.2504040140625 0.810177903125 0.251075990625 0.8198481046874999 0.25073829999999997 0.8214467781250001 0.2605966328125 0.826873353125 0.27924404062499997 0.8291330796875 0.2910621125 0.8417396234375 0.2926047078125
4 0.9261516828125 0.237324790625 0.927450628125 0.21228119531249998 0.90997071875 0.20396886093750002 0.9064350250000001 0.18922110625 0.8968883046875 0.1677433421875 0.8902623265624999 0.16004339218750002 0.8800389531249999 0.148503415625 0.8765493578125 0.13474546406250001 0.8713993921875 0.12203690625000001 0.8608071718750001 0.10257847812500001 0.8487694781249999 0.1010160171875 0.8301058031249999 0.091753609375 0.8084440109375001 0.09151864062500001 0.78796598125 0.09223375 0.777158153125 0.0926111671875 0.7505151546875 0.0955243875 0.74101375625 0.11171885156250001 0.7331884109375 0.11496635625 0.670955003125 0.11218249843749999 0.6530140875 0.09397212031249999 0.6391315765625001 0.08949984375 0.6232503421875 0.091045840625 0.6139489859375 0.09930197187499999 0.6016651468750001 0.10468801093749999 0.593701459375 0.10496610937499999 0.58275533125 0.1023741171875 0.5733773359375001 0.096753096875 0.55977146875 0.098219653125 0.5463038265625 0.102655603125 0.5346810796875 0.1100014 0.5196452265625 0.117466353125 0.5105439140625 0.117784178125 0.49600035 0.1113521609375 0.4917880015625 0.10654217968749999 0.4857308359375 0.09882236718750001 0.4708028625 0.096369425 0.45553658124999996 0.0988853609375 0.4402702984375 0.10140129687499999 0.42434292500000004 0.10195749375 0.40245066406249996 0.0967734953125 0.3894440328125 0.11110752187499999 0.3762530734375 0.12148230468750001 0.3506554984375 0.122376190625 0.3302697484375 0.12507093593750002 0.3142962734375 0.124637296875 0.3581269734375 0.135995125 0.44595787500000006 0.137885065625 0.5553739359375001 0.1261328390625 0.6684796703125 0.120200275 0.7937152984375 0.117809775 0.8579778875 0.127462659375 0.897979125 0.20339620468750003 0.904527725 0.23390141406249998 0.9261516828125 0.237324790625
2 0.35553087014004514 0.1065277306778883 0.014482031017246655 0.02624504146981228
2 0.5261708558720215 0.10761153712382501 0.016680231803034927 0.023201887023308564
0 0.621772416044488 0.3625048790491242 0.05423169747601939 0.2600669699629331
0 0.45294964143738214 0.36683525890085666 0.047981697476019394 0.2598487151536097
0 0.4784827582676584 0.7470311903892023 0.04578134263745515 0.2293526833024444
0 0.631353047142788 0.7362151975607786 0.04879718072679644 0.22711806070710594
0 0.7886390082676584 0.7362002954765275 0.05090118217453856 0.1718130018140986
0 0.29331993031251163 0.36693200653860397 0.03748084511865457 0.2688417692372937
0 0.3474494703125 0.8731488828125 0.326825128125 0.646726578125 0.3155072046875 0.6521872390625 0.33568834375 0.8775252421875 0.3474494703125 0.8731488828125