2 0.44730161905195925 0.2103650214702104 0.02226686960011346 0.03482232103256999
2 0.5906845752198943 0.3484048058122518 0.025200896641955416 0.029535581555913737
2 0.6455010499921509 0.3937481269154089 0.02304811960011328 0.034867823663405864
2 0.7270089995366639 0.48607286383181647 0.01886905108845909 0.026827810509226245
2 0.77084084509016 0.4858684665050047 0.017306551088459087 0.02673680524755433
2 0.8318353979927178 0.5512057691923103 0.017016374409436708 0.04075380261671846
2 0.8959549508952754 0.6163610613562722 0.016334328130301046 0.02122255261671846
2 0.17521337576019919 0.6011922317253229 0.02188492368379742 0.023884821032569902
2 0.20541923093234232 0.6143068817535577 0.017842264427970277 0.019751057878390377
2 0.16243308964786451 0.3921357501411743 0.03295883293962456 0.028428107864272877
2 0.34632199472734043 0.5019826450489118 0.018950896641955418 0.029171560509226247
2 0.3727580091553107 0.5192310582313262 0.018196928493120802 0.0299073078783902
2 0.5015129809323423 0.5970613846667423 0.01582589664195542 0.02898954998588259
2 0.3420586245790728 0.6713241792497787 0.018759923683797374 0.023702810509226246
2 0.03290433547151328 0.5163229500141174 0.021021828130301123 0.021495568401734035
1 0.0328046765625 0.6589152390625 0.201861653125 0.7317808578125 0.3139465796875 0.6878145609375 0.0239344375 0.5357990953125 0.0328046765625 0.6589152390625
2 0.1859375993513294 0.7289532106786355 0.015416668874473993 0.01727079998588259
2 0.07643362457907285 0.686795073733993 0.026490578130301135 0.021814086817585475
1 0.435038978125 0.7895934015625 0.52863455625 0.7397387578125 0.37524787187499997 0.6668311 0.2809702859375 0.7158548109375 0.435038978125 0.7895934015625
3 0.384733896875 0.6392883484375 0.434062490625 0.6120369906249999 0.42240769062499994 0.5961733921875 0.37248811875 0.6252004765625 0.384733896875 0.6392883484375
3 0.065489259375 0.5290255359375 0.34649808125 0.647609903125 0.3579694453125 0.6208221734375 0.08100645625 0.48720105468749997 0.065489259375 0.5290255359375
3 0.46670296875000006 0.5927054187499999 0.19445195937499998 0.4257250328125 0.1864961359375 0.4409895125 0.4384083125 0.5865175171875 0.4290277890625 0.5983823625 0.450896828125 0.6075564765625 0.46670296875000006 0.5927054187499999
1 0.7252061750000001 0.68388644375 0.8821952718749999 0.6355634703125 0.398490440625 0.17268757968749998 0.17559773125 0.3719894171875 0.3847876 0.5095578703125 0.524292796875 0.596333834375 0.58873104375 0.5716850531250001 0.7252061750000001 0.68388644375
1 0.635962392002268 0.6362009374246351 0.03158730589778251 0.03380585260260105
5 0.5558458499843015 0.8303142294474227 0.021803078130301044 0.021541071032569904
5 0.6106325537051658 0.807552292658072 0.022938992195451747 0.03174282366340586
5 0.6652109263005042 0.8012421084995573 0.01895089664195524 0.029171560509226334
5 0.7240130074260301 0.7813776585560271 0.01932291887447395 0.017498313140062293
5 0.7884475296585488 0.7658821901966455 0.022638891832631992 0.023149073663405774
5 0.8629837381887364 0.7482326876363967 0.02272073738612832 0.02549282366340595
5 0.9380010963561045 0.721943932445312 0.022447918874473772 0.01768032366340595
4 0.91418890625 0.672879453125 0.91538534375 0.6510434359375 0.9004418812500001 0.634500725 0.7075360671875 0.701458025 0.6641172765625 0.710952109375 0.636504628125 0.7055951359375 0.607407978125 0.73253876875 0.5766438953125 0.7491316796875 0.5538052921875 0.7495912234375 0.52217715 0.7601398859375 0.4910793015625 0.76717505 0.505477990625 0.805515821875 0.5847831546875 0.7765185296875 0.67572725625 0.744231384375 0.7829933109375 0.7118642484375 0.8438553343749999 0.6970009453125 0.91418890625 0.672879453125
1 1 0.78788443125 0.9612328937499999 0.7484982546875 0.4894767046875 0.8708761390624999 0.5636768234375 0.9013806093750001 1 0.8108588984375 1 0.78788443125
5 0.7811136569783924 0.4437796770424658 0.02687252404661713 0.03275158681758548