5 0.7734375 0.8020090326537737 0.01328125 0.011401291469812235
5 0.7859375 0.8696330422724206 0.0140625 0.009866073320977619
6 0.80625 0.8437798704027216 0.0125 0.009811509618646852
6 0.7359375 0.8842932537978332 0.00859375 0.008893850362819932
2 0.74921875 0.8433507952676453 0.028125 0.01660714664195524
2 0.7 0.8267882886442234 0.01640625 0.010729168874473772
2 0.578125 0.8733135698624167 0.0109375 0.008975695916316084
2 0.64296875 0.8974529635091472 0.021875 0.024201391832632167
6 0.65546875 0.924451973127794 0.009375 0.008921132213985317
5 0.71875 0.9180680530721936 0.01171875 0.011346727767481468
5 0.64921875 0.9375149683184706 0.009375 0.008921132213985317
5 0.65625 0.8424480049789593 0.01875 0.010029764427970277
2 0.5390625 0.8875744773041452 0.01171875 0.012127977767481469
2 0.50390625 0.903534294001701 0.01640625 0.015416668874474126
2 0.4625 0.9177133558899332 0.01015625 0.0136359140651507
6 0.6984375 0.8548587249418926 0.00625 0.008030754809323425
5 0.69140625 0.49289443828140367 0.021875 0.015607641832631991
2 0.7421875 0.5095115086071565 0.01953125 0.013182046279135662
5 0.71015625 0.527142952709374 0.02421875 0.01803323738612832
5 0.5703125 0.31991575135076233 0.01484375 0.02161210517214318
5 0.48671875 0.20059034327606157 0.01484375 0.012237105172143159
5 0.4578125 0.19567466478294074 0.0109375 0.016788195916315994
2 0.36953125 0.08321681560124741 0.01796875 0.01390873257680485
4 0.5885839421875 0.3088248984375 0.629409521875 0.351489975 0.6310001421875 0.3817394 0.681899553125 0.44231547187500003 0.7550674671875 0.515445525 0.7805172078125 0.58625694375 0.8330072390625001 0.65462829375 0.85739654375 0.6872630140625 0.8642891718750001 0.69028473125 0.8616381499999999 0.6766843765624999 0.8139199421875001 0.608415915625 0.785819215625 0.5581709015625 0.750295678125 0.49852905625000005 0.7084096609375 0.44999512812500003 0.6691747359375 0.41048537031250004 0.643724959375 0.37582714375 0.64266459375 0.347185384375 0.623577296875 0.32328489375 0.5907047453125001 0.295121375 0.5753288703125 0.28504952656250004 0.559952996875 0.25551055625 0.537154346875 0.22512385 0.5207180359375 0.2110420890625 0.5185972343749999 0.1847470171875 0.510114021875 0.166970115625 0.50799321875 0.15378555 0.48678511875 0.1395371421875 0.448610525 0.126285425 0.40672457812499996 0.1085339359375 0.38604666249999997 0.09549591406249999 0.38763728125 0.11349316875 0.422100453125 0.131780021875 0.4936777109375 0.153746678125 0.5106442046875 0.2119459234375 0.5196576703125 0.22338473906249998 0.56048325 0.27963615625 0.5885839421875 0.3088248984375
5 0.8578125 0.7299554725796399 0.02578125 0.01965030108845909
3 0.7538232203125 0.821814415625 0.7564203453125 0.8169318062500001 0.7466089265625 0.801453040625 0.7783517843750001 0.7911013015624999 0.7821032109375 0.7955569171875 0.7945117749999999 0.7916656203125 0.8317374828125 0.7793430390625 0.8591517734374999 0.7649479968749999 0.8559774875 0.7615936921875 0.8450117859375 0.74845315 0.821637484375 0.755392903125 0.8331803453125 0.7735269046875 0.7823917734375 0.791214084375 0.778928925 0.7876334640625 0.7304489375000001 0.8043201109375 0.7417031984375 0.82611995 0.7538232203125 0.821814415625
2 0.7546875 0.8052605182258035 0.01328125 0.012182541469812236
3 0.49890500937500004 0.634020796875 0.5026116734375 0.643337246875 0.5097399203124999 0.64273156875 0.6121014421875 0.8411826781249999 0.6026921656249999 0.8449134734375001 0.61010553125 0.854573028125 0.6393903859375001 0.8442834843749999 0.6346266765624999 0.8349187734375001 0.6249322625 0.8362894453124999 0.6206553218749999 0.8280213328125001 0.5191491953125 0.634086778125 0.5302692437500001 0.6329795359375 0.52428153125 0.6246516765625 0.5128763453125 0.6289537328125 0.49890500937500004 0.634020796875
3 0.5924620734375 0.86253455 0.597470271875 0.86105824375 0.5942650296875 0.8510391343749999 0.5818446749999999 0.8524067109375 0.5698249765625001 0.8570906718750001 0.5750335078125001 0.8680803875 0.5840482859375 0.8656932359375 0.58785451875 0.8697289781249999 0.596869296875 0.868392584375 0.602478484375 0.8754934640625001 0.6233126265625 0.8732188328125 0.624915246875 0.875376321875 0.6362739265624999 0.871353234375 0.632327390625 0.8663284156250001 0.6243142578125 0.8686004421875 0.618304415625 0.8700417703125 0.61249489375 0.8707395484375 0.6074866953125 0.8617082421875001 0.597470271875 0.8648109609375 0.59486600625 0.86577078125 0.5924620734375 0.86253455
3 0.4307485953125 0.9146446750000001 0.4281329453125 0.9157782890625 0.433037259375 0.924808559375 0.45428932031249997 0.9162410187500001 0.44840413281249997 0.90819576875 0.4399033171875 0.9110838046874999 0.37189675312500003 0.7350190140625 0.383013196875 0.73246731875 0.377781940625 0.725424878125 0.358491625 0.73283596875 0.4307485953125 0.9146446750000001
3 0.2594373546875 0.44773785000000005 0.2674364796875 0.4555095234375 0.257104265625 0.46563799531249994 0.303099390625 0.5808780546875 0.3007663 0.5867904562499999 0.3080988546875 0.591791665625 0.320097540625 0.582470625 0.309765328125 0.5763656828125 0.2647701046875 0.466654934375 0.27410246250000003 0.45649154531249997 0.2707694703125 0.4456361359375 0.2764355515625 0.44333654375 0.27276927500000003 0.43746439375 0.2594373546875 0.44773785000000005
3 0.23377341875000002 0.4178805578125 0.20544310625 0.415392771875 0.19677736562499998 0.4103450046875 0.1827788296875 0.423092640625 0.1861118203125 0.4277044390625 0.19177790156250002 0.42965051406250004 0.2044432046875 0.42235070781250006 0.239772784375 0.4258321484375 0.2864344796875 0.3620284828125 0.298099925 0.3629353359375 0.3140982203125 0.376730484375 0.32676352343750004 0.378920975 0.343095125 0.357513753125 0.3480945890625 0.3594365484375 0.35476055 0.34868055781249996 0.3474279953125 0.3409321625 0.3400954421875 0.3459207375 0.3187643546875 0.37189853125 0.3074322390625 0.3580165875 0.28243491718749997 0.35389698125 0.2781020234375 0.35824108125 0.23377341875000002 0.4178805578125
3 0.42142012500000003 0.48032677812499996 0.42841936875000003 0.481320428125 0.444084378125 0.468381253125 0.43741841875 0.46240433437500006 0.428086084375 0.460330225 0.366092665625 0.34508036249999996 0.37809139687500004 0.3287664765625 0.3714254375 0.31829416718750003 0.3804244859375 0.318108915625 0.37942458437500004 0.312080125 0.372758625 0.3128463390625 0.366092665625 0.3168592140625 0.35782971875 0.3219497890625 0.363426290625 0.3264660703125 0.364092884375 0.3332324625 0.3584268265625 0.34702030625 0.423086596875 0.466649 0.423086596875 0.47064492187500007 0.41908703437500006 0.476249384375 0.42142012500000003 0.48032677812499996
3 0.370311 0.173818871875 0.36783419375 0.1688395375 0.35770178750000003 0.166798525 0.34892040625 0.178977046875 0.353423675 0.1865579234375 0.34869525 0.1919605171875 0.35545016875 0.19793284375 0.3772910734375 0.2054442859375 0.384946659375 0.20233724999999997 0.410615365625 0.21015108749999997 0.432456284375 0.22508615468749998 0.4403370265625 0.22991675625000002 0.4482177703125 0.232722740625 0.46217932812500007 0.216109778125 0.452721053125 0.2134773546875 0.4488932671875 0.20861956718750002 0.44123768124999996 0.217463034375 0.41556897499999995 0.1985137703125 0.395754534375 0.1939413 0.37368845781250004 0.193676896875 0.3601785921875 0.190168184375 0.370311 0.173818871875
3 0.276633321875 0.31153030937500004 0.2726145453125 0.3071741203125 0.260397471875 0.30482025 0.2541281796875 0.2964105265625 0.24673365 0.298802259375 0.242393384375 0.30166201875 0.23532034531249998 0.3011741171875 0.2337128296875 0.30569519375 0.24271487500000002 0.31251400625 0.250109425 0.3096404546875 0.256539440625 0.311189978125 0.26345173437499997 0.31323815312500003 0.25396743437499997 0.321459109375 0.25895072343750003 0.32548762343750004 0.2665059984375 0.325992365625 0.276633321875 0.31153030937500004
3 0.2435186203125 0.3547005859375 0.24705514062499997 0.3539809140625 0.2504309140625 0.34771479375 0.2557356953125 0.3424796609375 0.2552534375 0.33704243906250003 0.24689439531250001 0.335425553125 0.24287561875 0.3367306484375 0.238535353125 0.3419994625 0.234677321875 0.34029885000000004 0.23306982812500002 0.336749584375 0.2374100953125 0.3212422703125 0.2362848359375 0.31481897812500004 0.2283762625 0.31139261406249996 0.2242285296875 0.31849335624999997 0.2293725421875 0.32421382187500003 0.2258360234375 0.3334856484375 0.22615753437500002 0.3395195234375 0.22889030781250003 0.34816710624999997 0.23998210156250002 0.350240784375 0.2435186203125 0.3547005859375
6 0.2703125 0.3320957705032381 0.02421875 0.01100198738612832
5 0.2859375 0.25373515752654663 0.0171875 0.012318950725639422
5 0.2984375 0.23151541714519347 0.0109375 0.009756945916315995
5 0.31484375 0.20786958601966746 0.0140625 0.010647323320977708
5 0.3796875 0.25232147966639795 0.015625 0.009139387023308566
5 0.40390625 0.22113596705252622 0.01875 0.008467264427970278
5 0.3578125 0.28280758783376597 0.01328125 0.012182541469812236
5 0.29140625 0.3718948804847046 0.0140625 0.006741073320977708
5 0.27265625 0.3954588660567343 0.0125 0.008249009618646852
5 0.25859375 0.41684279273575664 0.01015625 0.0073859140651505225
5 0.21171875 0.36208088166583097 0.01796875 0.010002482576804805
5 0.20078125 0.37966768574951504 0.01328125 0.010620041469812236
5 0.1921875 0.39577383538669525 0.0125 0.013717759618646852
3 0.6807064406250001 0.5105295812499999 0.6698671921875 0.5201473625 0.663474834375 0.5190911140625001 0.5561942015625 0.3547870609375 0.558973503125 0.3503024796875 0.5648100046875 0.3496732734375 0.5717582390625 0.3432517140625 0.575371315625 0.339837528125 0.5681451625 0.3350035484375 0.560388828125 0.334557853125 0.5498275359375 0.3416862703125 0.553162675 0.3476339046875 0.5420455265624999 0.359532796875 0.650159925 0.527581159375 0.6623631203125 0.52842381875 0.6684775609375 0.5357180484375 0.6937690953125 0.5211902937499999 0.6807064406250001 0.5105295812499999
0 0.7988298015625 0.7725966546875 0.7832197859375001 0.7506548921875 0.6247895015625 0.8172383640625001 0.6395960734374999 0.8338428421874999 0.7988298015625 0.7725966546875
0 0.5551986484375 0.8680630921875 0.5440937328125 0.851587878125 0.4448897359375 0.894166896875 0.4582156546875 0.9023985812499999 0.5551986484375 0.8680630921875
0 0.6645020265625 0.5676353234375 0.625529853125 0.5261362375 0.5055966749999999 0.60793253125 0.5359501203125 0.6472694531250001 0.6645020265625 0.5676353234375
0 0.372337528125 0.7079258890625 0.39096182968750004 0.74431023125 0.47746418281249997 0.6894074671875 0.45303334843750004 0.6519415890625 0.372337528125 0.7079258890625
0 0.3967683640625 0.522208890625 0.3819618421875 0.49617387187500006 0.31163063750000003 0.56028648125 0.32643716093749997 0.5879857125 0.3967683640625 0.522208890625
0 0.54335338125 0.385225709375 0.5233645515625 0.35124340468750004 0.42564120625 0.44934796875 0.4463703875 0.47392558281249997 0.54335338125 0.385225709375
0 0.4545072640625 0.24305373281249998 0.41545904843750003 0.22210888281250002 0.361392325 0.292694009375 0.391729784375 0.3178361140625 0.4545072640625 0.24305373281249998
0 0.301318203125 0.37228892187499996 0.261368909375 0.42671170937499997 0.28029225625 0.4449281421875 0.2745852203125 0.4514810015625 0.27857927656250003 0.45726221718750004 0.333157503125 0.39140652187499997 0.301318203125 0.37228892187499996
5 0.43828125 0.17233636850380507 0.01875 0.013936014427970277
0 0.28881220625 0.263516234375 0.337375346875 0.2809264625 0.3901437921875 0.2140809609375 0.334372171875 0.19800701406250001 0.28881220625 0.263516234375
0 0.23112806875 0.4119688703125 0.26524673593750003 0.3641211109375 0.2314695046875 0.355289809375 0.1984778671875 0.40240279375 0.23112806875 0.4119688703125
1 0.6195145984375 0.8019326781249999 0.8254217859375 0.7158321890625 0.7161331015625 0.541614615625 0.5346787765625 0.65652934375 0.6195145984375 0.8019326781249999
1 0.5861494609375 0.8208502359375001 0.51582644375 0.6717631546875 0.38307419375 0.756594303125 0.44434443906250004 0.8841053531249999 0.5861494609375 0.8208502359375001
1 0.309235621875 0.611480546875 0.3520599296875 0.7122590140625 0.45062854999999996 0.6387848265625 0.39564241718750004 0.5315055625 0.309235621875 0.611480546875
1 0.4875478359375 0.6006379859375001 0.628940765625 0.5072796078125 0.5511746484375 0.3909644765625 0.4270630796875 0.5019956953125 0.4875478359375 0.6006379859375001
1 0.4278485671875 0.43748811718749997 0.54331945625 0.3173261921875 0.47812166874999995 0.2244052640625 0.375219003125 0.3514806828125 0.4278485671875 0.43748811718749997
1 0.3131632703125 0.5537461703125001 0.40475166875 0.45690289531249995 0.35243901875 0.378538196875 0.275458390625 0.47120291875 0.3131632703125 0.5537461703125001
4 0.1622206859375 0.33698490625 0.1568329140625 0.3536576765625 0.161903728125 0.37805748125 0.15905140625 0.389119334375 0.153029803125 0.39983303124999997 0.159685278125 0.40766472968749995 0.1710946109375 0.41305018593750004 0.1682422890625 0.40582624999999994 0.16348838906250002 0.39853590625 0.16887611875 0.3856627734375 0.1679253734375 0.362831715625 0.16126989687499999 0.3535751421875 0.172152621875 0.34151375 0.1692988125 0.32772820468749997 0.167586496875 0.31697631406250004 0.168727990625 0.3007641890625 0.172152621875 0.29061936718750003 0.17520363125 0.27029822187499997 0.172679271875 0.266467446875 0.168559203125 0.26252393125 0.1650730078125 0.26501444531249996 0.1650730078125 0.2726137328125 0.162854515625 0.2860724921875 0.16095298125 0.31699251093749997 0.1622206859375 0.33698490625