2 0.8603422630296785 0.530074523668099 0.01162885876750579 0.015225695916316085
2 0.8480991282073249 0.49052095034712123 0.01077483416039975 0.0136359140651507
2 0.8334758560814185 0.45166678147264727 0.010139133374611475 0.01673363221398514
2 0.7875897754356753 0.327991179295729 0.010029971463952592 0.014389882213985138
2 0.7668085485950392 0.2701414737607662 0.009394270678164318 0.017487600362819756
2 0.8063612001666158 0.27778284817020304 0.018606604838564068 0.03106895072563942
2 0.8416629993808276 0.27588553147264727 0.016080918320799498 0.027080855172143183
2 0.8584437768834174 0.3860244233052793 0.0251284325888232 0.02037698738612832
5 0.8797965461138398 0.3139956558820841 0.010066358767505789 0.015171132213985139
6 0.8864061110438172 0.3736980380960692 0.008212760339082336 0.008866568511654283
5 0.898542238008288 0.3819470477147161 0.007504284946188022 0.01040178666048881
2 0.8186771095960751 0.3157739214911807 0.012664819892376045 0.02072172776748138
6 0.8066373360224265 0.22145100261670675 0.009920809553293709 0.01204613221398514
6 0.7836536002904502 0.22769107893290935 0.0076498341603997485 0.01352678666048881
5 0.7646296184874153 0.24971984635610447 0.010321069892376045 0.02063988221398514
2 0.7128210235736485 0.11879473936986282 0.012228172249741043 0.011346727767481423
5 0.6942315353604729 0.16509682049538882 0.015263281017246656 0.02627232332097771
2 0.4716587144346393 0.27313746587139986 0.013227746071058633 0.01606150961864685
5 0.13254044065610304 0.5649132157865819 0.01393622146395268 0.014526291469812236
5 0.18079385008556248 0.6041592542611692 0.012373721463952724 0.014471727767481467
5 0.21098861828252752 0.6279067783077863 0.010102746071058632 0.01595238221398514
5 0.2396208864794926 0.6515997386520727 0.009285108767505611 0.015143850362819756
5 0.1625831974805286 0.6927306809401916 0.011628858767505612 0.015225695916316085
5 0.18774586332012883 0.7069122320286507 0.012373721463952724 0.014471727767481467
5 0.20967436724907024 0.723328405712448 0.013264133374611475 0.01684275961864685
5 0.07517093466024702 0.73819445916316 0.012555657981717361 0.018377977767481467
5 0.31953521071509494 0.8007217741314351 0.009285108767505611 0.015143850362819577
5 0.3354684257689069 0.811450943005909 0.007613446856846906 0.01274553666048881
5 0.34980275351916584 0.8229067981780525 0.009993584160399749 0.013608632213985316
5 0.40035071712523573 0.7792857729503087 0.008394696856846906 0.012772818511654193
5 0.37409858623182357 0.7548934081595189 0.00846747146395277 0.014335318511654194
5 0.34978994499932925 0.7391766389222252 0.0076862214639527695 0.01430803666048881
5 0.3270801910703878 0.7227331833872622 0.00846747146395268 0.014335318511654194
2 0.18380118776061893 0.4555853450053421 0.010066358767505612 0.015171132213985139
2 0.2234287679920773 0.4280159057124481 0.009175946856846907 0.012800100362819578
2 0.2953423093484061 0.3960962723173366 0.007577059553293885 0.01196428666048881
5 0.45370492700725196 0.3225918288480913 0.018842045285270358 0.019377482576804893
5 0.4873907222925222 0.3049876665970393 0.01471747146395277 0.014553573320977708
4 0.650319978125 0.1608339234375 0.6353486421875 0.1659763453125 0.6020222578125 0.188555325 0.5468187953125 0.22577104375 0.49602794687499996 0.245815065625 0.46498510625 0.265907 0.43179301406250004 0.2856030234375 0.415149984375 0.3119730796875 0.3747554546875 0.3363410265625 0.3592384296875 0.3592210734375 0.3270345125 0.36804278125 0.30356985000000003 0.371073553125 0.284188696875 0.38900592343749996 0.26347269687499997 0.4149129125 0.2438510875 0.43283688593749997 0.20048658437500003 0.4589155015625 0.1724566875 0.483033971875 0.1301532453125 0.491502984375 0.11353307500000001 0.49669786406250005 0.097639540625 0.5173188343749999 0.08667817343749999 0.54581238125 0.10257694375 0.540592309375 0.1127853234375 0.5075805875 0.1686575359375 0.4922058890625 0.2054101015625 0.4684631671875 0.2493002765625 0.4414403671875 0.28519016875 0.40002087968750005 0.31088135 0.375891884375 0.3353957703125 0.377028040625 0.360911425 0.3670102328125 0.37986957499999996 0.3426461140625 0.41638168281250004 0.318894996875 0.4353843171875 0.2929281921875 0.461724046875 0.27555965625 0.500760165625 0.24932989062500002 0.52167888125 0.2449268203125 0.56117225 0.22909711875 0.5884738375 0.21176217187500002 0.650319978125 0.1608339234375
2 0.876528035155585 0.5689832562449039 0.016207196856846906 0.013045637023308566
3 0.8835484515625 0.5987429609375 0.8748274203124999 0.5776804765625 0.8680535781250001 0.5795535609375 0.8683529968749999 0.588236934375 0.692204234375 0.652641075 0.6905320984375 0.64320655 0.6831330999999999 0.64716743125 0.6902987015625001 0.6671075234375 0.699235190625 0.66413795625 0.6983337125 0.6608248234375 0.8717045046875 0.5993709234375 0.8747141078125 0.6027576640625 0.8835484515625 0.5987429609375
3 0.8163072 0.4178593109375 0.8054702953125 0.3893478015625 0.7962491359375 0.39465146875 0.7987233765624999 0.4057548234375 0.5911280171875 0.5035180968749999 0.59169480625 0.49134892499999994 0.5823088765625 0.496412428125 0.5945498812500001 0.524499490625 0.6042762765624999 0.5196822703125 0.6008582609374999 0.509952365625 0.80203036875 0.41829368125000005 0.8052823296874999 0.42403292031250006 0.8163072 0.4178593109375
3 0.78692569375 0.28545865625 0.782787671875 0.272983159375 0.7775224546875 0.2720037140625 0.7663265171875 0.2819264875 0.7544900906249999 0.2489310921875 0.7574099328125 0.2466890296875 0.757649728125 0.24154053125 0.72899954375 0.165296590625 0.7235669953125 0.1723733890625 0.7195347421875 0.16449726874999998 0.7100943140625 0.170730890625 0.7113484203125 0.1778067859375 0.72025026875 0.20202677812499997 0.73300549375 0.1926272609375 0.729609275 0.1824293203125 0.731618028125 0.18085865 0.754499703125 0.2449465765625 0.74953841875 0.24946139218750002 0.7620012578125 0.2841194734375 0.7650692078125 0.29758759375 0.78692569375 0.28545865625
3 0.49703340625000003 0.34639314374999997 0.4816532859375 0.3214781203125 0.473360940625 0.3253955328125 0.47145413437499994 0.33611149687499997 0.4825814453125 0.35032986250000003 0.309560221875 0.457504603125 0.30645124687499997 0.45247357343749994 0.3007507078125 0.44641441875 0.3006051625 0.4382052234375 0.2945340296875 0.4401028453125 0.2943839828125 0.4508801546875 0.303126846875 0.4596239875 0.30907808281250004 0.4603006140625 0.3193039390625 0.4712058453125 0.48102301562500005 0.3727904296875 0.48728073125 0.3706649203125 0.49107383281250006 0.353451534375 0.49703340625000003 0.34639314374999997
3 0.440078240625 0.58662798125 0.42551495 0.5743992609374999 0.4206844515625 0.5761057968750001 0.41971053437499994 0.5856823234374999 0.3011825875 0.6445977140625 0.2849061234375 0.6313715578125 0.277266053125 0.6367304390624999 0.27480025625 0.6296122234375 0.2685983265625 0.6343181234374999 0.2737282296875 0.6412949625000001 0.27401547187499997 0.6464618640625 0.28162666718749996 0.6530565312500001 0.28743365625 0.6492744640625 0.2840944875 0.6454074000000001 0.28803569218749997 0.6439042203125 0.2993592234375 0.653910175 0.3041243109375 0.6536077703125 0.420259453125 0.596952846875 0.42561697656249997 0.595264715625 0.4267460625 0.58991286875 0.4330512140625 0.598102759375 0.4392204546875 0.5940989328125 0.440078240625 0.58662798125
3 0.4469918609375 0.6033640171875 0.44627533125 0.612483825 0.45169120312500005 0.6208770640625 0.457311596875 0.6173228828124999 0.4654293265625 0.62815450625 0.619429409375 0.559460875 0.6196570234375 0.5507959015624999 0.62518895 0.5453634015625 0.6151836109375 0.5259455703125 0.606719671875 0.5301036671875 0.607611525 0.5374013140625 0.6123028765625 0.546238059375 0.610525590625 0.5503952578125 0.46119120625 0.6171421921875 0.45649024374999997 0.6122899625 0.45432377187500006 0.6021349593750001 0.4469918609375 0.6033640171875
3 0.5496293078125001 0.7137599171875 0.5498583359375 0.7082098953125 0.53957799375 0.698474765625 0.5347257078125 0.700649353125 0.53366329375 0.7083475609375001 0.422101546875 0.7499259687500001 0.4141050125 0.7402705984375 0.4040272734375 0.74507555625 0.402344240625 0.7358750515625 0.39475866875 0.7400638140625 0.39945965625 0.7449160515625 0.39921986249999997 0.7500645484375 0.404096521875 0.7549228968749999 0.4105190203125 0.7530375453125 0.410704315625 0.7490591640625001 0.41645935468750006 0.7539482015625001 0.4224336875 0.7579072874999999 0.5325027953125 0.7181519734374999 0.5383873578125 0.7164822390625 0.53949464375 0.7115984375 0.5433948125 0.7185323312499999 0.5469846656249999 0.7170168671875 0.5496293078125001 0.7137599171875
3 0.315788065625 0.6617577671875 0.30432774687499997 0.6543209531249999 0.297529328125 0.6553628578125 0.2967903796875 0.6635714796875 0.30346123125 0.6709303828125 0.3261278328125 0.6921739046875001 0.312218696875 0.7100573015625 0.3104085796875 0.7310552343750001 0.375210446875 0.78139081875 0.3723642546875 0.809320171875 0.3670335359375 0.8165766718749999 0.371848809375 0.8203869812500001 0.3726518515625 0.826115778125 0.379982390625 0.83207253125 0.3847214140625 0.8298627062499999 0.385867665625 0.820559821875 0.3773880203125 0.811200025 0.382249203125 0.7757400249999999 0.36596992031250003 0.760286225 0.3669020421875 0.753034465625 0.3620343640625 0.7477971375 0.359092890625 0.7573540390625 0.342198090625 0.7423538109375001 0.3423224078125 0.7371324546875 0.3393978265625 0.7310128546875 0.33597165 0.7331101765625 0.3356394296875 0.73769085 0.3187096 0.724093090625 0.3188542796875 0.713330040625 0.3354562671875 0.6963324453124999 0.33578589375 0.6841506625 0.31576034218750004 0.6674575578125 0.315788065625 0.6617577671875
3 0.31071188437499997 0.7650690484375 0.295993534375 0.754968184375 0.291285196875 0.7597579078125001 0.2910143796875 0.765572471875 0.2917279828125 0.7673181265625 0.2978984578125 0.7713721609374999 0.2976707234375 0.7762616828125 0.28925080937500003 0.775702925 0.27686207343749997 0.7728877453125 0.268436728125 0.7745789859375 0.2666894640625 0.777959440625 0.26907249218749996 0.7843961312500001 0.268554021875 0.7912609609375 0.2732180015625 0.7956594796875 0.2755221046875 0.788857009375 0.274627834375 0.784590128125 0.2782291859375 0.7819362437499999 0.2842251421875 0.78333690625 0.2919329 0.7863857125 0.2983434171875 0.78528593125 0.304090290625 0.7835011515625 0.3065721671875 0.77074850625 0.31071188437499997 0.7650690484375
3 0.2817317640625 0.753668925 0.2839920625 0.7456736453125 0.269015 0.7344291421875 0.262865890625 0.7384500625 0.2625965265625 0.748500328125 0.2587160296875 0.75074736875 0.25459405 0.7539125328125 0.25139639687500004 0.758565975 0.2562164078125 0.7660143171875 0.25815266718749996 0.7713765 0.2638202515625 0.7734275078125 0.270559146875 0.771677375 0.2680638890625 0.7633836671875 0.263988978125 0.7591380812499999 0.2675787390625 0.7588663484375 0.2696098515625 0.7515248859375 0.27256746249999997 0.7520252578125 0.275929490625 0.7566430421875 0.2817317640625 0.753668925
6 0.2886341211780117 0.7417361545313217 0.010284682588823202 0.01985863221398514
3 0.190915265625 0.55876820625 0.1748864171875 0.5480465578125 0.1681969 0.5506357093750001 0.16858371875 0.5605288515625 0.177154075 0.5676027453125 0.16350096249999999 0.5832156609375 0.1589169890625 0.5951934249999999 0.149644034375 0.62140348125 0.1523973484375 0.6305324406249999 0.14622747187500001 0.644713028125 0.132645409375 0.6360527453125 0.1279911734375 0.635890215625 0.12451747500000002 0.64677764375 0.1368973515625 0.6585009734375 0.144101846875 0.6539538859375 0.1510191359375 0.660123215625 0.1560671484375 0.6518312453124999 0.163042334375 0.6340092015625001 0.16069745468750002 0.620660378125 0.1697719875 0.59416110625 0.18682001718750002 0.5693516609375 0.190915265625 0.55876820625
4 0.3589875984375 0.8606324437499999 0.3669040765625 0.8461151906250001 0.3600790921875 0.84597198125 0.3569887734375 0.8567519046875001 0.3463091984375 0.8462169796874999 0.325195221875 0.8462055171875 0.30487293437499996 0.8496695265625 0.297008190625 0.8430436374999999 0.2646061078125 0.8426379921875 0.2412466109375 0.8381929796875 0.2228338140625 0.8328319265624999 0.21582477656250001 0.842930615625 0.22331329218749998 0.8430106546875 0.24699639843750001 0.8492816046874999 0.29372082499999996 0.8492800859375 0.3052491734375 0.8562153671875 0.3181166984375 0.8519466421875 0.342877390625 0.85262984375 0.3490848078125 0.8597422453125001 0.3589875984375 0.8606324437499999
0 0.864832846875 0.57340385625 0.8245901437500001 0.47935288125 0.8123501984375 0.483209640625 0.852570925 0.586363759375 0.864832846875 0.57340385625
0 0.7923736890625 0.3856021375 0.7325186640625 0.229281009375 0.715465321875 0.24153806875 0.7753203484375 0.397859196875 0.7923736890625 0.3856021375
0 0.609571721875 0.48675301718749997 0.52515214375 0.35792540625 0.48331096406249996 0.383807459375 0.5627461312500001 0.508145371875 0.609571721875 0.48675301718749997
0 0.4392508828125 0.5702378078125 0.344616378125 0.46597082500000003 0.31242034687500003 0.48815779375 0.39994856562500003 0.585466575 0.4392508828125 0.5702378078125
0 0.5459913328125 0.695251496875 0.48463484375 0.62295521875 0.45260672343749997 0.637366978125 0.5157180515625 0.7065113843749999 0.5459913328125 0.695251496875
0 0.7062620734375 0.637656440625 0.647132490625 0.5484456609375 0.6065773546875 0.5683059 0.6645017828124999 0.6538704359375 0.7062620734375 0.637656440625
0 0.2861122515625 0.6270968078125 0.1971738890625 0.5468791359375 0.17841210000000002 0.59173991875 0.2476653359375 0.6498528140625 0.2861122515625 0.6270968078125
0 0.413199540625 0.738190021875 0.349810190625 0.6771689609375 0.328102871875 0.7095132296875 0.377985496875 0.7519549859375 0.413199540625 0.738190021875
1 0.7676076390625 0.410058984375 0.680637365625 0.19896018437500002 0.5145031624999999 0.307540471875 0.612911946875 0.48967635625000006 0.7676076390625 0.410058984375
1 0.8450133265625001 0.590139775 0.7862596046875 0.4502580296875 0.642131478125 0.5206520234375 0.7090294296875 0.63871726875 0.8450133265625001 0.590139775
1 0.6740120328125 0.66821964375 0.6063809124999999 0.57197985625 0.495585375 0.6222778796874999 0.5702062953125 0.7116805265624999 0.6740120328125 0.66821964375
1 0.5167136343750001 0.708110628125 0.42388946718750004 0.6163703968750001 0.33453955625 0.6603361078125001 0.42866254687499994 0.7424775921875 0.5167136343750001 0.708110628125
1 0.1783115296875 0.5172276953125 0.306236859375 0.6390480328125 0.39841915625 0.5903795828125 0.2661949140625 0.45143658125 0.1783115296875 0.5172276953125
1 0.3509918203125 0.4574671828125 0.478435384375 0.6067518609375 0.5765202765625 0.5485909296875 0.47116003281249996 0.387794325 0.3509918203125 0.4574671828125