2 0.09600097771969754 0.4946806569428334 0.011542336463846725 0.015416960085908116
2 0.10847180281483774 0.5330061725466657 0.010697419467652302 0.013813516508343327
2 0.12331821140807515 0.5704276074178033 0.010043503460041103 0.016897572930778537
2 0.1699146857049126 0.6896003312985215 0.009948002965749537 0.014553822930778537
2 0.19102834034381733 0.7454032739715752 0.009294086958138293 0.01763787935321357
2 0.1514392583285949 0.7412413964273838 0.01842900642579064 0.03136950870642714
2 0.1161556743362061 0.7462088574178033 0.01592608893530465 0.027340427973732772
2 0.09873736406981351 0.6379802775896198 0.025014587452429904 0.020800500904511132
5 0.0778080987467743 0.711578229873612 0.009979836463846726 0.015335072930778538
6 0.07085244460216118 0.6526945528043905 0.008162668479069168 0.009003185775648782
5 0.05867077958313314 0.6455371500454286 0.007445085475263546 0.010524742198083813
2 0.13890476623726028 0.7044783808235516 0.012546420950527094 0.02092665366347326
6 0.15149099646559677 0.7973685656946893 0.009852502471457924 0.012210072930778536
6 0.17443374794847158 0.7891499519453079 0.007572419467652303 0.013649742198083814
5 0.19332566939329024 0.7655519996613157 0.010202670950527093 0.020803822930778537
2 0.24588564220725292 0.891428424921515 0.012164418973360736 0.011551653663472905
5 0.2642019020930847 0.8436936097926526 0.015113005437207505 0.026518234396167628
2 0.4861007598114696 0.716686295229617 0.013136669961943959 0.01628009724103805
5 0.8234521570731816 0.3965287669626286 0.01385425296574958 0.014758540818602927
5 0.774980164981847 0.3616491559267807 0.01229175296574958 0.014676653663473083
5 0.7446533364266656 0.34063064902937573 0.01001166996194378 0.016116322930778536
5 0.7158890078714844 0.319530254976841 0.009198586463846681 0.01529412935321357
5 0.7926716837649274 0.2718496715306129 0.01154233646384668 0.015416960085908293
5 0.7674316032325796 0.2599195595902538 0.01229175296574958 0.014676653663473083
5 0.7454120231945236 0.24548192333963526 0.013168503460041236 0.017061347241038048
5 0.8798016106469534 0.21894932157604147 0.012450920456235437 0.018582903663473083
5 0.6351231220156599 0.17798124208654223 0.009198586463846681 0.01529412935321366
5 0.6191307074909235 0.16868480721540463 0.007540585969555025 0.012868492198083902
5 0.6047326264642843 0.15852523518913725 0.00991616946765248 0.013772572930778538
5 0.554448783574647 0.20637623699815957 0.008321835969555024 0.012909435775648782
5 0.580837528631731 0.22838071178338892 0.00838550296574958 0.014471935775648781
5 0.6052326921678842 0.24191426730131288 0.007604252965749581 0.014430992198083813
5 0.6280335222059403 0.2563109599743666 0.00838550296574958 0.014471935775648781
2 0.7728380503433798 0.5098819380389563 0.00997983646384668 0.015335072930778538
2 0.7333789609137835 0.5407944233396351 0.009103085969555202 0.012950379353213748
2 0.661665786997507 0.578854345320474 0.007508752471457924 0.012087242198083815
5 0.5037631036896901 0.6658674236783195 0.018732753954332715 0.019691702283992286
5 0.47018659973535754 0.6863370539360443 0.014635502965749581 0.014799484396167628
4 0.30812934375 0.8441106906250001 0.32306771093750003 0.8376838484375 0.3562559265625 0.8122909390625 0.411231596875 0.7704133359374999 0.46189548125 0.74602241875 0.4928150890625 0.72330555 0.5258858171874999 0.7007955984375001 0.54237200625 0.6730815734375 0.58261651875 0.6452907125 0.5979972421874999 0.621150696875 0.6301432796875 0.6095570578125 0.653585534375 0.6044927859375 0.67285839375 0.5849434546875 0.693419421875 0.5573355078125 0.7129327375 0.537773575 0.7561366656249999 0.5080200500000001 0.784020509375 0.48155568437499996 0.8262660703125 0.4694327625 0.8428526328125001 0.4628099203125 0.8586229359375 0.44088698125 0.8694162593750001 0.41155345624999995 0.8535510984375 0.41813849062499997 0.8435369015624999 0.4519061953125 0.7877655140625001 0.47208977656249995 0.7511585859375 0.498940421875 0.7074345875 0.529680128125 0.6717930265625001 0.5740605421875 0.64624748125 0.6003314859375 0.62173143125 0.6013372765625 0.5962792593749999 0.61353903125 0.577466746875 0.639457109375 0.5411002765624999 0.6662951515625 0.522252615625 0.6938132890625 0.4960193125 0.71340776875 0.45714376874999996 0.742934453125 0.4362549265625 0.7491434781249999 0.3968617046875 0.768352196875 0.36966654375 0.7879970875 0.30812934375 0.8441106906250001
2 0.07959206912646012 0.45734110922682564 0.016134335969555137 0.013318871551297563
3 0.07239989531249999 0.4283143390625 0.081241725 0.4485309359375 0.088003290625 0.44607486874999996 0.0876534015625 0.4374528625 0.26339157343749997 0.357952415625 0.265118271875 0.36720284062499997 0.2724927171875 0.36261294843749997 0.2652125328125 0.343378575 0.256295140625 0.3471152265625 0.257215715625 0.350336309375 0.08423778125 0.4266562921875 0.08120907968749999 0.42354570156250004 0.07239989531249999 0.4283143390625
3 0.1406801171875 0.6026009140624999 0.151680740625 0.630051809375 0.1608691609375 0.623965715625 0.158330809375 0.6131231703125 0.36531505625 0.49765733125 0.3648192015625 0.509826503125 0.37417375625 0.5039652328125 0.36177178906249996 0.47705947968749995 0.352075403125 0.48270514999999997 0.355549346875 0.4920975375 0.15495152031249998 0.6009235562499999 0.151666821875 0.5954911515625 0.1406801171875 0.6026009140624999
3 0.170826146875 0.7319022390625001 0.175035928125 0.743966296875 0.180305775 0.74448270625 0.1914416921875 0.7336240890625 0.2034677265625 0.76545351875 0.200561525 0.7679410484375 0.200351740625 0.773089546875 0.229439796875 0.846525959375 0.2348300578125 0.8390042531249999 0.2389073265625 0.84649683125 0.24830956093749998 0.8394654421875 0.24701453125 0.832527621875 0.23797354531249998 0.8091821046875 0.2252756125 0.8196555390625001 0.22873048593749998 0.8295159625 0.22673128281250002 0.8312553921875001 0.203481303125 0.7694226921875 0.20841530625 0.7644936515625 0.19575331093749998 0.7310629046875 0.1926076078125 0.717916959375 0.170826146875 0.7319022390625001
3 0.4603049203125 0.6459404296875 0.47582690625 0.6694133359375 0.48409476875 0.6647888484375 0.48593882656250004 0.6539501515625 0.47473103437499997 0.640759678125 0.647093403125 0.5189349937500001 0.650231025 0.5236745328125 0.6559656656249999 0.529212071875 0.6561589546875 0.5373752406250001 0.6622178109375 0.534956003125 0.662305109375 0.5242093750000001 0.6535131375 0.5162633125 0.6475591734374999 0.5161083015625 0.6372719328125 0.5061389125 0.476158440625 0.6182544437499999 0.46991436562500005 0.6209169109375 0.46622220781249996 0.6383911062500001 0.4603049203125 0.6459404296875
3 0.5158504875000001 0.4017153984375 0.5304819828125 0.41262473593750004 0.5353015671875 0.410503975 0.5362195578125 0.40088142343750005 0.654380565625 0.331871209375 0.6707306890625 0.343624565625 0.6783380218749999 0.33762133437499997 0.680844740625 0.34449565937500004 0.687018025 0.3392681421875 0.6818485640625 0.33276689375 0.6815313109375001 0.32764601875 0.6738832859375 0.321741725 0.6680994859375 0.326014728125 0.67146048125 0.32957495625 0.6675288234375001 0.331415653125 0.6561493656249999 0.322437590625 0.65138700625 0.323154221875 0.5356051625 0.3897045265625 0.5302585515625 0.39185290625 0.529160840625 0.39728146249999996 0.522809309375 0.3896745546875 0.5166646218750001 0.39419999843750003 0.5158504875000001 0.4017153984375
3 0.508840878125 0.3856501015625 0.5095041890625 0.37650485625 0.504040575 0.36861789218749996 0.49844200625 0.3726476640625 0.4902628921875 0.3625677828125 0.3366938625 0.44440922968749996 0.3365167203125 0.4530588625 0.33101753125 0.45895161250000005 0.3411338359375 0.477418259375 0.3495718578125 0.472539103125 0.34863771875 0.4653488484375 0.343895896875 0.45695701250000004 0.345648628125 0.45266173906249996 0.4945642375 0.373165871875 0.4992924828125 0.377588534375 0.501517609375 0.38751341250000004 0.508840878125 0.3856501015625
3 0.40558185 0.2846511203125 0.405385165625 0.2901985734375 0.41572007343750006 0.2989978609375 0.4205587171875 0.29640905 0.4215761171875 0.28864947343749997 0.5328732296875 0.23751320156250003 0.5409243296875 0.246432171875 0.55097205625 0.24076807968749997 0.5527082890624999 0.24978448593749997 0.56026794375 0.244951371875 0.5555396734375 0.2405287015625 0.5557494593750001 0.23538020468749998 0.5508455171875 0.230966765625 0.5444352968749999 0.2334044171875 0.544273190625 0.23738279843750001 0.5384908687500001 0.233015378125 0.5324947109375 0.22959325156250002 0.42267932343750003 0.27878369375 0.41680567343749997 0.280959703125 0.41572703437499997 0.285920215625 0.41178730625000004 0.27935452031249997 0.4082070015625 0.28117681875 0.40558185 0.2846511203125
3 0.63967819375 0.31605424531250004 0.6511794609375 0.322461671875 0.6579704359375 0.320831265625 0.658661465625 0.31259155 0.65194914375 0.305844140625 0.6291635234374999 0.2866631109375 0.6429657625 0.26763964218749997 0.6446533171875 0.24656915937499999 0.5795716953125 0.20208784062500001 0.5822547765625 0.174023753125 0.5875421828125 0.166331953125 0.5827057140624999 0.16295694375 0.5818694984375 0.157321425 0.5745057828125 0.1520279875 0.5697805828125 0.15464201875 0.5686887015625001 0.1640070625 0.5772210921875 0.17258953906250002 0.572567253125 0.208329375 0.588933159375 0.2223010828125 0.588043428125 0.22960466249999997 0.5929405953125 0.234396325 0.5958258546875 0.224621775 0.6128045140625 0.23808808906249998 0.6127106078125 0.2432990796875 0.6156702078125 0.2491388453125 0.6190834828125 0.2467513234375 0.619388978125 0.242160284375 0.6363944984375001 0.25422677031249996 0.6363124828125 0.264958728125 0.619812784375 0.2833347734375 0.619554115625 0.2954958265625 0.6396727421875 0.3103751828125 0.63967819375 0.31605424531250004
3 0.6441521328125 0.21271991250000002 0.6589262734375 0.22149651406249998 0.6636057796875 0.2163157359375 0.66384270625 0.210501171875 0.6631190874999999 0.2088248234375 0.656926275 0.205325234375 0.6571255078125 0.20043571249999997 0.6655469640625 0.20025809687499999 0.677949565625 0.2019817109375 0.6863633546875 0.199562759375 0.6880905921875 0.19604369531250002 0.685670590625 0.189840909375 0.68614900625 0.182958753125 0.6814603781249999 0.178984734375 0.6791963296875 0.18596046718749998 0.6801152484374999 0.19013205312499998 0.6765300734374999 0.19308915 0.670527184375 0.19221694375 0.6628032515625 0.18985253124999998 0.6564004359375 0.191506759375 0.6506651171875 0.19378534218750001 0.6482579578125 0.2067025890625 0.6441521328125 0.21271991250000002
3 0.6731927062499999 0.2215470609375 0.6709793937499999 0.229706940625 0.68601885 0.23959998124999998 0.692143309375 0.23505926718749998 0.6923541328125 0.2250263296875 0.696220765625 0.2224500859375 0.7003234875000001 0.21893839218750002 0.7034934109375001 0.2140250546875 0.698631034375 0.2070271984375 0.6966639640625 0.2018556078125 0.6909855953124999 0.20030706562499997 0.684258253125 0.202637634375 0.68680126875 0.210680109375 0.690900059375 0.214553178125 0.6873126093749999 0.2151367875 0.68532463125 0.222625521875 0.6823647109375 0.222385046875 0.6789764921875 0.2180791390625 0.6731927062499999 0.2215470609375
6 0.6663611931564675 0.23403316825125256 0.010170837452429814 0.020022572930778536
3 0.76512495625 0.40773833281250005 0.781212940625 0.41701894062499995 0.7878860296875 0.41385706562499996 0.78744171875 0.404037821875 0.7788319375 0.3977398765625 0.7923914171875001 0.380999990625 0.7969047546875 0.3686712046875 0.8060232984375 0.341759103125 0.8032174187500001 0.3329072671875 0.8093035203125 0.31824633125 0.82293321875 0.325687271875 0.8275874546875001 0.3254433546875 0.8309970906249999 0.3142972765625 0.8185515062500001 0.3037009140625 0.8113749359375 0.30885767343750004 0.8044231515625 0.3033164921875 0.7994244187499999 0.3120149109375 0.7925543640625 0.3303727265625 0.7949764484374999 0.34346290156250003 0.7860579703125 0.3706457421875 0.76915778125 0.3968408046875 0.76512495625 0.40773833281250005
4 0.5953301062499999 0.12175358124999999 0.58749971875 0.1369020953125 0.59432415 0.136449675 0.5973511078125 0.1254440921875 0.6080898203125 0.13500511875 0.629199571875 0.1331756765625 0.649497571875 0.1279539 0.6573992765625001 0.13386718125 0.689797134375 0.1314461484375 0.7131777515625 0.133836471875 0.7316180046875 0.1375704015625 0.73856685 0.12690162656249998 0.7310793890625 0.12747481249999998 0.707364603125 0.1232941796875 0.66064968125 0.12736944375 0.6490833171875 0.12146744218750001 0.6362432484375 0.1268407109375 0.6114836109375 0.1283190890625 0.605236065625 0.1217767734375 0.5953301062499999 0.12175358124999999
0 0.09125915625 0.45191879375 0.1320410015625 0.54207921875 0.1442560140625 0.537170959375 0.103443165625 0.4379424421875 0.09125915625 0.45191879375
0 0.16479648125 0.6326404125 0.22554904062499997 0.7831081890625 0.2425275875 0.769414078125 0.18177502968749998 0.6189463015625 0.16479648125 0.6326404125
0 0.3469726640625 0.5159623765625 0.43212478593750003 0.6369065796875 0.47380684375 0.60748163125 0.393664246875 0.49057432187499994 0.3469726640625 0.5159623765625
0 0.5167730578125 0.41796688125000003 0.611995103125 0.5135595828125 0.6440554765625001 0.48865564531250005 0.555978765625 0.3993733140625 0.5167730578125 0.41796688125000003
0 0.40932679531250005 0.3027671984375 0.47109153593749997 0.369420425 0.5030292796875 0.3522747609375 0.439528396875 0.28891360625 0.40932679531250005 0.3027671984375
0 0.2494237921875 0.3741018578125 0.3090605140625 0.4577950546875 0.34949183281249996 0.43447959375 0.29108124062499996 0.35431276093749997 0.2494237921875 0.3741018578125
0 0.6695496828125 0.347987115625 0.7589367921875 0.42012479375 0.777433703125 0.3738104015625 0.707856359375 0.3219714546875 0.6695496828125 0.347987115625
0 0.541841725 0.24842535468750002 0.6055732984375 0.303671909375 0.62708798125 0.2695663953125 0.5769685078125 0.2316460890625 0.541841725 0.24842535468750002
1 0.189415175 0.606123609375 0.2775962453125 0.8087825265624999 0.44306481406250003 0.6861584609375 0.34361610468750003 0.5133421328125001 0.189415175 0.606123609375
1 0.1109772546875 0.4335228375 0.17053306562499998 0.5677140078125 0.3142222515625 0.48503980625 0.246650825 0.3732866140625 0.1109772546875 0.4335228375
1 0.28148941875 0.3408509890625 0.349666853125 0.4308034296875 0.460147171875 0.3710497546875 0.3850211453125 0.2885161078125 0.28148941875 0.3408509890625
1 0.43852370937499996 0.2874076578125 0.5318628875 0.370682315625 0.6209387875 0.3191050109375 0.526356909375 0.2455033640625 0.43852370937499996 0.2874076578125
1 0.7779678703124999 0.4480112796875 0.649359615625 0.337839021875 0.5574792734375 0.3943469125 0.6904852109374999 0.5211974953125 0.7779678703124999 0.4480112796875
1 0.60567044375 0.5225845484375 0.4773840296875 0.3850174734375 0.37965753125 0.451493928125 0.48593210468750003 0.60245155625 0.60567044375 0.5225845484375