2 0.1795291286628285 0.807391939936456 0.018241534639736122 0.009688645697929132
2 0.2740149145562058 0.8073043908299603 0.021457462852981467 0.012868192775829356
2 0.24306879143666765 0.8242424748394919 0.03402565901291545 0.015430131087432386
2 0.3057446361846759 0.8707805097425279 0.019963159012915455 0.015184669236879245
2 0.3352730118114965 0.8757310625024715 0.019159176959604098 0.014389782467404189
2 0.452383955464148 0.8494804338506711 0.01679269490629274 0.01356762215897831
2 0.45210281063699753 0.8323065706201463 0.019849498746358663 0.011278419236879245
2 0.3700177363429605 0.8087520681845144 0.01676996285298138 0.012786372158978664
2 0.6144353260764037 0.8083900093387861 0.019963159012915455 0.015184669236879245
2 0.7080943978631584 0.8098785970017659 0.019159176959604098 0.014389782467404189
2 0.8041426837565357 0.8097637743563197 0.01686089106622681 0.01591137215897831
2 0.9243187914366677 0.8123512118571437 0.023110891066226814 0.016020466314780178
6 0.5445427117323541 0.9025315215136507 0.015161998746358662 0.011196598620028198
6 0.5427672630651378 0.8830411818220764 0.01679269490629274 0.01356762215897831
6 0.4164404437856656 0.9039867017075786 0.019985891066226814 0.015965919236879244
5 0.3556537079714305 0.873032756496117 0.013022837226160888 0.018186938311602674
5 0.27587527975818515 0.8775487069825842 0.018377926959604097 0.014376145697929133
2 0.06473084276945118 0.8078340450493059 0.017619409012915477 0.015143758928454076
5 0.4810007004495832 0.8052531469190403 0.018377926959604097 0.014376145697928777
5 0.42254334276945116 0.801588404629678 0.018355194906292737 0.013594895697928776
6 0.5350373310909686 0.853503686286303 0.01438074874635884 0.011182961850553142
6 0.4788638874383171 0.8786906469190402 0.01286371285298138 0.012718188311602674
6 0.48985521173235413 0.9034860953769126 0.012105194906292738 0.013485801542127617
6 0.19011127599726146 0.8462498883943284 0.01667903463973608 0.00966137215897831
5 0.9443417864221028 0.7682739293897395 0.012977373119538171 0.016624438311602673
0 0.13579975 0.7849220781249999 0.161220571875 0.7918378796875001 0.19635405156250002 0.7834562359375 0.2530784625 0.7824661078124999 0.26023833125 0.7986956328125 0.3862438765625 0.796087334375 0.38686072031249996 0.7936233921875 0.40460004843749997 0.7835010515625 0.40763665624999995 0.772817621875 0.40536182343749994 0.7573205546875 0.140415221875 0.7574477265625 0.13609731875 0.774695321875 0.13579975 0.7849220781249999
0 0.5962927921875 0.7903766046875 0.5938016125 0.8010505125 0.81571899375 0.79963010625 0.8477227453125 0.786396740625 0.8518264 0.776512409375 0.8496229859375 0.758560921875 0.5792340171875 0.758374228125 0.5805825328124999 0.786971065625 0.5962927921875 0.7903766046875
0 0.2274447703125 0.5580391703124999 0.2182278265625 0.5937710890625 0.43841370468749996 0.59565180625 0.443884075 0.5575321062499999 0.2274447703125 0.5580391703124999
0 0.5627038468750001 0.5583201375 0.5638143078125 0.5950983796875 0.7867987375000001 0.594477071875 0.7829492375 0.558155503125 0.5627038468750001 0.5583201375
0 0.558805325 0.4300053609375 0.558624684375 0.4549491265625 0.74507740625 0.45455662031250005 0.737633971875 0.42933707187500003 0.558805325 0.4300053609375
0 0.2823928515625 0.43074153437499996 0.275607575 0.457844896875 0.45660602656249993 0.45754759375000004 0.46060465625 0.4325371859375 0.2823928515625 0.43074153437499996
0 0.30810773281250003 0.352608803125 0.3084270078125 0.36037161875 0.4474156765625 0.3612164625 0.44852053124999997 0.3419806390625 0.3380488046875 0.3353228171875 0.336967753125 0.3537405 0.30810773281250003 0.352608803125
0 0.5600236 0.350664771875 0.5597617390625 0.35966431718749997 0.6961065921875 0.3576932703125 0.6962634265625 0.3335676453125 0.581830875 0.3318853109375 0.577951275 0.3528050171875 0.5600236 0.350664771875
5 0.3488871632360576 0.327334472810897 0.011968802586424765 0.008798301542127528
5 0.39571669912943486 0.3280787666423868 0.010429034639736124 0.009552278003177239
5 0.43866271707612353 0.32810999432125243 0.012772784639735945 0.009593188311602673
0 0.39570833894202045 0.301529903411862 0.09548599623907635 0.03446254910649564
0 0.6434555171552658 0.294082047488233 0.10615071159934023 0.025278463879148026
6 0.5418930171552658 0.29585482752000514 0.014517141066226813 0.015870461850553054
3 0.5043809296874999 0.290895165625 0.5297627421875 0.2900639984375 0.5300000234375 0.28190919062500003 0.51500741875 0.2813946328125 0.5151204093749999 0.277511390625 0.52454753125 0.273659634375 0.5398950609375001 0.27086891562500004 0.5380782281250001 0.2621677734375 0.539626871875 0.253407884375 0.5287650921875 0.2532093484375 0.5303625890625 0.26055587812500003 0.52470571875 0.2682230953125 0.5046305046875 0.273425096875 0.5043809296874999 0.290895165625
3 0.557194015625 0.281046390625 0.5558703578124999 0.29096673281249996 0.5802166421875 0.290153640625 0.5840284312499999 0.2747560890625 0.5800388437499999 0.2695860140625 0.5699706625000001 0.2687914359375 0.5625704015624999 0.265233403125 0.560314896875 0.2538230265625 0.552036296875 0.2537734671875 0.5496309171875 0.27419211875 0.5607854734375 0.27322116093750004 0.5669817125 0.273695196875 0.570538278125 0.2759618765625 0.57013815625 0.2808204484375 0.557194015625 0.281046390625
3 0.50357570625 0.3452469984375 0.5025222312500001 0.3547744984375 0.5217304031250001 0.352692646875 0.5704455671875001 0.3502898125 0.5747036703124999 0.31955345468749996 0.7043079125 0.32059028437500003 0.714762253125 0.29032796250000004 0.7347131796874999 0.2893975265625 0.73574405625 0.28064667656250003 0.717898090625 0.2803759875 0.715984221875 0.28390253906249996 0.7027811984375 0.2841329984375 0.6976457500000001 0.30945089062500003 0.5635783546875001 0.3106266640625 0.56187518125 0.34248280625 0.51708845625 0.34326456250000004 0.5172738953125 0.34578414999999996 0.50357570625 0.3452469984375
3 0.45331289531249996 0.3474827828125 0.45430223437499995 0.35794494375 0.47713476562499996 0.355799828125 0.46427571093750003 0.4509213296875 0.491430159375 0.4514176640625 0.49453774843750004 0.4424365015625 0.480580675 0.44190386875 0.49041123437499995 0.3530452609375 0.48136163437499996 0.352815096875 0.48126658750000006 0.3471889140625 0.45331289531249996 0.3474827828125
3 0.523060053125 0.440386134375 0.52327839375 0.4506676875 0.539604959375 0.44980051718749997 0.5401539765625001 0.5732153125 0.5217845953125 0.573147825 0.5214399734375 0.5849917125 0.5561585171875 0.5834153796875 0.5547783468749999 0.4441018859375 0.542087440625 0.4445174703125 0.5416657171875 0.4412257515625 0.523060053125 0.440386134375
3 0.874273328125 0.793079075 0.9205964015625 0.79285269375 0.9207386359375 0.779071703125 0.8963528078125 0.7812439312499999 0.8278837687499999 0.5821655421874999 0.8403440390625001 0.5807836656250001 0.839810321875 0.5724482515625 0.820428009375 0.5716221906250001 0.8190319031250001 0.5751397015624999 0.8055473984375 0.576151328125 0.8737180078125 0.7765933703125001 0.8698563671875 0.78481144375 0.874273328125 0.793079075
3 0.5236356843750001 0.8296674453125 0.5263694078125 0.84242791875 0.5388635765625 0.8398810703124999 0.5419711671874999 0.83089990625 0.5422875406250001 0.820026828125 0.53958106875 0.815222484375 0.53669115 0.7900446734375 0.545313375 0.7871772828125 0.5472734390625 0.7731704984375 0.51541955625 0.7741146375 0.515356415625 0.785177359375 0.5190023765625 0.793264384375 0.518545759375 0.8000645765625001 0.5191010796875 0.8165502796874999 0.5236356843750001 0.8296674453125
3 0.424158215625 0.7714382140625 0.42359891093749996 0.7906602609375 0.4688751546875 0.7908402796875 0.46696892500000003 0.776318790625 0.4423298625 0.7783013750000001 0.4640640328125 0.5826941328124999 0.48210673593750003 0.5850960859375001 0.48479825156249995 0.5726290421875 0.4695693625 0.5713423546875 0.46555053125 0.576070028125 0.44845861718749996 0.5765624328125 0.424158215625 0.7714382140625
3 0.17371218125000001 0.571703990625 0.16918250625 0.5820054 0.20012543749999998 0.5846377390625 0.20687286562499999 0.57888005 0.2052074375 0.5715067359375 0.2639290265625 0.44323120468750005 0.24898423281249998 0.439967121875 0.2362469328125 0.4415994296875 0.2346207421875 0.44903020156249995 0.24734778125 0.4477505671875 0.1887185453125 0.5728520328125 0.17371218125000001 0.571703990625
3 0.3086930234375 0.34558197968750004 0.30852848125 0.3512369140625 0.33112993749999997 0.35147041093750003 0.33133104375 0.3445588234375 0.3300659640625 0.3112965359375 0.336033940625 0.30763365781249996 0.3364361546875 0.293810484375 0.334530115625 0.29216906875 0.33468246874999996 0.28693301718750003 0.32073795 0.2865484140625 0.32115127656250003 0.281935815625 0.30494833125 0.282427975 0.30524479531250004 0.29142423125 0.323347684375 0.29278293125 0.325592846875 0.301954509375 0.32129431249999996 0.305797584375 0.3207010328125 0.345372378125 0.3086930234375 0.34558197968750004
1 0.07508176718750001 0.7459232296875 0.42319199531249996 0.7458626421875 0.4413167546875 0.60076844375 0.14285650156250002 0.6035718078125 0.07508176718750001 0.7459232296875
1 0.4623521109375 0.74156968125 0.8521690312500001 0.7415831921875 0.8091402765625 0.6031710859375 0.472230034375 0.6042393171875 0.4623521109375 0.74156968125
1 0.5608945234375 0.5525608453124999 0.8368614031250001 0.5509521984375 0.8064000124999999 0.4584410890625 0.5618697390625 0.4639125203125 0.5608945234375 0.5525608453124999
1 0.2203093296875 0.55128694375 0.5218861828125 0.5516375515624999 0.5250481031249999 0.4613468703125 0.25446625312500004 0.4616583828125 0.2203093296875 0.55128694375
1 0.23995530468749998 0.4274216625 0.46398043125 0.42832384843750004 0.4706167671875 0.3656447390625 0.264816684375 0.36322129375 0.23995530468749998 0.4274216625
1 0.5190854875 0.42736198593749997 0.7415639890625 0.42628593593749997 0.72370705 0.360023890625 0.51895133125 0.36392084375 0.5190854875 0.42736198593749997
3 0.7540557375 0.45002708281250003 0.7848180171875 0.4486123796875 0.7850927109375 0.4391718125 0.7692980281249999 0.4390086375 0.7374005125 0.3487186765625 0.7245395234374999 0.3482848578125 0.7249600187499999 0.3438887859375 0.7126908796875 0.3432251984375 0.711723253125 0.3463142 0.7011657812500001 0.3471567921875 0.7038631125 0.355009425 0.7275615281250001 0.355034640625 0.7533703187499999 0.43336186874999993 0.7555524578124999 0.43880969218750004 0.7540557375 0.45002708281250003