3 0.0815798765625 0.7954037890625 0.05597768125 0.7941019828125 0.0507704546875 0.8067945968749999 0.0759387140625 0.805492790625 0.0998051671875 0.8093982093750001 0.10761600625000001 0.7989837578125 0.1011069734375 0.789545659375 0.17574388125 0.5972037453125 0.18095110781249998 0.5978546484375 0.18268685 0.5903692609375 0.164027621875 0.5887420031249999 0.1418969109375 0.5854874859375 0.138425428125 0.5955764875 0.1557828484375 0.59427468125 0.07767445625 0.7898711109375001 0.0815798765625 0.7954037890625
3 0.53156558125 0.78473523125 0.5074934437499999 0.7832513328124999 0.508152953125 0.79710105625 0.532554846875 0.7958644734375 0.532554846875 0.8003161703125 0.5533294328125 0.7983376390625 0.534863134375 0.583666921875 0.5187051234375 0.58341960625 0.51837536875 0.5794625421874999 0.497271028125 0.5797098593750001 0.4976007828125 0.5861400875 0.5144183046874999 0.5863874046875 0.5312358265625 0.779541584375 0.53156558125 0.78473523125
3 0.44253164375000004 0.578225959375 0.445829196875 0.459761359375 0.4524243046875 0.45432039687500003 0.45209454843749997 0.460750625 0.4629764734375 0.460750625 0.4633062296875 0.4501160171875 0.4478077296875 0.45209454843749997 0.4323092296875 0.4545677140625 0.4253843671875 0.59034446875 0.4629764734375 0.58960251875 0.461327696875 0.581688390625 0.44286139999999996 0.5829249734374999 0.44253164375000004 0.578225959375
3 0.23346676875 0.45803014375 0.23148823749999997 0.45184723125000004 0.2611662171875 0.367017675 0.28919541875 0.3655337765625 0.290514440625 0.3593508640625 0.2697398546875 0.35836159843750004 0.252262821875 0.361824028125 0.216649246875 0.45184723125000004 0.20345903437500001 0.4528364984375 0.20016148125000002 0.458524778125 0.2182980234375 0.4582774609375 0.2173087578125 0.4634711078125 0.23181799218750002 0.4617398921875 0.23346676875 0.45803014375
3 0.53618215625 0.3576196484375 0.5098017296874999 0.35737233125 0.5002388265625 0.3615767125 0.5074934437499999 0.44566432031250003 0.5071636875000001 0.450857965625 0.4923246984375 0.4513526 0.49397347500000005 0.45580429687499996 0.52068365625 0.45530966250000005 0.5130992828125 0.365286459375 0.5365119109375 0.36429719375 0.53618215625 0.3576196484375
3 0.2829300671875 0.3314041 0.41714048437500006 0.328930934375 0.41944877187499996 0.33610311406250004 0.41944877187499996 0.36009281249999997 0.48638910312499994 0.362565978125 0.48309154843749996 0.35341526874999996 0.42868192031249996 0.3524260015625 0.42703314375 0.3220060734375 0.2918334609375 0.32225339062499997 0.2895251734375 0.298263690625 0.27435642968749996 0.298263690625 0.27468618437500003 0.2933173609375 0.259517440625 0.2935646765625 0.26050670625 0.3019734375 0.2796325140625 0.303704653125 0.2829300671875 0.3314041
3 0.657362609375 0.29225867656250004 0.655168475 0.3024614 0.655168475 0.31233500468750003 0.6591179171875 0.3169426859375 0.6582402625 0.359728303125 0.6810592578125 0.359728303125 0.68062043125 0.3501838203125 0.669210934375 0.350842059375 0.667894453125 0.297195478125 0.6867640078125 0.29785371875 0.68632518125 0.28995483593750004 0.6696497609375001 0.2876509953125 0.669210934375 0.29192955625 0.657362609375 0.29225867656250004
3 0.7364140140625001 0.4477782390625 0.723996846875 0.44815835625 0.773918925 0.5715064359375 0.773918925 0.578728665625 0.7744257484375 0.587091246875 0.813704540625 0.5882316000000001 0.8126908953124999 0.5751175500000001 0.79267138125 0.5762579031249999 0.793685028125 0.56922573125 0.739201540625 0.449678825 0.7523789421875 0.44910865 0.7513652953125 0.4447373 0.7364140140625001 0.4447373 0.7364140140625001 0.4477782390625
3 0.44948044375 0.8604410031249999 0.45209750625 0.842530484375 0.454060303125 0.8366420937499999 0.45733163125000004 0.82143041875 0.46060295937499995 0.80646409375 0.4543874359375 0.805237346875 0.4556959671875 0.797876859375 0.4615843578125 0.7956687125 0.4615843578125 0.782174484375 0.430179609375 0.7831558828125 0.430179609375 0.7986129078124999 0.436068 0.8000850046875 0.43639513281250003 0.8116164359375 0.436068 0.8243746140624999 0.4308338765625 0.8327165000000001 0.43148814062499996 0.8395862875000001 0.434105203125 0.8435118812500001 0.43574086718749994 0.8570061093750001 0.44948044375 0.8604410031249999
3 0.78413728125 0.8035198984375 0.7864272109375 0.8069547937499999 0.9048492781249999 0.8057280453125 0.9038678796875 0.797876859375 0.9048492781249999 0.793705915625 0.9107376687500001 0.788553575 0.907466340625 0.7753046968749999 0.8737716640625001 0.7760407453125 0.8776972578125 0.7907617203124999 0.8832585156249999 0.7907617203124999 0.8835856468750001 0.7961594109375 0.78937140625 0.7961594109375 0.78413728125 0.790025671875 0.7429185515625 0.790025671875 0.718710725 0.790271021875 0.724926246875 0.8091629390625 0.74684414375 0.8091629390625 0.747498409375 0.80278385 0.78413728125 0.8035198984375
3 0.41059935625 0.280624590625 0.40882605781250003 0.2841308859375 0.4102769390625 0.29186891875 0.4085036390625 0.29876060312499997 0.410921775 0.301541459375 0.43558675312500006 0.2998487640625 0.43639279843749995 0.291022571875 0.4223676140625 0.29211073125000003 0.42188398749999995 0.2855817671875 0.42752630312499995 0.283889071875 0.43832730625 0.28328453750000004 0.44235753281249995 0.2813500296875 0.4409066515625 0.2643021765625 0.4305892734375 0.2633349234375 0.42929960312500004 0.27421653125 0.4280099296875 0.27772282812500004 0.4186598078125 0.2789318953125 0.41059935625 0.280624590625
3 0.4605741515625 0.28328453750000004 0.47185878125 0.2841308859375 0.47508296093749997 0.28739536875 0.4742769171875 0.2917480125 0.46202503124999994 0.291143478125 0.461863821875 0.30081601875 0.48685122031250005 0.3004532984375 0.4881408921875 0.28679083437499997 0.4866900109375 0.280745496875 0.48185374062499997 0.27941552187499996 0.47282603593749994 0.27844826875 0.4660552578125 0.27711829374999997 0.461057778125 0.27276565 0.462186240625 0.26393945625000004 0.45348095468749994 0.26393945625000004 0.45348095468749994 0.27288655624999997 0.45170765468749996 0.2760301328125 0.4533197453125 0.2811082171875 0.4605741515625 0.28328453750000004
6 0.44921875 0.3046875 0.01015625 0.0140625
4 0.2889406671875 0.26200365625 0.31532794375 0.26255339218749996 0.3273488140625 0.2591450359375 0.3408356421875 0.2525482171875 0.37132760625 0.2496895953125 0.391704446875 0.2504592234375 0.3924374265625 0.24430219375 0.3745527171875 0.2454016625 0.3487518265625 0.245511609375 0.33482520781249997 0.2495796484375 0.31400857968749996 0.25518694375 0.294511315625 0.2563963609375 0.27076276718750003 0.2559565734375 0.2615272203125 0.25562673125 0.25155869375 0.2595848234375 0.24129697656250002 0.266841325 0.23616611718749997 0.274867453125 0.23616611718749997 0.28069464375000003 0.2411503796875 0.277726075 0.24716081406249998 0.271019309375 0.25155869375 0.2659617484375 0.2650455234375 0.2617837625 0.2889406671875 0.26200365625
2 0.36328125 0.8203125 0.01640625 0.01171875
2 0.265625 0.82265625 0.01796875 0.01171875
2 0.17265625 0.825 0.0203125 0.0109375
2 0.05234375 0.828125 0.0203125 0.0125
2 0.60546875 0.81484375 0.0140625 0.009375
2 0.7015625 0.81328125 0.01328125 0.009375
2 0.796875 0.8109375 0.0140625 0.0109375
2 0.91328125 0.81015625 0.0140625 0.01171875
5 0.49765625 0.8125 0.01796875 0.0140625
5 0.43203125 0.89375 0.01484375 0.01171875
5 0.4265625 0.9125 0.01171875 0.01015625
2 0.5234375 0.8421875 0.01484375 0.0125
2 0.5234375 0.85546875 0.0171875 0.0125
2 0.6421875 0.8828125 0.01484375 0.0109375
2 0.66953125 0.878125 0.0171875 0.01171875
5 0.69921875 0.8828125 0.015625 0.0125
2 0.721875 0.8296875 0.01328125 0.01328125
2 0.74140625 0.8296875 0.01171875 0.01171875
5 0.55234375 0.8078125 0.015625 0.015625
6 0.55859375 0.9125 0.0140625 0.0109375
6 0.48203125 0.9125 0.015625 0.0109375
6 0.49765625 0.88828125 0.0140625 0.01015625
6 0.7828125 0.85078125 0.01171875 0.01171875
5 0.2453125 0.33984375 0.0109375 0.0078125
5 0.3078125 0.33984375 0.0140625 0.0109375
5 0.353125 0.33984375 0.0140625 0.01015625
5 0.39765625 0.33828125 0.0140625 0.01015625
5 0.54921875 0.33671875 0.01484375 0.01484375
5 0.5953125 0.33515625 0.0140625 0.01015625
5 0.640625 0.33359375 0.0125 0.0109375
5 0.70234375 0.33359375 0.01484375 0.01171875
5 0.603125 0.228125 0.01640625 0.01015625
5 0.57421875 0.22734375 0.01640625 0.0109375
5 0.54453125 0.23046875 0.01171875 0.0109375
5 0.37265625 0.23125 0.0109375 0.0109375
5 0.3453125 0.23203125 0.01171875 0.01015625
0 0.41085615468750003 0.3645069015625 0.4093940328125 0.34630348906249997 0.2956409765625 0.3487159890625 0.2918394609375 0.370209175 0.4310334328125 0.369331903125 0.43074100781249997 0.364068265625 0.41085615468750003 0.3645069015625
0 0.6547380296875 0.36033985625 0.6518137859375 0.34191712343749997 0.538353153125 0.34652280625 0.54244709375 0.368893265625 0.6825183390625 0.3658228109375 0.681641065625 0.361655765625 0.6547380296875 0.36033985625
0 0.25148490625000003 0.4443387375 0.24095763125 0.46824442499999996 0.42752434062500005 0.46670919843750003 0.427816765625 0.443242146875 0.25148490625000003 0.4443387375
0 0.525486484375 0.441048965625 0.5272410296875 0.46561260625 0.7105910718749999 0.4625421515625 0.702988040625 0.43710123593750005 0.525486484375 0.441048965625
0 0.5386455781249999 0.5667183125 0.5406925484375 0.60334445625 0.76498199375 0.5983001375 0.752700171875 0.5629899015625 0.5386455781249999 0.5667183125
0 0.2032348953125 0.573078540625 0.192122771875 0.6088274124999999 0.4181667625 0.6053183203125 0.42079858124999997 0.570666040625 0.2032348953125 0.573078540625
0 0.154984884375 0.811477459375 0.1552773078125 0.8184956421875 0.38366069375 0.8125740499999999 0.3816137234375 0.8033626843749999 0.397989484375 0.7961251828125 0.3974046359375 0.768929721875 0.128081846875 0.7748513140625 0.1225257859375 0.7915194999999999 0.12545002968750002 0.8002922281249999 0.1429954875 0.8070910937500001 0.154984884375 0.811477459375
0 0.5883577109375 0.8090649578125 0.71702440625 0.8053365484375 0.7193638015625 0.7880104078125 0.8228820062500001 0.79130018125 0.8418895859375001 0.7785797234375 0.8360411015625001 0.759937675 0.5711046765625001 0.7641047203125 0.5719819484374999 0.7827467703125001 0.5711046765625001 0.7937126812499999 0.5868955890625001 0.7967831375000001 0.5883577109375 0.8090649578125
1 0.7230473765625 0.3669043703125 0.5136370343750001 0.37083081406249996 0.5229441593749999 0.4406342625 0.76027588125 0.43190883125 0.7230473765625 0.3669043703125
1 0.469428184375 0.3712670859375 0.2646714046875 0.37344844374999997 0.24605715312499998 0.43976171875 0.4723366609375 0.439325446875 0.469428184375 0.3712670859375
1 0.42870950625 0.468555640625 0.19021439375 0.4746634421875 0.154730975 0.56758928125 0.42289255312499996 0.568025553125 0.42870950625 0.468555640625
1 0.732936196875 0.464192925 0.4548857984375 0.47204581250000005 0.45430410312499997 0.5632265656250001 0.7643477484375001 0.55886385 0.732936196875 0.464192925
1 0.8393864546875 0.6042360921875 0.5462119765625 0.6116527078125 0.5537042125 0.75387723125 0.9021397546875001 0.747333159375 0.8393864546875 0.6042360921875
1 0.511310253125 0.6116527078125 0.173345228125 0.617760509375 0.12448281406249999 0.7564948609375 0.52352585625 0.751695875 0.511310253125 0.6116527078125
4 0.7023100828125 0.2872332015625 0.70286351875 0.3133830453125 0.7106116203124999 0.313798121875 0.7128253640625 0.2955347390625 0.70729100625 0.28598797187499997 0.7045238265625 0.2697999734375 0.7017566468750001 0.255687359375 0.69456198125 0.250291359375 0.6818329578125 0.2498762828125 0.6818329578125 0.2656492046875 0.6973291609375 0.2635738203125 0.69456198125 0.2830824328125 0.7023100828125 0.2872332015625
0 0.3945997546875 0.2955347390625 0.301622534375 0.292214125 0.3010690984375 0.31836396875 0.4001341140625 0.313798121875 0.3945997546875 0.2955347390625
0 0.6502871140625001 0.2905538171875 0.549561790625 0.2905538171875 0.5429205609375 0.3258353515625 0.6497336781249999 0.32666550625 0.6502871140625001 0.2905538171875