3 0.0507704546875 0.805021653125 0.0759387140625 0.8028409515625 0.0998051671875 0.8059129359374999 0.10761600625000001 0.7952257234375 0.1011069734375 0.7860149265625 0.17574388125 0.591066634375 0.18095110781249998 0.5915356968750001 0.18268685 0.5839896953125 0.164027621875 0.5830140328125 0.1418969109375 0.5805323359375001 0.138425428125 0.590742565625 0.1557828484375 0.588834625 0.07767445625 0.787158659375 0.0815798765625 0.7925549562499999 0.05597768125 0.7921471984374999 0.0507704546875 0.805021653125
3 0.508152953125 0.7793559640625001 0.532554846875 0.7772672484375 0.532554846875 0.7817189453125 0.5533294328125 0.77901495 0.534863134375 0.5649890890625 0.5187051234375 0.5653060234375 0.51837536875 0.5613604750000001 0.497271028125 0.562344771875 0.4976007828125 0.5687634859374999 0.5144183046874999 0.568423521875 0.5312358265625 0.7609904203125 0.53156558125 0.7661725515625 0.5074934437499999 0.765529271875 0.508152953125 0.7793559640625001
3 0.4524243046875 0.43852139218749997 0.45209454843749997 0.44496313593750003 0.4629764734375 0.4445831296875 0.4633062296875 0.43393700781250005 0.4478077296875 0.43645675781250004 0.4323092296875 0.43947114374999996 0.4253843671875 0.57548971875 0.4629764734375 0.5734350234375001 0.461327696875 0.565578471875 0.44286139999999996 0.5674599125 0.44253164375000004 0.5627724140625 0.445829196875 0.4441926609375 0.4524243046875 0.43852139218749997
3 0.2611662171875 0.35789755 0.28919541875 0.35543485 0.290514440625 0.3492058765625 0.2697398546875 0.34894207499999996 0.252262821875 0.35301481562500003 0.216649246875 0.44428167343749997 0.20345903437500001 0.445731553125 0.20016148125000002 0.4515349859375 0.2182980234375 0.4506543265625 0.2173087578125 0.45588251875 0.23181799218750002 0.45364462968749997 0.23346676875 0.4498773046875 0.23148823749999997 0.44376348437499996 0.2611662171875 0.35789755
3 0.5002388265625 0.3441079875 0.5074934437499999 0.42794225937499997 0.5071636875000001 0.43314741874999996 0.4923246984375 0.4341602421875 0.49397347500000005 0.4385543625 0.52068365625 0.4371269890625 0.5130992828125 0.3473686375 0.5365119109375 0.34556178437499996 0.53618215625 0.3388957546875 0.5098017296874999 0.3395696625 0.5002388265625 0.3441079875
3 0.41944877187499996 0.321455640625 0.41944877187499996 0.34544533906249997 0.48638910312499994 0.345580896875 0.48309154843749996 0.33654534062499997 0.42868192031249996 0.3374560984375 0.42703314375 0.307093746875 0.2918334609375 0.3120623421875 0.2895251734375 0.2881532484375 0.27435642968749996 0.28868295312500003 0.27468618437500003 0.2837251078125 0.259517440625 0.28450212812500003 0.26050670625 0.29287634218749997 0.2796325140625 0.2939396703125 0.2829300671875 0.3215239640625 0.41714048437500006 0.3143640671875 0.41944877187499996 0.321455640625
3 0.655168475 0.28945601718749997 0.6591179171875 0.29392578125 0.6582402625 0.336742046875 0.6810592578125 0.3359451890625 0.68062043125 0.32641603125 0.669210934375 0.3274726984375 0.667894453125 0.273872090625 0.6867640078125 0.273871390625 0.68632518125 0.2659878328125 0.6696497609375001 0.26426631093749997 0.669210934375 0.26856019531249997 0.657362609375 0.26930306875 0.655168475 0.27958241250000004 0.655168475 0.28945601718749997
3 0.773918925 0.5444805921875 0.773918925 0.551702821875 0.7744257484375 0.560047703125 0.813704540625 0.5598164109375 0.8126908953124999 0.5467377578125 0.79267138125 0.5485772078125 0.793685028125 0.5415096390625 0.739201540625 0.4238653390625 0.7523789421875 0.4228349984375 0.7513652953125 0.4184990453125 0.7364140140625001 0.41902115625 0.7364140140625001 0.42206209531249994 0.723996846875 0.42287582968750004 0.773918925 0.5444805921875
3 0.454060303125 0.8207859578125 0.45733163125000004 0.805460046875 0.46060295937499995 0.790379484375 0.4543874359375 0.7893697875 0.4556959671875 0.7819636062499999 0.4615843578125 0.77954983125 0.4615843578125 0.766055603125 0.430179609375 0.7681336796875 0.430179609375 0.7835907046874999 0.436068 0.784857175 0.43639513281250003 0.7963771828125 0.436068 0.809146784375 0.4308338765625 0.81767145 0.43148814062499996 0.8245183890625001 0.434105203125 0.82835259375 0.43574086718749994 0.841789703125 0.44948044375 0.8447448 0.45209750625 0.8267428921875 0.454060303125 0.8207859578125
3 0.9048492781249999 0.7741300125 0.9038678796875 0.766313096875 0.9048492781249999 0.7621078828125001 0.9107376687500001 0.7567499140625 0.907466340625 0.7436152734375 0.8737716640625001 0.7455279671875 0.8776972578125 0.76011185625 0.8832585156249999 0.759917653125 0.8835856468750001 0.7653039203125 0.78937140625 0.7685939546875 0.78413728125 0.7626429953125 0.7429185515625 0.764082384375 0.718710725 0.765173090625 0.724926246875 0.78384795625 0.74684414375 0.7830825671875 0.747498409375 0.7766806296875 0.78413728125 0.776137221875 0.7864272109375 0.77949215 0.9048492781249999 0.7741300125
3 0.4102769390625 0.2775417328125 0.4085036390625 0.2844953421875 0.410921775 0.28719175468749997 0.43558675312500006 0.2846377390625 0.43639279843749995 0.2757834 0.4223676140625 0.2773613296875 0.42188398749999995 0.270849253125 0.42752630312499995 0.268959525 0.43832730625 0.2679778109375 0.44235753281249995 0.2659025640625 0.4409066515625 0.2489053765625 0.4305892734375 0.24829841406250003 0.42929960312500004 0.259225059375 0.4280099296875 0.26277639218750004 0.4186598078125 0.2643119734375 0.41059935625 0.2662861453125 0.40882605781250003 0.269854365625 0.4102769390625 0.2775417328125
3 0.47508296093749997 0.27080510625 0.4742769171875 0.275185896875 0.46202503124999994 0.2750092078125 0.461863821875 0.284687378125 0.48685122031250005 0.2834520796875 0.4881408921875 0.26974457812499997 0.4866900109375 0.26374990781249996 0.48185374062499997 0.26258881875 0.47282603593749994 0.2619368203125 0.4660552578125 0.2608432859375 0.461057778125 0.2566651578125 0.462186240625 0.2477995578125 0.45348095468749994 0.248103553125 0.45348095468749994 0.257050653125 0.45170765468749996 0.2602561546875 0.4533197453125 0.2652779421875 0.4605741515625 0.26720093437500003 0.47185878125 0.2676532140625 0.47508296093749997 0.27080510625
6 0.44921875 0.289000435579879 0.01015625 0.014417164065150524
4 0.3273488140625 0.2477137640625 0.3408356421875 0.24064597499999998 0.37132760625 0.23672255 0.391704446875 0.23678060312500002 0.3924374265625 0.2305979765625 0.3745527171875 0.23232199375 0.3487518265625 0.23333292656250001 0.33482520781249997 0.23788729531250002 0.31400857968749996 0.24422152187499999 0.294511315625 0.2461117984375 0.27076276718750003 0.2465013296875 0.2615272203125 0.246494 0.25155869375 0.2508002 0.24129697656250002 0.25841504843749996 0.23616611718749997 0.26662035 0.23616611718749997 0.272447540625 0.2411503796875 0.26930491875 0.24716081406249998 0.26238826406250004 0.25155869375 0.257177125 0.2650455234375 0.25252816875 0.2889406671875 0.2519136265625 0.31532794375 0.2515418984375 0.3273488140625 0.2477137640625
2 0.36328125 0.8076264392080759 0.01640625 0.012291668874473772
2 0.265625 0.8133804206037546 0.01796875 0.012346232576804539
2 0.17265625 0.8189707108924404 0.0203125 0.011646828130301046
2 0.05234375 0.8262971159719165 0.0203125 0.013209328130301401
2 0.60546875 0.7937003153467934 0.0140625 0.009866073320977619
2 0.7015625 0.7887821476534457 0.01328125 0.009838791469812235
2 0.796875 0.7831100118112635 0.0140625 0.01142857332097762
2 0.91328125 0.7782637659876148 0.0140625 0.01220982332097762
5 0.49765625 0.7951214608076225 0.01796875 0.014689982576804895
5 0.43203125 0.8786631363055182 0.01484375 0.012237105172143003
5 0.4265625 0.8976041092636763 0.01171875 0.010565477767481467
2 0.5234375 0.8239086597191634 0.01484375 0.013018355172143004
2 0.5234375 0.8371899097191633 0.0171875 0.013100200725639156
2 0.6421875 0.8603868183420182 0.01484375 0.011455855172143004
2 0.66953125 0.8547444535512284 0.0171875 0.012318950725639155
5 0.69921875 0.858395243206942 0.015625 0.013045637023308387
2 0.721875 0.8044790695231446 0.01328125 0.013745041469812235
2 0.74140625 0.8037970232440088 0.01171875 0.012127977767481469
5 0.55234375 0.7885242312260424 0.015625 0.016170637023308565
6 0.55859375 0.8929934764167189 0.0140625 0.01142857332097762
6 0.48203125 0.8956670978309308 0.015625 0.011483137023308387
6 0.49765625 0.8709027108076224 0.0140625 0.01064732332097762
6 0.7828125 0.8234448351322413 0.01171875 0.012127977767481469
5 0.2453125 0.3312772487340556 0.0109375 0.008194445916315995
5 0.3078125 0.3290947006408214 0.0140625 0.011428573320977709
5 0.353125 0.3275123532732266 0.0140625 0.010647323320977708
5 0.39765625 0.3243947877567972 0.0140625 0.010647323320977708
5 0.54921875 0.3175396086307042 0.01484375 0.01536210517214318
5 0.5953125 0.31436747941194393 0.0140625 0.010647323320977708
5 0.640625 0.3112226320443491 0.0125 0.011374009618646852
5 0.70234375 0.30906736580228034 0.01484375 0.012237105172143182
5 0.603125 0.20706341090028965 0.01640625 0.010729168874473949
5 0.57421875 0.20729158939341047 0.01640625 0.01151041887447395
5 0.54453125 0.21145329973769672 0.01171875 0.011346727767481468
5 0.37265625 0.2182365569940909 0.0109375 0.011319445916315996
5 0.3453125 0.2199726717848809 0.01171875 0.010565477767481467
0 0.2956409765625 0.338391978125 0.2918394609375 0.3600179171875 0.4310334328125 0.354279884375 0.43074100781249997 0.3490264578125 0.41085615468750003 0.3501594890625 0.4093940328125 0.332007134375 0.2956409765625 0.338391978125
0 0.538353153125 0.3277231 0.54244709375 0.3499505953125 0.6825183390625 0.3419887453125 0.681641065625 0.337852334375 0.6547380296875 0.3374759 0.6518137859375 0.31915528437499996 0.538353153125 0.3277231
0 0.42752434062500005 0.45177971875 0.427816765625 0.42830245624999996 0.25148490625000003 0.435556690625 0.24095763125 0.4598299984375 0.42752434062500005 0.45177971875
0 0.7105910718749999 0.43772776406249997 0.702988040625 0.412552353125 0.525486484375 0.4226985734375 0.5272410296875 0.44720094374999997 0.7105910718749999 0.43772776406249997
0 0.76498199375 0.571586378125 0.752700171875 0.5367050328125 0.5386455781249999 0.54790839375 0.5406925484375 0.58446305625 0.76498199375 0.571586378125
0 0.4181667625 0.590715615625 0.42079858124999997 0.5559714296875 0.2032348953125 0.565981421875 0.192122771875 0.6021183375 0.4181667625 0.590715615625
0 0.38366069375 0.7991763234375 0.3816137234375 0.7900364390625 0.397989484375 0.782227084375 0.3974046359375 0.755052046875 0.128081846875 0.770378596875 0.1225257859375 0.7872408046875 0.12545002968750002 0.7959114171875 0.1429954875 0.80209758125 0.154984884375 0.8060652671874999 0.1552773078125 0.8130732390625001 0.38366069375 0.7991763234375
0 0.7193638015625 0.7628896703125 0.8228820062500001 0.7625645078125001 0.8418895859375001 0.749180290625 0.8360411015625001 0.7307424765625 0.5711046765625001 0.74416130625 0.5719819484374999 0.7627727203125 0.5711046765625001 0.7737692671875 0.5868955890625001 0.7762882921875 0.5883577109375 0.788519053125 0.71702440625 0.7802975046875 0.7193638015625 0.7628896703125
1 0.5229441593749999 0.42237264999999996 0.76027588125 0.4053594125 0.7230473765625 0.341655 0.5136370343750001 0.3528942140625 0.5229441593749999 0.42237264999999996
1 0.24605715312499998 0.43116921406250003 0.4723366609375 0.4228310875 0.469428184375 0.3548742921875 0.2646714046875 0.36420591406249997 0.24605715312499998 0.43116921406250003
1 0.154730975 0.56218595625 0.42289255312499996 0.5532578203125 0.42870950625 0.45358477500000005 0.19021439375 0.468021009375 0.154730975 0.56218595625
1 0.45430410312499997 0.5473619171874999 0.7643477484375001 0.5321722390625 0.732936196875 0.43859822968750006 0.4548857984375 0.45616085 0.45430410312499997 0.5473619171874999
1 0.5537042125 0.7345414546875 0.9021397546875001 0.7158297453125 0.8393864546875 0.574924071875 0.5462119765625 0.592578565625 0.5537042125 0.7345414546875
1 0.12448281406249999 0.752147825 0.52352585625 0.73341395 0.511310253125 0.5937973609375 0.173345228125 0.6117071609375 0.12448281406249999 0.752147825
4 0.7106116203124999 0.28898301718749997 0.7128253640625 0.270642328125 0.70729100625 0.261288825 0.7045238265625 0.245197459375 0.7017566468750001 0.2311814765625 0.69456198125 0.2260367203125 0.6818329578125 0.22606615156249998 0.6818329578125 0.2418390734375 0.6973291609375 0.23922254999999998 0.69456198125 0.25882779375 0.7023100828125 0.26270799375 0.70286351875 0.2888385109375 0.7106116203124999 0.28898301718749997
0 0.3010690984375 0.3078504046875 0.4001341140625 0.29982513125 0.3945997546875 0.2817550125 0.301622534375 0.28168123437500003 0.3010690984375 0.3078504046875
0 0.5429205609375 0.3068761484375 0.6497336781249999 0.30397630625 0.6502871140625001 0.267845290625 0.549561790625 0.271362696875 0.5429205609375 0.3068761484375