3 0.9473886015625 0.3123235921875 0.9806316609374999 0.31029931718750003 0.977606403125 0.270908909375 0.9288523453125 0.2722257625 0.637407121875 0.354422196875 0.6352741843749999 0.3853163796875 0.65084745 0.3873607109375 0.6475989765625 0.3687408234375 0.94745615 0.288210796875 0.9473886015625 0.3123235921875
3 0.647683453125 0.12455706250000001 0.632527496875 0.127237528125 0.636875221875 0.1418445484375 0.46782043125 0.22609206406250001 0.4672236296875 0.23952528593750003 0.6247189750000001 0.1564364171875 0.6497160359375 0.15507404687499998 0.647683453125 0.12455706250000001
3 0.654294534375 0.45022719375 0.652229984375 0.419023875 0.6363520703125001 0.4193270328125 0.6390294062499999 0.4374402953125 0.46441487343750004 0.46793492031249995 0.46619985625 0.453765646875 0.4541262375 0.45700815468749995 0.45831141875 0.481248703125 0.654294534375 0.45022719375
3 0.4584661109375 0.43207641875 0.4681154171875 0.4292765140625 0.4658243921875 0.40633405624999996 0.4500104109375 0.4080098796875 0.3558297828125 0.43316416562500004 0.355142503125 0.41840799375 0.3436789578125 0.42162564218750004 0.3495824796875 0.4433894484375 0.45177398750000003 0.41962783281249993 0.4584661109375 0.43207641875
3 0.25100107656250004 0.3207983671875 0.2484069921875 0.3060864734375 0.2350302890625 0.305772540625 0.23478730625000002 0.3169493234375 0.24095399843749998 0.31820128593749997 0.24141322187499997 0.32806096875 0.265559171875 0.3300835640625 0.2828978203125 0.3252968625 0.31352163125 0.32705550625 0.339433071875 0.3259996953125 0.35610945 0.3233874546875 0.356003021875 0.30470873906249996 0.3457545890625 0.305985321875 0.3461638953125 0.31477330000000003 0.3169927125 0.319612646875 0.3020319078125 0.3180747765625 0.28333047968749997 0.31819255625 0.26967255625000003 0.3200375625 0.25100107656250004 0.3207983671875
3 0.3456625203125 0.45974845468750003 0.3400965078125 0.46319646875 0.34044591562500004 0.470698403125 0.335671953125 0.4747583859375 0.3318946078125 0.5084129484375 0.2736338 0.511645884375 0.26805575937500004 0.6213945203125 0.2219586203125 0.6234875828125 0.2209435546875 0.634481078125 0.2129614578125 0.63523581875 0.21314944374999997 0.6474687796875 0.2238887421875 0.648534421875 0.230790971875 0.6327913406250001 0.28485024062500003 0.6295148546875 0.291992415625 0.5205614781250001 0.3467638703125 0.516182234375 0.3507060265625 0.4614756765625 0.3456625203125 0.45974845468750003
3 0.45288224843749997 0.6868088453125 0.4612531390625 0.6873955515625 0.4630736234375 0.6609074015624999 0.44399114375000004 0.661040709375 0.34541625468750004 0.64888495625 0.3445179328125 0.6246748375 0.332888596875 0.6260515 0.33794715625 0.6558958390625 0.44496652968749995 0.6694622328125 0.45288224843749997 0.6868088453125
3 1 0.7213153343750001 0.9604838625 0.7226363703125 0.6449206484375 0.681457575 0.640819415625 0.7163372046875 0.6522825484375 0.7165858390625 0.6526708218749999 0.6976033859374999 0.95825715625 0.743125178125 0.976103484375 0.743829440625 0.9773179171875 0.7699038093749999 1 0.7702295984374999 1 0.7213153343750001
4 0.17097561249999998 0.6256061921875 0.17101809375000002 0.6155136171875 0.1705623984375 0.60572965 0.1669836125 0.5949197015625 0.16275921875 0.581252959375 0.162089078125 0.566864775 0.16295595000000002 0.5414581859375 0.15471706093749998 0.5406406546875 0.15482200937499999 0.5538986312499999 0.15563730781250001 0.582408084375 0.1604916328125 0.609599721875 0.1595956828125 0.645386646875 0.16870575625 0.6649088203125 0.199762428125 0.6714277234375 0.2213426046875 0.6725665671875001 0.242478215625 0.6751650734375 0.2634529921875 0.6743104171875001 0.2783290203125 0.674569196875 0.276244765625 0.66283341875 0.23842805781249998 0.6652392609375 0.2225690796875 0.665885465625 0.20096209687500002 0.66417109375 0.177228378125 0.660813521875 0.1747263625 0.6511129359375001 0.17148491875 0.6365412125 0.17097561249999998 0.6256061921875
0 0.29795964218750004 0.42104929999999996 0.3059413984375 0.33307379375 0.232365778125 0.3353923109375 0.232191775 0.4094604859375 0.29795964218750004 0.42104929999999996
0 0.258641409375 0.6142589703125 0.2622112265625 0.5352962109375 0.2211562984375 0.5356101515625 0.2188552921875 0.61588013125 0.258641409375 0.6142589703125
1 0.9164517968749999 0.707040121875 0.8900080765625 0.32082571249999997 0.6748564921875 0.36968057656250003 0.68827535 0.68372354375 0.9164517968749999 0.707040121875
1 0.608539828125 0.7093946796874999 0.5983111953125 0.4638471296875 0.4833278390625 0.484839371875 0.4857910203125 0.6933330671875 0.608539828125 0.7093946796874999
1 0.4246299640625 0.6509808625 0.4308535953125 0.47338834218750003 0.35781494375 0.48723579062500005 0.35067530625 0.6451613093749999 0.4246299640625 0.6509808625
1 0.4411149265625 0.4084215734375 0.44010471874999996 0.23112380937500002 0.3658866578125 0.2715182359375 0.3669653953125 0.424352665625 0.4411149265625 0.4084215734375
1 0.6080564296875 0.43966895937499995 0.6080784140625 0.180794 0.4803962171875 0.240353409375 0.48939298124999997 0.45945223437499993 0.6080564296875 0.43966895937499995
1 0.8879865468749999 0.27742267656249997 0.8613265234374999 0.0162376265625 0.6684712390625001 0.102913178125 0.6792421984375 0.3341699796875 0.8879865468749999 0.27742267656249997
0 0.6679466749999999 0.3448917609375 0.6645516046875 0.1588212078125 0.6116580359375 0.17758107031249998 0.6198457671875001 0.353374965625 0.6679466749999999 0.3448917609375
0 0.675522746875 0.666000959375 0.6718842390625 0.45206829062500004 0.6205989734374999 0.4600882265625 0.6236585484375 0.6615910203124999 0.675522746875 0.666000959375
0 0.4730225640625 0.6448409984375 0.4749681921875 0.48196316718750004 0.4465856171875 0.48653161406249995 0.44259299375000005 0.6426689624999999 0.4730225640625 0.6448409984375
0 0.34966899218749997 0.6196471796874999 0.34868736875 0.5241526984375 0.31324976250000003 0.5260840906250001 0.3142540453125 0.62206506875 0.34966899218749997 0.6196471796874999
0 0.3581335203125 0.41068616718750006 0.3603130234375 0.3272484 0.32669582343750003 0.3310553 0.325471840625 0.416403815625 0.3581335203125 0.41068616718750006
0 0.476943765625 0.394146921875 0.47893087031250003 0.25076423281250004 0.44647311875 0.2608603578125 0.4469447171875 0.40121833906250004 0.476943765625 0.394146921875
0 1 0.51700123125 0.9976833468749999 0.43044406406249996 0.9251463421875 0.4358368265625 0.9407510968749999 0.6964585390625 1 0.6931412390625 1 0.51700123125
6 0.24679814888098023 0.492458119544202 0.03254067224974104 0.012242673421985017
6 0.967346778125 0.2540890390625 0.9382448234374999 0.0276238828125 0.89551055 0.0313220578125 0.915383315625 0.25881556875 0.967346778125 0.2540890390625