2 0.1336709485094767 0.35458802693097136 0.010029971463952726 0.014117042154477667
2 0.14571718424145305 0.3616874546240685 0.013972608767505657 0.014921018052176827
2 0.21159258726077165 0.3003686804235716 0.01077483416039975 0.013340337334017516
2 0.23166533870851377 0.2450317406302261 0.01077483416039975 0.013340337334017516
2 0.28717897642635143 0.09539535499341081 0.01315497146395268 0.014135222872636933
2 0.15546671174404306 0.25239881303532485 0.009957196856846817 0.012554542154477665
2 0.16046242679785497 0.24227437929210352 0.011446922249740999 0.011001132513557365
2 0.19076851095825476 0.2557283461146162 0.010738446856846861 0.012559087334017515
2 0.19572783870851376 0.24482266237139488 0.012191784946188066 0.010224427693097126
5 0.12172956658260725 0.28266302995603343 0.011665246071058543 0.015688632513557364
2 0.16645136931147567 0.42116699375348404 0.010175520678164407 0.017242042154477666
2 0.15186448448912207 0.4601340449831481 0.010102746071058544 0.015679542154477664
2 0.13873093775610973 0.49676643657189173 0.012519270678164407 0.017255677693097125
2 0.12354473945152081 0.539635192622016 0.012191784946188066 0.010224427693097126
5 0.3058048519430801 0.14314705376374678 0.015044957195929066 0.02117556323171659
5 0.5433156222069597 0.3124520865484506 0.014300094499482085 0.021952268052176826
2 0.7054025533480409 0.38837475799503174 0.011628858767505612 0.014907382513557365
5 0.7603427262169544 0.6456559928697213 0.009357883374611475 0.016456246974937905
5 0.7906102690210254 0.6247440500513136 0.010665672249741043 0.010996587334017604
5 0.8206594880037787 0.599144607232906 0.013082196856846907 0.012572722872636888
5 0.7926329954473769 0.7184804145126942 0.012410108767505612 0.014911927693097127
5 0.8122905239834243 0.7045360891807293 0.00928510876750579 0.014893746974937904
5 0.8357815279123656 0.6890519897464633 0.014154545285270359 0.01882726805217665
5 0.6260833502859411 0.7479719509116354 0.008358309553294063 0.011764201795397966
5 0.6486475550006707 0.7293583062978296 0.008394696856846906 0.012545451795397965
5 0.6712845343225063 0.7123071616840239 0.008540246071058633 0.015670451795397965
5 0.6819181273742463 0.7896918182998821 0.010847608767505613 0.014902837334017604
5 0.6652036623204344 0.7997480743500063 0.010139133374611475 0.016460792154477842
5 0.6485619718737283 0.8113668304001305 0.01077483416039975 0.013340337334017249
5 0.9272455899468589 0.7411326402140015 0.010102746071058277 0.015679542154477664
6 0.7121471288219883 0.7344139658405541 0.009648981803034928 0.022706246974937904
3 0.72444921875 0.779926959375 0.7269285859375 0.788916709375 0.7313438 0.78637801875 0.7289488921875 0.7821511765625 0.7296983328125 0.7746455703125 0.733340259375 0.7732014 0.7305160421875 0.768605721875 0.725629725 0.766928765625 0.7164741453125 0.76797451875 0.7094651203125 0.770864459375 0.7019593921875 0.7689890921875 0.7010077781249999 0.763305290625 0.7056892859375 0.760584978125 0.7088507015625 0.7576726515625001 0.7071352109375 0.750335875 0.7038381359375 0.747385975 0.698856196875 0.7495550296875 0.69367623125 0.7533714609375 0.6890621125 0.76048824375 0.6937162671875 0.7630796984375 0.695919925 0.7749985640625 0.7017766765625 0.7768643359375 0.7159047875 0.776397021875 0.7170476484375 0.7743888 0.7216591359375 0.776064159375 0.72539493125 0.776635403125 0.72444921875 0.779926959375
3 0.736844771875 0.7717564296874999 0.7394615515625 0.780746978125 0.74615308125 0.776939340625 0.745269734375 0.77272129375 0.7440868359375 0.7650212765625 0.741924090625 0.7598799374999999 0.7437890375 0.755677878125 0.7478961640625 0.7494739953125 0.744839784375 0.745792815625 0.739739253125 0.742466084375 0.736452465625 0.7338379765624999 0.7353719703125 0.7283365921875 0.73187686875 0.7270340703125 0.726766046875 0.7293855437500001 0.7203578828125 0.733378 0.7186815531249999 0.738680175 0.718525315625 0.7441743640625 0.7197867718750001 0.7476619296875 0.723539634375 0.7485996140625 0.7267428406249999 0.7495341 0.7291062453125 0.744235921875 0.73061780625 0.744244715625 0.7318545390625 0.7442519109375 0.7310282953125 0.750108540625 0.7349441734375 0.75159668125 0.7353384734375 0.7541633546875001 0.732305940625 0.7568932609375 0.73066374375 0.7629283124999999 0.7350345359375 0.7653349515625 0.7372408265625 0.7684616734375 0.736844771875 0.7717564296874999
4 0.6383238812500001 0.8391392859375 0.6385619453125 0.8472001453125 0.6420749812500001 0.8494186234375001 0.650165378125 0.849099353125 0.6570122640625 0.8427282406250001 0.6730897796875001 0.8428217765625 0.685301740625 0.8454572015625 0.693984465625 0.846057225 0.702436784375 0.8417103218750001 0.7241739 0.8423862953125001 0.7505745828125 0.8429062296875 0.7679247203124999 0.8378784140625 0.7790297078124999 0.8373935093749999 0.7753033328125001 0.83059454375 0.7668774921875 0.83256039375 0.746564846875 0.8359224453125 0.7317496625000001 0.8363857625 0.718738815625 0.8342951984375 0.7070585703125001 0.8342272453125 0.6982460875000001 0.8367403546875 0.6879561765625 0.8399775484375 0.6847623828125 0.83629556875 0.6731598156249999 0.834945878125 0.6618832796875 0.834697103125 0.6495748171875 0.8388384015625 0.6427808875000001 0.84044740625 0.6383238812500001 0.8391392859375
0 0.641140221875 0.803064984375 0.687970296875 0.7709791828125 0.6803403875 0.7397119171875 0.6303690921875 0.7729148218749999 0.641140221875 0.803064984375
0 0.7772777015625 0.7093368515625 0.845539546875 0.6620481421875 0.82820049375 0.609719909375 0.759125196875 0.6623969296875 0.7772777015625 0.7093368515625
2 0.7050409501621064 0.6992258995837755 0.008212760339082336 0.008639201795397965
3 0.123722271875 0.5477922796875 0.1168823140625 0.5679949140625 0.1269491640625 0.572394728125 0.1283066953125 0.5696270515624999 0.3034943 0.635277540625 0.3022845515625 0.64121816875 0.3097557 0.6420546593750001 0.3171399375 0.6218755609375 0.31043156562499996 0.618267934375 0.30765925625 0.6289576 0.13325293124999998 0.5609325828125 0.13360933749999998 0.54943585 0.123722271875 0.5477922796875
3 0.1962260765625 0.3619472734375 0.1844047734375 0.3917733578125 0.1954727421875 0.396835846875 0.1999350765625 0.3905176375 0.3985116203125 0.49238669375 0.3966886765625 0.49792723437499997 0.4076341 0.5031455593749999 0.4163019453125 0.47861231406250004 0.40855367343750004 0.47182655156250003 0.4082896625 0.48530638281250005 0.2029123671875 0.377846615625 0.20603745624999997 0.36834852812499996 0.1962260765625 0.3619472734375
3 0.21816169843750002 0.2456872890625 0.2111279734375 0.2588436421875 0.23364077343749998 0.270506878125 0.250651728125 0.2210679453125 0.2466078328125 0.21576037343749999 0.26404133281250003 0.1683054171875 0.266889378125 0.1692026625 0.28041582656249997 0.1796292765625 0.28985708906249996 0.1484202890625 0.2764127171875 0.13975549375000001 0.2749974546875 0.14481113125 0.2721811796875 0.141051890625 0.2761562859375 0.1342497921875 0.27199945625 0.131408846875 0.241587159375 0.21886083906249998 0.24537726875 0.22364101249999999 0.23525770000000001 0.2553030203125 0.21816169843750002 0.2456872890625
3 0.51957220625 0.31509557187500004 0.5030039281249999 0.3352351578125 0.5125317968750001 0.356045421875 0.5176872390625 0.3581508765625 0.6825286125 0.46444066875 0.69313663125 0.449974003125 0.69761051875 0.45415099531249997 0.7084360968750001 0.4443554328125 0.70067995625 0.4365272390625 0.694719696875 0.44220014531249996 0.6877129296875 0.4504613234375 0.519833390625 0.3374085578125 0.5203941000000001 0.3327419828125 0.5288123671875 0.321375796875 0.51957220625 0.31509557187500004
3 0.5753049359375 0.55950270625 0.5613561109375 0.5800133062499999 0.5679526453125 0.5854034593749999 0.5752736656249999 0.5838894203125 0.7042781203125 0.6474233218750001 0.7145937078125 0.6350304296875 0.7121356984375 0.6407237109375 0.71743618125 0.64594325625 0.7229831 0.6397490734375 0.7228645859375 0.628852109375 0.70995065 0.6272203609375 0.6987842515625 0.6380516875 0.5798489484375 0.5735386499999999 0.579024703125 0.5641941828125 0.5753049359375 0.55950270625
3 0.459883865625 0.67902604375 0.4509632953125 0.6984308421875001 0.4562778890625 0.7018353890625 0.4627722921875 0.6992788234375 0.579280834375 0.7450983828125 0.5858259578125 0.7352779296875 0.59589275625 0.74260068125 0.5994456640625 0.7353571671875 0.585122578125 0.7285285125 0.5781641578125 0.737827703125 0.46630104687499996 0.691516284375 0.4655734734375 0.6842478671875 0.459883865625 0.67902604375
3 0.3841067859375 0.5137674453125001 0.379531503125 0.52411824375 0.378049853125 0.5173642984375 0.37491024687499996 0.5251291015625 0.3813539515625 0.5298364265625 0.3815208140625 0.5417714171875 0.390543415625 0.5433805406250001 0.534600878125 0.61270955625 0.5427508890625 0.603936184375 0.547541359375 0.606558403125 0.5541831734375 0.5988139734375 0.54776364375 0.5946256765625 0.543359946875 0.6003076359375 0.5384704109375 0.60391128125 0.39047324687499996 0.5335215734375 0.3875317484375 0.5288346234375 0.39444184375 0.518497409375 0.3841067859375 0.5137674453125001
0 0.22107066718750001 0.374430225 0.28584786875 0.21463725937499997 0.2684953578125 0.20462650937500002 0.20760112187500002 0.3619280046875 0.22107066718750001 0.374430225
0 0.14571800937499998 0.55801114375 0.190303828125 0.45461900625 0.17573777031249999 0.446426253125 0.13318606093750002 0.54797930625 0.14571800937499998 0.55801114375
0 0.354336696875 0.524941890625 0.2967522921875 0.615635878125 0.3357259796875 0.6329404046875 0.3868848671875 0.5566624 0.354336696875 0.524941890625
0 0.5194648921875 0.6042800046875 0.4540569921875 0.6773503828125 0.48097108437499997 0.6914423937499999 0.548681025 0.622467784375 0.5194648921875 0.6042800046875
0 0.6544230171875001 0.4564183046875 0.5623063109374999 0.560434784375 0.5957778874999999 0.5749946171875 0.68866235 0.48094153281249996 0.6544230171875001 0.4564183046875
0 0.650208625 0.672747878125 0.586464009375 0.7247174000000001 0.6181820609375 0.73950855 0.6733366828125 0.6990526265625 0.650208625 0.672747878125
0 0.801472925 0.5502234890625 0.71198039375 0.6216467156250001 0.7470755890625 0.6363295015625 0.8211480234374999 0.5807684078124999 0.801472925 0.5502234890625
3 0.8628238578125 0.6546069234375 0.8751282921874999 0.6450867437500001 0.8717044968750001 0.632643496875 0.86426076875 0.6334807953125 0.850732484375 0.6454370078125 0.848275246875 0.62575589375 0.8401544265625001 0.5884297609375 0.8244067296875001 0.5669101203125 0.8213124234375 0.5619020328125 0.832334440625 0.5575631328124999 0.8320472593750001 0.551397240625 0.8262429093750001 0.5449057093749999 0.8195142859375 0.546921303125 0.814572784375 0.554230915625 0.8085456171875001 0.5571312046875 0.8164940250000001 0.571854171875 0.8302604609375 0.5933622859375001 0.8392098015625 0.6201259953125 0.8360431296874999 0.62773946875 0.8441132609374999 0.6498015125000001 0.8512658203125 0.6568879562500001 0.858229584375 0.6504707109375001 0.8628238578125 0.6546069234375
1 0.3206358484375 0.17617210781249998 0.23246472499999998 0.3834921765625 0.3863878765625 0.4652740578125 0.497270609375 0.2929121671875 0.3206358484375 0.17617210781249998
1 0.217163603125 0.41710578125 0.15689677500000002 0.5590531015625 0.2879554515625 0.615239903125 0.366607215625 0.4932445109375 0.217163603125 0.41710578125
1 0.3926869609375 0.54619705 0.32349565 0.6515241031250001 0.430598215625 0.690215609375 0.51603853125 0.60533263125 0.3926869609375 0.54619705
1 0.5765135906250001 0.600067334375 0.48210922968750003 0.69201521875 0.571670884375 0.7314795203125 0.67166110625 0.6511748609375 0.5765135906250001 0.600067334375
1 0.7323609140625 0.45155893750000003 0.5984446609375 0.581406115625 0.692337696875 0.6243330390625 0.82465755625 0.5138841000000001 0.7323609140625 0.45155893750000003
0 0.475901321875 0.341095021875 0.39207865468750003 0.47139261093749996 0.4306658875 0.49249377499999997 0.5160138265625 0.369413959375 0.475901321875 0.341095021875
1 0.5229300171875 0.5859930953125 0.6565554312499999 0.4497582890625 0.523009846875 0.362732175 0.4278806515625 0.504753946875 0.5229300171875 0.5859930953125
5 0.10149414929526498 0.35127667456983913 0.007395123035529272 0.007853406615858293
5 0.19726041356328863 0.3448044816532357 0.010883996071058544 0.015684087334017514
5 0.23537038151258466 0.22396526170746495 0.012519270678164407 0.017255677693097125
6 0.19343543858467924 0.1956039123713949 0.0074678976426351355 0.009415906615858293
5 0.1669285965663966 0.21341358108750158 0.014753858767505656 0.014925563231716588
6 0.18435799917143048 0.3025533491396783 0.006723034946188066 0.010192611436318444
6 0.1136302762597357 0.34353689744247606 0.00913955955329393 0.011768746974937905
4 0.3524344703125 0.1366564734375 0.35061537187499997 0.14669721875 0.38627468125000003 0.17516594218749998 0.4485331921875 0.21617530000000001 0.5241638234375 0.2523913984375 0.583323153125 0.3069317796875 0.6306154546875 0.354176959375 0.65833486875 0.36698400468750003 0.686713934375 0.37211709531250003 0.6988291921875 0.3841354875 0.7513346828125 0.43412080625 0.8199264734374999 0.48736115468749996 0.83349160625 0.48744007500000003 0.8874897390625 0.51123924375 0.8932685265625 0.5334029796875 0.9091655031249999 0.5325921984375 0.8899527484374999 0.49860779375000003 0.82648005 0.47520513593749997 0.7385433734375 0.4053335171875 0.706867065625 0.37308314375 0.678979325 0.35666204218750003 0.645471234375 0.3505958375 0.6267424453125 0.32700185937500004 0.5830768078124999 0.294264015625 0.5712147515625 0.2725165296875 0.5319488906250001 0.24473835312499997 0.49918710156249996 0.22557907031250002 0.4758499328125 0.21686224531249998 0.44711314843750005 0.204049271875 0.41479818437500005 0.1799246265625 0.36993794062499996 0.14850080937500001 0.3524344703125 0.1366564734375
2 0.5291225355653607 0.25925890885535346 0.012519270678164319 0.017255677693097125
5 0.5110467777074778 0.29039527936685827 0.016461907981717337 0.01805965359079611
2 0.957271230145896 0.6311809232932929 0.010321069892376045 0.020367042154477665
2 0.8928427030575907 0.5894110589301083 0.013082196856846907 0.012572722872636888
5 0.8881038531814252 0.63858890231425 0.013264133374611475 0.016478972872636888
2 0.6751437425518927 0.8287043213249442 0.011446922249741042 0.011001132513557365
5 0.8667146966474497 0.5650468631848343 0.019242305624352696 0.02744828912941557
5 0.8440391759692855 0.5477320981577197 0.017497869106587773 0.02353294877033605
5 0.6003213709641055 0.7650049148072818 0.014826633374611476 0.016488063231716588