1 0.433129078125 0.24638478125000002 0.3635874375 0.277650065625 0.368588865625 0.48336707343749996 0.4389211109375 0.4778558421875 0.433129078125 0.24638478125000002
1 0.5995180578125 0.1625619578125 0.6085461734375001 0.46352671718750005 0.7566578125000001 0.44148186718750004 0.749210896875 0.0997863984375 0.5995180578125 0.1625619578125
1 0.609108734375 0.4886449296875 0.61682070625 0.8278667671875001 0.7624499625000001 0.87967223125 0.754175546875 0.49168253125000005 0.609108734375 0.4886449296875
1 0.46428953125000005 0.5692066046875001 0.47036395000000003 0.8157420562500001 0.5721388593750001 0.85762738125 0.5663468265625 0.5787597437499999 0.46428953125000005 0.5692066046875001
1 0.46428953125000005 0.26997752343750003 0.46457180156250005 0.512025403125 0.561382178125 0.5098209484375 0.557245028125 0.24087354843750003 0.46428953125000005 0.26997752343750003
1 0.37413717968750004 0.5039900109375 0.3768632828125 0.7322228515625 0.44223099374999997 0.7553699468749999 0.4389211109375 0.497444990625 0.37413717968750004 0.5039900109375
2 0.8109375 0.20234375 0.0109375 0.0140625
2 0.828125 0.26796875 0.009375 0.03125
2 0.8125 0.29765625 0.01171875 0.01953125
2 0.81484375 0.39453125 0.01640625 0.0171875
5 0.8140625 0.50546875 0.01328125 0.01875
5 0.809375 0.45 0.01875 0.02265625
2 0.84921875 0.47890625 0.028125 0.0171875
2 0.8921875 0.56953125 0.0171875 0.015625
2 0.81953125 0.6390625 0.01328125 0.01640625
2 0.821875 0.7328125 0.0125 0.0171875
2 0.82421875 0.8296875 0.01328125 0.01953125
2 0.82890625 0.94765625 0.0171875 0.02421875
2 0.87734375 0.33125 0.015625 0.0171875
2 0.88203125 0.359375 0.0125 0.01796875
5 0.909375 0.51796875 0.0140625 0.01484375
2 0.91328125 0.57265625 0.0109375 0.0140625
2 0.8625 0.56171875 0.01328125 0.015625
2 0.809375 0.0859375 0.0125 0.02265625
5 0.8828125 0.30078125 0.01328125 0.015625
0 0.7721347328125 0.871706253125 0.785046796875 0.8772963828125 0.8008640859374999 0.8751463328125 0.8069973156250001 0.8532158703125001 0.8111937499999999 0.84633575625 0.8212006125 0.8446157 0.8231374296875 0.9035269015624999 0.8257198515624999 0.9706082781250001 0.837986309375 0.9710382875000001 0.8354038875 0.939217640625 0.8344354796875001 0.9052469421874999 0.8331442906250001 0.850205815625 0.8331442906250001 0.8084949671875 0.83088465 0.8054848968749999 0.83185308125 0.71299508125 0.8279794468749999 0.7078349921875 0.8292706593749999 0.70310488125 0.8324986859375001 0.698374803125 0.8334670718750001 0.69020464375 0.83185308125 0.68590454375 0.8286250531249999 0.6790243828125 0.8263654562499999 0.57453224375 0.8153901859375001 0.5771123046875 0.8163585937500001 0.6175331374999999 0.8021552968749999 0.6188231515625 0.7953764624999999 0.602912828125 0.766304378125 0.60219901875 0.768583925 0.65111174375 0.7727803265625 0.8063449171875 0.7721347328125 0.871706253125
0 0.7992500953125 0.404934909375 0.804414915625 0.41224504843750004 0.804414915625 0.3752643109375 0.8053833234375001 0.29270260625 0.785692403125 0.2737822109375 0.7860152046875 0.220031121875 0.7866608109375 0.1638960078125 0.77762235625 0.1570158625 0.7591954734375 0.163691875 0.766647096875 0.42944541718749996 0.780850384375 0.427725378125 0.791502828125 0.43030540625 0.7992500953125 0.404934909375
3 0.79731325625 0.12261515468749999 0.7956992640625 0.21162699375 0.8005412828124999 0.21076695937499998 0.7937624484375 0.22022716406249998 0.79408525 0.2782783453125 0.8108709484375 0.27569830156249997 0.8124849609375 0.25247780625 0.8021552968749999 0.2550578671875 0.80473771875 0.223667228125 0.804414915625 0.192276575 0.8063517328125 0.12605522656249998 0.8053833234375001 0.096384625 0.79731325625 0.09681463125 0.7921484578125 0.09681463125 0.788274825 0.0903645 0.7749098937500001 0.09285226875 0.776653959375 0.12605522656249998 0.7892432328125001 0.1187450796875 0.7963448703125 0.117025040625 0.79731325625 0.12261515468749999
3 0.8102253421875 0.5640760921875 0.8186181906250001 0.5640760921875 0.8279794468749999 0.5645061015625 0.836372296875 0.573966290625 0.8428283499999999 0.5657961312500001 0.8415371171875 0.5481657671875 0.8321758828125001 0.544295678125 0.8286250531249999 0.544295678125 0.8173269796874999 0.5404256171874999 0.8095797593749999 0.5399956078125 0.8008640859374999 0.545585721875 0.7992500953125 0.538275553125 0.78239295 0.5383435984375 0.7824643984375 0.5722462515625 0.7982816859375 0.5692362109375 0.7982816859375 0.5645061015625 0.8102253421875 0.5640760921875
3 0.7638442765625 0.8869428062500001 0.6171891234375 0.8323304437499999 0.5961907875 0.8243383921874999 0.589857959375 0.8194543609375 0.5895246515625 0.8363264734375001 0.5855249546875 0.8376584953125 0.5851916703125 0.8580826265624999 0.5935243234375001 0.8594146234375 0.5991905609375 0.8558626046875 0.599857153125 0.849646578125 0.5951908875 0.8456505390625001 0.7798430140625 0.9158030171875 0.780842915625 0.9224630656249999 0.7891755921875 0.9229070703125 0.797174984375 0.91846704375 0.79650836875 0.9269030921875 0.791508725 0.94688321875 0.8066961328125 0.94631355 0.8081741250000001 0.898486884375 0.7981748843750001 0.89227085625 0.787842359375 0.8967108828124999 0.7638442765625 0.8869428062500001
3 0.5848822078125 0.48188155000000005 0.577799003125 0.48817197187500005 0.5789795375 0.5038979734375 0.59196536875 0.5038979734375 0.595506971875 0.49288976093750003 0.5896043015625 0.48109527500000004 0.7820308015624999 0.47087333750000004 0.7843918703125 0.4936760640625 0.7984915609375001 0.4890633859375 0.796197209375 0.44413912499999997 0.7814405343749999 0.44649800624999997 0.58311140625 0.4653692453125 0.5848822078125 0.48188155000000005
3 0.582796490625 0.5547137984375 0.579994853125 0.5562066421875 0.562064303125 0.55769949375 0.462605734375 0.5539673796875 0.45364045 0.5483691953125 0.4589635796875 0.5453835078125 0.4589635796875 0.5360532171875 0.4502784609375 0.53754606875 0.4502784609375 0.5509816843750001 0.452239621875 0.5539673796875 0.452239621875 0.569269046875 0.4581230828125 0.568522628125 0.46569311406249997 0.568522628125 0.57859961875 0.5730011734375 0.5878450484375 0.5737475921875 0.5951293390625 0.5730011734375 0.5936467203125 0.53824554375 0.581115515625 0.53754606875 0.581115515625 0.5457567203125 0.582796490625 0.5547137984375
3 0.5746614296875 0.20198437343750003 0.577189878125 0.209282078125 0.449503625 0.260366003125 0.45076781875 0.2457705953125 0.44107549687500003 0.24633195937500002 0.4452895453125 0.2631728015625 0.4490822171875 0.2727159578125 0.4503464109375 0.27945231718749997 0.572554390625 0.22556157500000001 0.5826681515625001 0.2261229390625 0.5886260937500001 0.22150925156249998 0.5877250468749999 0.1885116921875 0.579718325 0.1857048953125 0.5746614296875 0.18626625937500002 0.5746614296875 0.20198437343750003
3 0.359312734375 0.48968889843749996 0.36024871406250003 0.5009102515625 0.44869777343750006 0.4937410546875 0.450803709375 0.5087028578125 0.45758947031249997 0.5080794484375 0.458291465625 0.4784675421875 0.44822978750000003 0.47815583593750005 0.3691404109375 0.48781867968750003 0.36516254843749996 0.4875069640625 0.3653965328125 0.46537595937500004 0.35613444843750003 0.46364287656250003 0.35720680625 0.47659732187500004 0.353696921875 0.4772207328125 0.35439889999999996 0.4890654890625 0.359312734375 0.48968889843749996
3 0.3533572375 0.569272034375 0.3201303484375 0.573324184375 0.320832328125 0.7067336281250001 0.30562282343749997 0.7086038359375 0.29766708125 0.7129677078125 0.2967311265625 0.726059303125 0.29134929062500003 0.7266827124999999 0.2934552265625 0.7432030421875 0.301176975 0.74164449375 0.302580915625 0.7245007546875 0.33050035 0.714526234375 0.3290963921875 0.5832987203125 0.3344782125 0.5829870265625 0.348517759375 0.5832987203125 0.35904740625 0.5832987203125 0.3609193328125 0.5798699859374999 0.3609193328125 0.537789903125 0.3634932546875 0.5374782031249999 0.36264361875 0.5142697671875001 0.3552291640625 0.513165265625 0.3524212828125 0.5275036656250001 0.3533572375 0.569272034375
3 0.2983690609375 0.344379703125 0.3021129296875 0.3484318703125 0.31498250625 0.340015853125 0.33299992343749996 0.344379703125 0.349379375 0.3421977890625 0.3538252234375 0.34531481875000003 0.35920704375 0.34157437968750004 0.35897305 0.3181965484375 0.35171928750000003 0.319131675 0.35031533125 0.3325349515625 0.3353398359375 0.3325349515625 0.3128765859375 0.32941790000000004 0.30819674531249996 0.33315836249999997 0.297199096875 0.332223246875 0.2969651203125 0.312897571875 0.2872240171875 0.3132086859375 0.2876054296875 0.3306647203125 0.292051278125 0.32941790000000004 0.292051278125 0.3434445875 0.2983690609375 0.344379703125
5 0.33515625 0.3609375 0.00859375 0.009375
5 0.33515625 0.40546875 0.0078125 0.01015625
5 0.33671875 0.44921875 0.00859375 0.00859375
0 0.309375 0.40625 0.03828125 0.10625
3 0.3602756484375 0.7351600078125 0.361919640625 0.7489569390625 0.45184635625 0.782025846875 0.453983546875 0.7986697921875 0.46203915 0.7999837921874999 0.463683153125 0.79538479375 0.46187476250000004 0.7651629015625 0.45233956875 0.767790884375 0.36800243906249996 0.739101990625 0.36750923750000003 0.712165065625 0.359618046875 0.7075660828125 0.358830209375 0.7091407703125 0.3583028453125 0.7211440375 0.356001253125 0.7204870453125001 0.3556724515625 0.7351600078125 0.3602756484375 0.7351600078125
0 0.362906053125 0.589675221875 0.35797405625 0.589675221875 0.34334246562500004 0.59142721875 0.343835665625 0.70486885625 0.3700728015625 0.7096489109374999 0.3683312390625 0.56952729375 0.36438564375000004 0.569746290625 0.362906053125 0.589675221875
5 0.28203125 0.62265625 0.0171875 0.01484375
5 0.28515625 0.659375 0.01875 0.01953125
5 0.284375 0.69375 0.021875 0.0140625
4 0.2443482328125 0.62835580625 0.2443482328125 0.642564196875 0.24534817812499998 0.6536645078125 0.2490146453125 0.6669848890625001 0.2516811421875 0.6811932796875 0.2560142390625 0.7029499046875001 0.2546809796875 0.7207103906250001 0.2563475546875 0.7375828796875 0.25901407656250003 0.7482391453125 0.265347040625 0.7544553359374999 0.2703467671875 0.7606715296875 0.2776796765625 0.7611155109375 0.2810128046875 0.758007446875 0.265347040625 0.741579003125 0.2613472578125 0.7242624984375 0.26301383437500003 0.7078340234375 0.26268051875 0.6949576578125 0.2620138890625 0.6856334171875 0.257014184375 0.6763091453125 0.2533477421875 0.6625447671875 0.250681196875 0.654108521875 0.25034790625 0.6421201828124999 0.25034790625 0.6305758578125 0.25000099374999996 0.6115079109375 0.24201505 0.6061551671875 0.2433483109375 0.6176994921875 0.2443482328125 0.62835580625
5 0.23125 0.62734375 0.00859375 0.009375
5 0.23203125 0.65625 0.01328125 0.01171875
5 0.2296875 0.45625 0.009375 0.01015625
5 0.22890625 0.42734375 0.00859375 0.01171875
5 0.2296875 0.39609375 0.009375 0.0109375
0 0.3676091890625 0.46114314843750004 0.3596754265625 0.3454986671875 0.344473328125 0.3532747140625 0.3440601875 0.46279418124999994 0.3676091890625 0.46114314843750004
0 0.4362932875 0.29888946875 0.44114800625 0.4765529296875 0.46304444531250005 0.474901878125 0.46139188124999997 0.28883530625 0.4362932875 0.29888946875
0 0.4425184890625 0.5747137671875 0.446105696875 0.7519014890625 0.467175853125 0.7568546453125 0.46345755625 0.5724876765625 0.4425184890625 0.5747137671875
0 0.561755034375 0.2458954484375 0.5646768140625 0.45931810781250004 0.603512 0.45821740625 0.5993805328125 0.2364266875 0.561755034375 0.2458954484375
0 0.569221334375 0.5797676734375 0.5745921968750001 0.8037597859375 0.610948478125 0.8081625921875 0.6072302390625001 0.5764655703125 0.569221334375 0.5797676734375
0 0.30625 0.65390625 0.0203125 0.09375
6 0.3046875 0.5515625 0.01953125 0.0125
3 0.27667108281249997 0.572391384375 0.278423478125 0.5817289125 0.2792996828125 0.5910664406249999 0.2867473390625 0.5910664406249999 0.301204553125 0.5881484640625 0.2994521734375 0.5642210296875 0.2904711625 0.5642210296875 0.2909092625 0.5726831828125001 0.2874044875 0.577643740625 0.283899696875 0.5680144140625 0.2830235 0.558676875 0.2740425046875 0.558676875 0.273166315625 0.56071945625 0.265061503125 0.56071945625 0.2659377 0.57005699375 0.2740425046875 0.57034879375 0.27667108281249997 0.572391384375
3 0.28421920312500004 0.528327771875 0.2897294375 0.5259309531249999 0.289616984375 0.5382146515625 0.300300090625 0.5376154515625 0.3001876375 0.5129323921875 0.280733134375 0.51338179375 0.277359521875 0.5337547609375 0.27196173749999997 0.5364511859375 0.267251996875 0.53715034375 0.26571865156249996 0.5444452921875 0.27454817343750004 0.5470529265625 0.28095805 0.5476521328125 0.28421920312500004 0.528327771875
5 0.3328125 0.29921875 0.01328125 0.00859375