3 0.4143363953125 0.8619697515625001 0.4143363953125 0.87240413125 0.45834384687499996 0.8720675140624999 0.4513025640625 0.8626429140624999 0.45717031406249997 0.6765071390624999 0.46186444687500006 0.6667459453125 0.4190173890625 0.6654518609375 0.418443803125 0.6775936437500001 0.4348732671875 0.6772570499999999 0.4336997328125 0.8609599703124999 0.4143363953125 0.8619697515625001
3 0.0704921921875 0.8400912093749999 0.069905425 0.8488425968750001 0.1109789828125 0.849179215625 0.1098054078125 0.8421107484375 0.092789259375 0.8414375843749999 0.10335101718749999 0.6677557281250001 0.11684660625000001 0.6677557281250001 0.11332600781249999 0.659677496875 0.075563375 0.6588134515624999 0.0740127703125 0.668765503125 0.08868189374999999 0.6691020953125 0.0816406734375 0.839418021875 0.0704921921875 0.8400912093749999
3 0.3462717203125 0.67285165625 0.3844114234375 0.6752078109374999 0.38675853125000004 0.6688125328125001 0.3591805421875 0.6664564000000001 0.36094084375 0.48604267500000004 0.3832378890625 0.48604267500000004 0.3797173328125 0.4776278578125 0.351552578125 0.4803206015625 0.3497922765625 0.4857060875 0.3421643546875 0.4857060875 0.3398172875 0.66544661875 0.3462717203125 0.67285165625
3 0.43545999062499996 0.30070384687499996 0.43545999062499996 0.4767418421875 0.41727026875 0.4767418421875 0.418443803125 0.487849409375 0.46010410625000003 0.48448347187499996 0.45541005468750007 0.47808821718749994 0.45188945625 0.3094552578125 0.48709528593750007 0.3081088828125 0.4906158859375 0.29094265468749997 0.49531001718749995 0.2815180546875 0.4523426296875 0.28120503124999996 0.4530629890625 0.289596284375 0.4718394375 0.2899328734375 0.47125262812499996 0.30070384687499996 0.43545999062499996 0.30070384687499996
3 0.0916157265625 0.3185432578125 0.0933760265625 0.4828005046875 0.078120115625 0.48381028437499995 0.079293628125 0.4928983140625 0.11684660625000001 0.49087872812500005 0.11625984062500001 0.483137096875 0.107458340625 0.482463934375 0.11039221562499998 0.32796785625 0.1426642953125 0.32695808125000003 0.1473583859375 0.307772290625 0.15087894531249998 0.299357471875 0.110248828125 0.299558284375 0.11332600781249999 0.308445478125 0.12623483124999998 0.308445478125 0.12623483124999998 0.3165237015625 0.0916157265625 0.3185432578125
3 0.11980641875 0.274314271875 0.12967350312499998 0.2728992328125 0.3019950921875 0.2656218734375 0.3104525671875 0.272090634375 0.3143289078125 0.28947544375 0.321024471875 0.29250767031249997 0.3308915328125 0.29270980625 0.38480811875 0.2898797421875 0.38868445937499996 0.29655065937499997 0.41581888749999996 0.2953377484375 0.4267431640625 0.29351841875 0.4221620796875 0.283410975 0.397846725 0.28462385625 0.33371070625 0.2860389171875 0.32172926562500004 0.2636003796875 0.3065761765625 0.260366003125 0.1310830921875 0.268047653125 0.10042464375 0.26481327656250003 0.097253096875 0.25814235937499996 0.051916678125000004 0.25870600781249997 0.0524988265625 0.26703690625 0.08985278906250001 0.266430465625 0.10324381875 0.2710798953125 0.11980641875 0.274314271875
3 0.2667554875 0.2541454640625 0.29952829062499997 0.253134715625 0.3065761765625 0.247676703125 0.3048142171875 0.24322942187500002 0.2924803796875 0.24100578593750002 0.28296566562500003 0.241410084375 0.27697496875 0.24403802031250002 0.27168904375 0.2367606609375 0.2759177796875 0.231706940625 0.2938899421875 0.22665321875000002 0.297413959375 0.2220037890625 0.25410171406250004 0.22540402187500003 0.2537168296875 0.2359520640625 0.25265966406249996 0.2420165328125 0.2639363140625 0.24929389062500001 0.2667554875 0.2541454640625
3 0.352035290625 0.23837785781249998 0.33335833593749997 0.23837785781249998 0.33335833593749997 0.24848529375 0.3594355984375 0.24787884531249998 0.3700075015625 0.247474553125 0.3759981734375 0.2458573578125 0.3752933796875 0.2389842984375 0.36895028750000003 0.235345615625 0.366483484375 0.22483388125 0.3615499796875 0.2161414765625 0.34745415625 0.21533287968749998 0.316795709375 0.2207908921875 0.3301867390625 0.223418834375 0.3467493625 0.227866115625 0.349216115625 0.23494132343750002 0.352035290625 0.23837785781249998
2 0.3578125 0.26171875 0.01875 0.01015625
2 0.31953125 0.30625 0.01640625 0.009375
2 0.659375 0.28828125 0.0203125 0.009375
2 0.5890625 0.290625 0.02109375 0.009375
2 0.6 0.48359375 0.01875 0.00859375
2 0.253125 0.48984375 0.0171875 0.00859375
2 0.325 0.48828125 0.01484375 0.009375
2 0.253125 0.66875 0.01484375 0.0109375
2 0.32421875 0.6703125 0.01796875 0.00859375
2 0.6015625 0.6765625 0.01796875 0.0109375
2 0.68203125 0.67890625 0.02421875 0.009375
2 0.7921875 0.28125 0.02109375 0.009375
2 0.75234375 0.1953125 0.0140625 0.01171875
5 0.10859375 0.24453125 0.021875 0.01484375
5 0.15390625 0.240625 0.0234375 0.0109375
5 0.1984375 0.2375 0.02109375 0.01328125
5 0.478125 0.21796875 0.02109375 0.01015625
5 0.534375 0.2140625 0.01875 0.00859375
5 0.58828125 0.21015625 0.0171875 0.01015625
5 0.6546875 0.24296875 0.015625 0.01015625
5 0.58046875 0.2484375 0.02421875 0.0109375
5 0.51015625 0.253125 0.0203125 0.0109375
5 0.1390625 0.08515625 0.02265625 0.01328125
5 0.18828125 0.0796875 0.03046875 0.0125
5 0.234375 0.0765625 0.025 0.0140625
5 0.29453125 0.071875 0.0203125 0.0140625
5 0.32265625 0.06953125 0.01953125 0.015625
5 0.47578125 0.05 0.01796875 0.0109375
5 0.5265625 0.04375 0.02265625 0.01171875
5 0.58125 0.03828125 0.0140625 0.01640625
3 0.6639191328125 0.23499448125 0.67630185625 0.2375774671875 0.6836188812499999 0.2485551859375 0.6841816921875 0.2679276046875 0.6875587999999999 0.270510603125 0.690373015625 0.2766452109375 0.6982530109375 0.279551071875 0.714575653125 0.2750308375 0.7314611078125 0.2747079625 0.730335325 0.26502174218749996 0.71063565625 0.2659903671875 0.7050071453125 0.26502174218749996 0.7016300375 0.2375774671875 0.6723619390625 0.229505621875 0.6937502015625 0.226599759375 0.6937502015625 0.2120704359375 0.6656076453125 0.215622046875 0.6459079765625 0.2191736578125 0.6470336 0.227568384375 0.6639191328125 0.23499448125
3 0.7318013875 0.6841997078125 0.777885471875 0.68664746875 0.7795922953125001 0.6739191484375 0.7514297859375 0.6729400437499999 0.7488696125 0.48299437031250003 0.77361835625 0.48103616093749996 0.7693512390625 0.47173468906249993 0.7326547390625 0.47173468906249993 0.7258274499999999 0.4903376171875 0.7266809203125 0.6695131796875 0.7318013875 0.6841997078125
4 0.11640551406249999 0.1884062578125 0.131781578125 0.17517574687499998 0.1540652140625 0.160769178125 0.18789252343750001 0.15430092812500001 0.229920384375 0.14577459375 0.2716677328125 0.14138485781250001 0.3347096328125 0.14256090625 0.3577736734375 0.1428549140625 0.3628990390625 0.14638305625 0.3685369796875 0.15314531874999998 0.37827506718750004 0.16314171093750002 0.3818627859375 0.174020134375 0.37981264062500003 0.1848985578125 0.382375359375 0.1916608203125 0.4039019 0.19489495625 0.40902719374999996 0.1813704203125 0.4039019 0.1590255484375 0.4039019 0.14844113750000001 0.3828878609375 0.14020881406250002 0.35982382031250004 0.132270503125 0.3003697484375 0.1310944578125 0.23220255625 0.1396207890625 0.1650603984375 0.1475591 0.149684371875 0.15314531874999998 0.1157650625 0.1751961828125 0.09782631562500001 0.1851925703125 0.0645115046875 0.19489495625 0.0358095609375 0.1998931546875 0.024419278125 0.19924184218750002 0.028762 0.205611159375 0.062076809375 0.2047291328125 0.0933414375 0.1960505578125 0.11640551406249999 0.1884062578125
4 0.731058353125 0.1484065953125 0.7556600390625 0.1601670515625 0.76847341875 0.1778077375 0.776161434375 0.17633768593750002 0.791024959375 0.17633768593750002 0.7966629000000001 0.18545203593749998 0.8156267203124999 0.201916684375 0.8222896593750001 0.22455556875 0.8207520125000001 0.2557207890625 0.8179335359375 0.2833033796875 0.8230588296875 0.30182612343750004 0.8266465500000001 0.310352459375 0.8169084625 0.3203488359375 0.8174209640625 0.32711109843749997 0.8266465500000001 0.3200548453125 0.8348471359375 0.309764434375 0.8312594171875001 0.2950638609375 0.8312594171875001 0.27271896875 0.8327970625000001 0.25860642968750003 0.832284490625 0.2168567984375 0.8251089765625 0.20362628593749998 0.8030699359375 0.1865736140625 0.8066577296874999 0.17687123437500002 0.7943569234375001 0.1695209421875 0.77385545625 0.1680508859375 0.7533540624999999 0.14158985468750002 0.7220894359375001 0.1305263734375 0.7210643625000001 0.114649746875 0.713376275 0.113179690625 0.6985127484375 0.117001840625 0.6891823125000001 0.122154478125 0.6885179906250001 0.1707514734375 0.7100443859375 0.1636951890625 0.7254205218750001 0.15428682031250002 0.731058353125 0.1484065953125
4 0.8253867953125 0.5076093546875 0.8220934375000001 0.5246125859374999 0.8215444921874999 0.540041428125 0.8198978125 0.5573595234375001 0.8166042984375 0.5727883671875 0.8155064875000001 0.5850684796875 0.8308758546874999 0.567750384375 0.829229175 0.5327993203125 0.8352671031250001 0.5120176203125 0.8308758546874999 0.48493841406250004 0.8385605390625 0.4628972015625 0.8385605390625 0.44620886875 0.8275824187499999 0.4260569078125 0.8182510562499999 0.413461925 0.8242889828125 0.44368986718750003 0.8314247234375 0.4575443453125 0.8215444921874999 0.4792706703125 0.8253867953125 0.5076093546875
0 0.466418828125 0.46287875625 0.4633252875 0.507924253125 0.6999031078125 0.501941621875 0.6999031078125 0.45691459375 0.466418828125 0.46287875625
0 0.12794784374999998 0.46835823281250005 0.12738483125 0.5126473703125 0.33432180625 0.5057201140625 0.3376152421875 0.4632120765625 0.12794784374999998 0.46835823281250005
0 0.3019363921875 0.2752042984375 0.14934103125 0.2874844015625 0.147694315625 0.3328263046875 0.3337729390625 0.3183420859375 0.32279489687499996 0.2925223828125 0.3019363921875 0.2752042984375
0 0.49985166249999996 0.3142487203125 0.7150223046875 0.3000793671875 0.6787945875 0.2692216796875 0.673854471875 0.25095896875 0.497171540625 0.2619755578125 0.49985166249999996 0.3142487203125
0 0.4649722921875 0.6535235265625 0.4572876078125 0.698865453125 0.7064902281250001 0.7054778109375001 0.705392415625 0.6607656468750001 0.4649722921875 0.6535235265625
0 0.1244777359375 0.6488004203125 0.1239288296875 0.6484855453125 0.1244777359375 0.6891043421874999 0.334708109375 0.6944571984375 0.3358059203125 0.6525789125 0.1244777359375 0.6488004203125
1 0.111061009375 0.339332221875 0.1139027453125 0.4643303890625 0.3935687109375 0.46058497656249997 0.3924805140625 0.324814175 0.111061009375 0.339332221875
1 0.78181048125 0.3056839078125 0.4559809265625 0.3227134203125 0.45670494218749996 0.45978027499999996 0.7883270390625 0.452719265625 0.78181048125 0.3056839078125
1 0.40544562656250005 0.5098775859375 0.4074684984375 0.6488030296875 0.72822958125 0.6546179734375001 0.7246092953125001 0.5088287031250001 0.40544562656250005 0.5098775859375
1 0.340130415625 0.5107741453125 0.066388925 0.51421440625 0.06643360000000001 0.6432721156250001 0.33868227968750003 0.6495024140625001 0.340130415625 0.5107741453125
1 0.39081499375 0.701042965625 0.10667288906250001 0.69250591875 0.099016565625 0.8251391531250001 0.387918775 0.8425840140625 0.39081499375 0.701042965625
1 0.7709495203125 0.710501415625 0.45580058125 0.703107034375 0.45525685937500004 0.8467375671875 0.7745698062499999 0.863767071875 0.7709495203125 0.710501415625
0 0.47025534531249996 0.8516962796875 0.46992323281250004 0.866549703125 0.7166647125 0.88184334375 0.7182329515625 0.866549703125 0.47025534531249996 0.8516962796875