3 0.488797115625 0.84804673125 0.48142671875 0.8389911484375 0.48079446406250004 0.6525478578125 0.485147728125 0.6425406546875 0.44225547968749995 0.643492090625 0.4421058953125 0.6556639328125 0.4585236046875 0.6544663078124999 0.4637651171875 0.8382307296875 0.4444370421875 0.8402553015625 0.44480141875 0.8506896812500001 0.488797115625 0.84804673125
3 0.140632975 0.8433630531249999 0.1392125625 0.8363560906249999 0.12217290781250001 0.8365747046875001 0.12666956093749998 0.66233933125 0.14016515000000002 0.66163205625 0.136362453125 0.6537383328125 0.0985696484375 0.6548533421875 0.0973665765625 0.6648866578125 0.112047453125 0.6644544734375 0.110953796875 0.835139415625 0.0998288234375 0.8363968703125 0.0995476609375 0.845179009375 0.140632975 0.8433630531249999
3 0.41011397968749996 0.6485433765625 0.3824537125 0.6476325453125 0.37791382812499996 0.4671265671875 0.40021087343749995 0.46595802812500003 0.39639646562499997 0.45772771562500003 0.36832574375 0.4618965109375 0.36675350624999997 0.4673742515625 0.359125584375 0.46777401406249997 0.36305519531249997 0.64763755 0.36976821718749997 0.654704325 0.40799019999999997 0.6550616625 0.41011397968749996 0.6485433765625
3 0.4339184609375 0.454873634375 0.4354798796875 0.4659196984375 0.4770226421875 0.46037043750000006 0.47210526249999996 0.45422118749999996 0.462695871875 0.285772734375 0.49785468593750004 0.28258130000000004 0.5007758265625 0.26523056562499997 0.50514084375 0.25555995625 0.462162525 0.2574987578125 0.4631759140625 0.265852259375 0.48196411718750004 0.265204815625 0.4817534375 0.27600654375 0.44596080000000005 0.27788235625 0.45210818281250004 0.4539203515625 0.4339184609375 0.454873634375
3 0.09501514375 0.47971618281249995 0.0965060171875 0.48874271093750005 0.13398846874999998 0.48475505625000004 0.133131359375 0.4770441765625 0.124306353125 0.47683228125 0.12184510625 0.3221824453125 0.1540819234375 0.31948136250000003 0.15810603125 0.300049565625 0.1613327390625 0.2914502421875 0.120709634375 0.2937803875 0.1240971609375 0.3025063140625 0.137005984375 0.301829790625 0.1372880828125 0.3099080140625 0.1027395015625 0.31374188125 0.11023579218749999 0.47790687500000006 0.09501514375 0.47971618281249995
3 0.3112708125 0.24979498125 0.31995418125 0.2558205046875 0.3244376125 0.2730021640625 0.3312390640625 0.27568349062499997 0.341113184375 0.275368515625 0.39493094218749997 0.269712803125 0.3990402359375 0.2761805703125 0.42613230937499996 0.2735456046875 0.436993053125 0.2711537578125 0.43205900937499997 0.2612863984375 0.407786009375 0.2637735921875 0.34369940468750004 0.2685498796875 0.33093439375 0.2467392640625 0.3156683578125 0.24429902656250002 0.140443521875 0.2611778796875 0.1096721265625 0.25955024375 0.1062676265625 0.253045540625 0.060950890625 0.2559851703125 0.0618239609375 0.264285559375 0.0991567453125 0.26172148125 0.1127101375 0.265669115625 0.129385684375 0.2680354828125 0.1392033546875 0.2661033328125 0.3112708125 0.24979498125
3 0.31522523750000003 0.23160972656249998 0.31330797499999996 0.22725478593749998 0.30089648750000003 0.22567753906250002 0.2913958921875 0.22658048281249998 0.28549696406249997 0.2295223765625 0.27995690781250004 0.2225220421875 0.2840091640625 0.217246703125 0.301804846875 0.2112511 0.30516650312500004 0.20641698437499997 0.26197299531249996 0.212087115625 0.2619564578125 0.22265532812500002 0.2611110671875 0.22877520156250003 0.2726418484375 0.23546157499999998 0.2756304421875 0.24016540156250002 0.30836795 0.237437103125 0.31522523750000003 0.23160972656249998
3 0.342035634375 0.2310147234375 0.36809171875 0.22904162343749998 0.378649503125 0.22808328125 0.3845837015625 0.226152128125 0.3836388953125 0.21931600625 0.3771687375 0.21600975 0.37433485625 0.2056272953125 0.36909780625 0.1971934453125 0.354973746875 0.1971235796875 0.324505896875 0.20418833281249998 0.337988696875 0.20611448124999998 0.354706621875 0.2096937515625 0.357420446875 0.21663968281249998 0.360359628125 0.2199284703125 0.3416826734375 0.2209072875 0.342035634375 0.2310147234375
2 0.36695192014041833 0.24296659147528682 0.019104664065150524 0.011138895861557075
2 0.33022573565684776 0.28950407677596574 0.01673363221398514 0.010234815128862351
2 0.6694420030800429 0.25372487053524473 0.02063988221398514 0.010439533016686741
2 0.5992113486335392 0.2597535425160835 0.021421132213985138 0.010480476594251619
2 0.6168874658713999 0.4521490824301752 0.019050100362819754 0.009576395861557074
2 0.2702307206807233 0.4765780308689802 0.017487600362819756 0.009494508706427318
2 0.34205115697839245 0.4712487217330116 0.015171132213985139 0.010152927973732595
2 0.2764782645976063 0.6554842808689803 0.015225695916315906 0.011715427973732595
2 0.34762657829993715 0.6533209153105765 0.018268850362819757 0.009535452283992107
2 0.6251885831092606 0.6450359452750456 0.018350695916316086 0.011879202283992108
2 0.7057391786627568 0.6431625067858633 0.02454613221398514 0.010644250904511132
2 0.8020089664195542 0.23973321234921582 0.021421132213985228 0.010480476594251619
2 0.7591642127913569 0.1558838348050245 0.014471727767481467 0.012455734396167761
5 0.11713296941477894 0.23884009271848222 0.022393355172143137 0.015990170171816587
5 0.1623090601589518 0.23255911521971945 0.023819445916315997 0.012165807326946342
5 0.2067311827542901 0.2271003312985215 0.021557541469812237 0.014386726594251619
5 0.48573663647515436 0.19291128053029594 0.0214484140651507 0.01126172659425162
5 0.5418502272193273 0.18605709294562486 0.019050100362819754 0.00957639586155703
5 0.5956200679635002 0.1793257360936484 0.0175421640651507 0.011057008706427274
5 0.663172155712448 0.20865803200063393 0.015979664065150702 0.010975121551297562
5 0.5891443786706061 0.21801642186929718 0.024600695916316084 0.012206750904511132
5 0.5189955697775985 0.22638884385013602 0.020694445916316084 0.012002033016686831
5 0.14203622177703162 0.07786829319345209 0.02312004146981228 0.014468613749381399
5 0.19106399881887365 0.0698200978068649 0.030905259618646853 0.014096799525030157
5 0.23704862141421193 0.06427942673053721 0.02549107332097771 0.01537269448207601
5 0.2970411803072194 0.05643927125804178 0.02080357332097771 0.01512703301668678
5 0.32508433475372306 0.05262155246570623 0.020076887023308565 0.016648589439121904
5 0.4775272884745874 0.02506536126299056 0.018350695916316086 0.01187920228399215
5 0.528090283665264 0.016154028721273618 0.023065477767481468 0.012906113749381404
5 0.5825868107071059 0.008195422744908093 0.014635418874474126 0.016390845489816185
3 0.6922986203125 0.2127282390625 0.6935379296875 0.2320711609375 0.6970052390625 0.23447717343750002 0.7000336796875 0.24046429374999997 0.70801515 0.24295718281249998 0.7241799421875 0.2375815140625 0.741054121875 0.2363737109375 0.7395900875 0.2267464890625 0.7199242453125 0.22874753124999997 0.7142619078125 0.22807388281250002 0.709926425 0.2008065953125 0.6803764515624999 0.194268625 0.7016632390625 0.1902418515625 0.7011558640625 0.175712528125 0.6731373328125 0.180739028125 0.6535616890625 0.18532305468750002 0.6549804625 0.193658790625 0.6721253203125 0.200199953125 0.68459824375 0.20213398906250002 0.6922986203125 0.2127282390625
3 0.8031260703124999 0.633062446875 0.7749293703125 0.633559278125 0.7657361468749999 0.44374777656250003 0.790416509375 0.44049254062500004 0.785824578125 0.4314146984375 0.749128078125 0.43333788125000006 0.7429504171875 0.45229861250000003 0.7500608359375 0.631429446875 0.7556941671875 0.645847621875 0.8018637296875 0.64588021875 0.8031260703124999 0.633062446875
4 0.159679396875 0.1526949625 0.19328083125 0.1444538984375 0.2350109453125 0.1337249765625 0.2766050015625 0.1271473546875 0.33968796874999996 0.12501951718749998 0.3627622765625 0.12410479062499999 0.3680108484375 0.12736432343749998 0.3738849328125 0.13383111406249998 0.3839721015625 0.1433171546875 0.387939703125 0.154007553125 0.386269440625 0.1649934203125 0.389068303125 0.1716213765625 0.41070778125 0.1737273546875 0.41536078906249996 0.1599342140625 0.40945519375000006 0.137857946875 0.409085578125 0.1272735359375 0.3877840609375 0.12014251093749999 0.3644428078125 0.11341293593749999 0.3049476671875 0.115352746875 0.237078221875 0.12745156875000002 0.170213275 0.1389086515625 0.155032325 0.14530069375000002 0.1218830484375 0.1691291921875 0.1042933828125 0.18006571093749998 0.0713173859375 0.1915140515625 0.042789984375 0.1980164546875 0.03137695625 0.1979620828125 0.0359421 0.20410380625000002 0.0692261078125 0.201475825 0.10018767343749999 0.191158740625 0.12298480625 0.182305703125 0.13789885 0.16826936718750002 0.159679396875 0.1526949625
4 0.7746826015625 0.1375337515625 0.7823192828125001 0.1356607890625 0.7971828078125001 0.134881825 0.8031390281249999 0.143700703125 0.82267780625 0.1591715 0.8301313125 0.18146119375 0.8296819796875001 0.2127069984375 0.8278267078124999 0.24043730000000002 0.8335988296875 0.2586914375 0.837484296875 0.26702975 0.8280952906250001 0.277536478125 0.8288439359374999 0.28427188124999997 0.8378231109375 0.2767321359375 0.8456643484375 0.26601195 0.841563275 0.2514994015625 0.8407829734375 0.22915450937499998 0.8418277984375001 0.214961384375 0.8398572968750001 0.1732386171875 0.8322197625 0.16038415625 0.8095852296875 0.1444865015625 0.812834209375 0.13459609374999998 0.800276725 0.12789045937500002 0.779723921875 0.127494840625 0.7582984890625 0.10210824062499999 0.7266475171875 0.0926832703125 0.7250680203125001 0.07686036562500001 0.7173285968750001 0.07579322499999999 0.7025985421875001 0.0803943390625 0.693448040625 0.0860359640625 0.6944807640625 0.134667775 0.7157607484375 0.1264833390625 0.7308083359374999 0.1162691421875 0.736240825 0.11009345 0.7612531953125 0.12056458750000001 0.7746826015625 0.1375337515625
4 0.8404031546875 0.49698610624999995 0.8393612359375 0.5143905 0.836606509375 0.52999195 0.8359375296874999 0.5423295953125 0.8507021343750001 0.5242060265624999 0.8478349375 0.48934126093749997 0.853147153125 0.46824312656249995 0.8478102765625 0.44139405624999994 0.8547252656250001 0.41895010624999995 0.854142496875 0.4022617734375 0.842460653125 0.3826851515625 0.8326894640625 0.3705792046875 0.839782975 0.4004907125 0.8474025234375 0.41397122187499996 0.8382809921875 0.4362153484375 0.8431129046875 0.464352665625 0.8404133125 0.48152849375000006 0.8404031546875 0.49698610624999995
0 0.7174312953124999 0.4652612546875 0.7158589171874999 0.4202342265625 0.48258291093750005 0.43843478124999996 0.48106239375 0.483642403125 0.7174312953124999 0.4652612546875
0 0.3519819421875 0.48819904999999997 0.3537909640625 0.4455184109375 0.1443032734375 0.46165277031249996 0.145286871875 0.5059714140625 0.3519819421875 0.48819904999999997
0 0.159316865625 0.3250859734375 0.3448896890625 0.3008497875 0.333010003125 0.27560541875 0.3115467375 0.25938048281250004 0.1593802078125 0.2796577703125 0.159316865625 0.3250859734375
0 0.688196015625 0.2336475625 0.6826181515624999 0.21564375156249999 0.506319928125 0.23591990156249998 0.5108254703124999 0.2880526046875 0.7255013078125 0.2626066359375 0.688196015625 0.2336475625
0 0.73112605625 0.6684522265624999 0.7284668609375 0.623797596875 0.48779383593750003 0.6291553609375 0.48169252656249995 0.674900025 0.73112605625 0.6684522265624999
0 0.14854178906249998 0.682580740625 0.35895908906249996 0.6769158890625 0.358594478125 0.6349800703125 0.1471343453125 0.64227681875 0.14657444375 0.6419907109375 0.14854178906249998 0.682580740625
1 0.4096526921875 0.43995891406250004 0.403823275 0.3042451421875 0.1229107515625 0.3335117609375 0.13011752031249998 0.4583609984375 0.4096526921875 0.43995891406250004
1 0.47276082343750003 0.43584538281249996 0.80413634375 0.411404796875 0.7924851984375 0.26471095624999996 0.467250328125 0.298816471875 0.47276082343750003 0.43584538281249996
1 0.7510893453125 0.6164530781249999 0.7423779859375 0.47085353906250005 0.42325094375 0.48862908125000004 0.4301252 0.6274485109375 0.7510893453125 0.6164530781249999
1 0.0888971578125 0.639790478125 0.36136340312500004 0.631752828125 0.3579670421875 0.492948665625 0.0843456875 0.510735109375 0.0888971578125 0.639790478125
1 0.127831059375 0.8199499140625001 0.4173424578125 0.8222540531250001 0.41529595312499995 0.6805612203125 0.130855728125 0.6869154296875 0.127831059375 0.8199499140625001
1 0.48482558750000004 0.8228785656250001 0.8047332171875 0.8231735890625 0.7957607765625 0.6700976640625 0.48035362031249995 0.6792195375000001 0.48482558750000004 0.8228785656250001
0 0.7474593609375 0.8442845374999999 0.748493534375 0.828908709375 0.499997234375 0.8270512406250001 0.500183815625 0.8419220703124999 0.7474593609375 0.8442845374999999