2 0.41846286228667146 0.8077840370805116 0.022330918320799496 0.027176265439406055
2 0.5426559952469983 0.6439836130239013 0.01642552067816432 0.017642141066226812
2 0.5874269937992562 0.5897423939027137 0.02024187944567011 0.032576819279472244
2 0.6675576036002191 0.4817684210206024 0.0168621683207995 0.027017141066226814
2 0.6986984416895604 0.485021453153056 0.01753425641014079 0.02469612311953817
2 0.7507746720448532 0.4083058404583591 0.02634633023145838 0.029633675705962936
2 0.7715794776692058 0.3815303917911426 0.018424668320799496 0.02706260517284953
2 0.8101368635250166 0.3263260662434643 0.019987168320799498 0.02710806927947216
2 0.657506323202145 0.26086488763450755 0.02556508023145838 0.02961094365265158
2 0.5980371238640988 0.31154919774277967 0.019732457195929066 0.021639319279472158
2 0.583356039703699 0.3244212707831755 0.01611730562435252 0.027775659012915455
2 0.4767036253118409 0.3635626756394559 0.022476467535011223 0.030301265439406144
2 0.3644518742783836 0.4557381522824909 0.026200781017246655 0.026508675705962936
2 0.3421937305646899 0.48012438684308467 0.024274407981717337 0.01865071159934022
2 0.17801345244292732 0.6122512620741939 0.021804379445670107 0.03262228338609478
5 0.8494434201828263 0.2046472945358519 0.023330492142117264 0.031886497492717526
5 0.7857640638965201 0.17776053411101067 0.028835629445670106 0.032826871865896924
5 0.7252268242356024 0.16739368395272608 0.017607031017246654 0.026258623119538173
5 0.6673244330031081 0.15084502995437557 0.02002355562435234 0.027889319279472156
5 0.6211407917706137 0.13463735675569513 0.03252355562435252 0.028253032132453625
5 0.5746660521096958 0.12467968355701471 0.024111742142117264 0.03190922954602886
5 0.525612122002072 0.10291233214508891 0.022003432588823202 0.020145015439406187
5 0.48716820616247175 0.08849447947952187 0.024892992142117088 0.03193196159934022
1 0.391154003125 0.7946143140624999 0.792364865625 0.30796443125 0.6737667640625 0.2596964390625 0.520153140625 0.3790074125 0.49842011875000003 0.364503075 0.2024914609375 0.6354660234375 0.391154003125 0.7946143140624999
1 0 0.372078259375 0.0352043078125 0.4641347984375 0.317273890625 0.28453702187499996 0.2970845828125 0.2540714796875 0.42963081875000003 0.17469634843749998 0.29798307031250004 0.251963475 0.21870599687499997 0.23578477343749998 0 0.35045724843750004 0 0.372078259375
1 0.37758008125 0.30516303906250003 0.522747946875 0.203015575 0.43212775312499996 0.1726348515625 0.301328859375 0.24885960312500002 0.37758008125 0.30516303906250003
2 0.34244209532805153 0.29003058425665995 0.023112168320799497 0.0271989974927175
2 0.22574043879407624 0.3601719365265156 0.026909256410140792 0.024968907759274295
2 0.200612006205253 0.378998492873864 0.02999786910658786 0.02427858597251955
2 0.04361068135047814 0.4745657424781527 0.028289819892376146 0.021108121865896834
2 0.21284879466609774 0.2338451172470434 0.029888707195929065 0.02193483597251964
2 0.12163944375647495 0.2773474131695505 0.02193065798171734 0.018582515439406144
2 0.07278241273922831 0.30174200791755884 0.017388707195929064 0.021571123119538172
4 0.451447796875 0.1358493890625 0.54582615 0.20582123125 0.5604157953125 0.21905064375 0.5931890375 0.23707744375 0.610374884375 0.2461141 0.635498225 0.23937559218749999 0.6897461203125 0.24308819375000001 0.7170788046875 0.2748286609375 0.762838146875 0.2889650203125 0.7801728890625 0.2948047828125 0.808195325 0.294553078125 0.8281707968750001 0.27806110781250004 0.8422984437500001 0.24966116249999998 0.74888351875 0.22773571874999998 0.67684398125 0.19362733906250001 0.615298709375 0.17476335625 0.525731003125 0.1561510828125 0.48981050000000004 0.13696562968749998 0.451447796875 0.1358493890625
3 0.1878902203125 0.416290840625 0.13295257031250002 0.44457041249999996 0.1006909578125 0.467107340625 0.11728121093749999 0.4889315625 0.1429008765625 0.47153674843750004 0.200082196875 0.42945048750000003 0.26256028124999997 0.393920796875 0.358148834375 0.3348118015625 0.3880777171875 0.3623595140625 0.4234471609375 0.37619355625 0.399227409375 0.3978974046875 0.3985414203125 0.3988166828125 0.45551534374999997 0.3749924953125 0.43448228125000005 0.36264267499999997 0.4111011828125 0.3491574546875 0.3767294921875 0.3310841453125 0.3593451171875 0.32631001249999997 0.3310197828125 0.31588215625 0.2902696171875 0.34884284062500004 0.23912955 0.381501209375 0.1878902203125 0.416290840625
3 0.41136975312499996 0.4121226828125 0.3958558171875 0.402415590625 0.3813021796875 0.421918553125 0.3085385640625 0.4720880125 0.2536556484375 0.5163752984375 0.2031162734375 0.5533194453125 0.2150600890625 0.571807246875 0.24711806875 0.5364594968749999 0.3200802140625 0.4820275140625 0.35993189375 0.45117483593749996 0.41136975312499996 0.4121226828125
3 0.6279628921875 0.2636990546875 0.6177715234375001 0.2591342171875 0.55929465625 0.311853528125 0.50101631875 0.3603103171875 0.510860259375 0.3723345703125 0.6279628921875 0.2636990546875
1 0.913587 0.1108815734375 0.534382371875 0.0219513890625 0.4514222859375 0.0504826640625 0.8643037484375 0.1724049921875 0.913587 0.1108815734375
5 0.7071081011190199 0.5228169698461034 0.030143418320799496 0.027403585972519552