5 0.7265625 0.6859375 0.02734375 0.02734375
5 0.7046875 0.58984375 0.04140625 0.0203125
5 0.61796875 0.2328125 0.0328125 0.02265625
5 0.6015625 0.15234375 0.02734375 0.03515625
5 0.58203125 0.06640625 0.03671875 0.02890625
5 0.6265625 0.075 0.021875 0.0296875
5 0.65703125 0.184375 0.0296875 0.02421875
5 0.75390625 0.81171875 0.02734375 0.02421875
2 0.6375 0.1265625 0.0296875 0.01953125
2 0.66484375 0.2390625 0.025 0.02734375
2 0.7625 0.6515625 0.03359375 0.03828125
2 0.77109375 0.7125 0.01875 0.02421875
2 0.79453125 0.778125 0.0296875 0.028125
2 0.3421875 0.28203125 0.028125 0.01796875
2 0.31640625 0.303125 0.02578125 0.0109375
2 0.2578125 0.3421875 0.02265625 0.01484375
2 0.171875 0.36328125 0.0296875 0.01484375
2 0.12578125 0.39375 0.02265625 0.01796875
2 0.1 0.40390625 0.02578125 0.0140625
2 0.0546875 0.43125 0.02109375 0.015625
2 0.2296875 0.6859375 0.01875 0.02109375
2 0.1640625 0.70859375 0.01640625 0.01640625
2 0.146875 0.7125 0.015625 0.01640625
2 0.09140625 0.7328125 0.01328125 0.01640625
2 0.25546875 0.8796875 0.0171875 0.0203125
2 0.1921875 0.88671875 0.02109375 0.01796875
2 0.1640625 0.890625 0.02109375 0.0140625
2 0.1171875 0.8984375 0.02734375 0.01640625
2 0.41015625 0.6453125 0.021875 0.01640625
2 0.39140625 0.65 0.0171875 0.01875
2 0.3078125 0.6734375 0.0296875 0.01875
2 0.340625 0.8640625 0.02265625 0.0234375
2 0.415625 0.8515625 0.02265625 0.01875
2 0.45 0.8453125 0.02265625 0.01953125
2 0.44156987656249996 0.6508876578125 0.311824653125 0.6862215593750001 0.33254027656249996 0.8452241171875 0.46991757187500005 0.8182587703124999 0.44156987656249996 0.6508876578125
2 0.2355039328125 0.7038885109375 0.1090295984375 0.7401522515625001 0.111210190625 0.8842773765624999 0.2485874859375 0.8545225125 0.2355039328125 0.7038885109375
1 0.41213188437500003 0.43888425 0.37179093281250003 0.3003381625 0.254038965625 0.3579882125 0.2758448859375 0.49932381875000004 0.354346196875 0.457481040625 0.41213188437500003 0.43888425
2 0.36796875 0.47578125 0.04453125 0.01328125
2 0.20859375 0.5296875 0.0296875 0.01640625
2 0.134375 0.55859375 0.04375 0.02109375
2 0.06953125 0.5859375 0.025 0.0203125
1 0.18862120625 0.37844468125 0.058875982812500005 0.44725280625 0.06977894375 0.561623065625 0.211517421875 0.509552053125 0.18862120625 0.37844468125
1 0.5287935546875 0.114370259375 0.3630685640625 0.20642437187499998 0.418673659375 0.40076082968750004 0.5778568749999999 0.316145434375 0.5287935546875 0.114370259375
1 0.5963919062499999 0.5486053125 0.4524728359375 0.5988166453125 0.4928137875 0.8266273265624999 0.6672611453124999 0.7968724625 0.5963919062499999 0.5486053125