5 0.8816863290866539 0.3497901528777233 0.022543503460041237 0.017042747492717503
5 0.8500079061589606 0.3209892029568656 0.022320668973360824 0.011573997492717503
5 0.7762719758168932 0.2582140698081976 0.021140170950527094 0.020903533386094787
5 0.8166714827369755 0.2898899671426306 0.014985671444818393 0.023065426959604098
5 0.7315523834215475 0.21649558274032135 0.030515170950527092 0.02117631802583091
5 0.6828947075281045 0.17410950593900174 0.025046420950527094 0.02101719365265158
5 0.6285454471479812 0.12641380351086157 0.034134919467652305 0.014258728292387658
2 0.7600579516709676 0.9352683147936327 0.03026050296574958 0.01492631802583091
2 0.6219358691614536 0.94319813822974 0.028139587452429993 0.020326871865896833
2 0.19261844227942743 0.9071950713910433 0.028952670950527094 0.021130853919208194
2 0.44961520018809276 0.9372616899582349 0.0353936719391104 0.02600021034569906
2 0.26448948919994714 0.7322428840065978 0.03533000494291585 0.02443771034569906
2 0.2953137248654912 0.6632966557142101 0.03939542243340188 0.028457620612255673
2 0.5042350801124181 0.761247107746639 0.04395558844101295 0.02546901293212365
2 0.5101521576790163 0.733698769266837 0.031105419961943957 0.01651155007914227
2 0.3567075282118015 0.5191541991294348 0.03292258794672147 0.022807014185764984
2 0.5655997085538689 0.577996687055241 0.033081755437207504 0.026713264185764984
2 0.33726250844013805 0.42585884019566167 0.026146005931499072 0.028852425705962935
2 0.388179068212239 0.31252611441055655 0.0393317554372075 0.026895120612255675
2 0.5290918641813567 0.5266531474009399 0.03301808844101295 0.025150764185764986
2 0.5678758384781941 0.40350515241550494 0.034979836463846684 0.015843960345699015
2 0.5738565830409866 0.3775193139357028 0.03507533695813834 0.018187710345698972
2 0.4056729743340185 0.261957813077773 0.035234504448624235 0.022093960345698972
2 0.45450045209089707 0.15494328345260183 0.03513900395433271 0.01975021034569897
2 0.6186504768054764 0.26749344457708835 0.03332183596955503 0.013454746239076342
2 0.6595101705305976 0.7903626432443048 0.03520267095052709 0.02131271034569888
2 0.6624932490857789 0.7675927329777481 0.028984504448624195 0.02191210391920819
2 0.7797563449411659 0.8236261211409811 0.024233337452429993 0.02021321159934004
2 0.7897560860439172 0.781097640341311 0.023946835969555026 0.013181961599340219
2 0.8068388152836705 0.6820463749019048 0.02342025395433254 0.01940922954602886
2 0.7030161369187697 0.6295327918323791 0.046649506920082115 0.034130959092057725
2 0.6618207925462576 0.5783256444979461 0.024233337452429993 0.020213211599340218
2 0.7784153849416033 0.617952782661179 0.03351283695813834 0.018142246239076343
2 0.7959119496566203 0.5290577672217729 0.016915585969555023 0.012977373119538171
2 0.7962647767289267 0.4993248031151502 0.02185775395433289 0.019363765439406322
2 0.8245224279077904 0.4249780209826966 0.02091733646384668 0.015434783386094964
2 0.72479965912471 0.33871156353999143 0.0354573389353046 0.02756271034569906
1 0.41843814375 0.9472119187500001 0.542919253125 0.568293734375 0.38652669375 0.5132593578125 0.2204942546875 0.9200663859375 0.41843814375 0.9472119187500001
1 0.505035646875 0.51158975625 0.6069816171875 0.248939834375 0.471825203125 0.16216109218750002 0.3515084921875 0.43957478437499997 0.505035646875 0.51158975625
1 0.7583853140625 0.6180519375 0.8174608609374999 0.40911973437500004 0.7501490875 0.3577186625 0.67902276875 0.5910133484375 0.7583853140625 0.6180519375
1 0.7334432109375 0.93715688125 0.79852906875 0.6720221703125 0.72239386875 0.6368857296875 0.6424642234375 0.9451400640625 0.7334432109375 0.93715688125
4 0.6654699671875 0.316605534375 0.663111284375 0.3460219671875 0.672234315625 0.36621104375 0.700659090625 0.3653839671875 0.7031364046874999 0.3679798671875 0.719598890625 0.335485071875 0.7153581 0.318711246875 0.7374005718750001 0.3358564234375 0.7533764328125 0.34962081093749997 0.77419834375 0.3659121765625 0.8057519328125 0.3836699359375 0.84286540625 0.3923726453125 0.8373316671875 0.3729684578125 0.8307221453125001 0.35626355468750004 0.81844415625 0.3459488796875 0.7972241078125 0.3198864984375 0.7730300734375 0.308139890625 0.7545768953125 0.2917796015625 0.7300571109375 0.2720385265625 0.704280571875 0.2505553609375 0.690673440625 0.23672205000000002 0.6566425375 0.2163683921875 0.639627084375 0.20619156093750002 0.6235426390625001 0.18976235156250001 0.587856840625 0.1578955890625 0.5707690015625 0.14594221093749998 0.55963918125 0.1347048 0.5374157421875 0.11311825 0.520146928125 0.096723503125 0.46588327500000004 0.10363837812500001 0.46101108437500005 0.1295706375 0.509580125 0.1575052265625 0.5377615890625 0.179807740625 0.592940153125 0.2244472328125 0.635659753125 0.254330678125 0.65443868125 0.278685434375 0.6654699671875 0.316605534375
3 0.5769863515625 0.5895356671875 0.5704230734375 0.60306655 0.4733331984375 0.897590959375 0.49691192656250005 0.8942369046875 0.5666266640625001 0.6262995265625 0.59526860625 0.6308020953125 0.58611943125 0.63907225625 0.58048715625 0.6463507578125001 0.57263093125 0.6572512781250001 0.5743944062499999 0.6714292046875 0.5943838453125 0.6672902609375 0.59768358125 0.6609689578125 0.6091291 0.6508533265625001 0.6142908453125 0.632027259375 0.6312339078125 0.640427540625 0.640103578125 0.654398696875 0.6387482906249999 0.6793393 0.6228749640625 0.75539399375 0.583262034375 0.8890563921875 0.6100781625 0.906951996875 0.6365383921875 0.8288106000000001 0.6661334765625 0.68209978125 0.6830926359375 0.6326933140625 0.65549028125 0.6246031875 0.6169390828125 0.60971701875 0.5769863515625 0.5895356671875
3 0.5537655609375001 0.48527069218749996 0.542547259375 0.53006348125 0.566596515625 0.5382569937499999 0.5747945875 0.47754419062500003 0.5979550796875001 0.4057240984375 0.6274978765625 0.3159317546875 0.6269187656249999 0.3017193671875 0.61051861875 0.3066431984375 0.5980797578125 0.3505821734375 0.5537655609375001 0.48527069218749996
1 0.627455603125 0 0.6031048125 0.037392721875 0.932649978125 0.3550764125 0.9599211328124999 0.23863477031250002 0.7492802921874999 0 0.627455603125 0
5 0.2852516808735399 0.45474836982083283 0.03539367193911023 0.02600021034569906