2 0.6802220153863198 0.3765676195879508 0.09349608007211803 0.0248201216752431
2 0.658341789703264 0.10818129549975639 0.07808928561920148 0.03383144576343757
2 0.530417464665139 0.1533691217721523 0.07570916802802082 0.03221439437666671
2 0.4875078385245836 0.3919965170987496 0.07013131525447917 0.02739960780753483
2 0.37767497758291685 0.20695132950343717 0.034121080072118025 0.02343815321038196
2 0.38085844823197956 0.41089394709461774 0.02612674211621524 0.015443815254479177
2 0.3225192713702434 0.4231952317638886 0.03866310970739591 0.0172972559839236
2 0.2640346241437851 0.42924651643315953 0.03317617591180557 0.016388719414791808
2 0.33176371874920163 0.2494486072388539 0.04333242591180557 0.016625108757465323
2 0.26286890159486137 0.2784107150463887 0.02932447729857639 0.018641550436840328
2 0.6475108857303827 0.9190285297321872 0.044422800436840326 0.029924542553055745
2 0.5235272186522925 0.8648521356398607 0.03864492591180557 0.016516005983923776
2 0.47072887376253547 0.8465391999444094 0.03715516109416654 0.019604638392743113
2 0.6562448804120492 0.6561830376159717 0.03088697729857639 0.018677918028020813
2 0.5039186609972575 0.6268981939604857 0.028434124525034753 0.013935866641249994
2 0.4773016096104866 0.6251726930105551 0.021530161094166722 0.01924096248093754
2 0.37828222815159773 0.6024638512549302 0.030777874525034755 0.013990418028020812
2 0.3332600156706602 0.5824065776035761 0.04416822729857639 0.018987042553055566
2 0.267362258736806 0.5722152664331596 0.023801175911805573 0.016170513867708357
2 0.27083536369454925 0.7214340164331595 0.021475609707395905 0.01689721248093754
2 0.3876611474138896 0.8039172484813886 0.03473867591180557 0.016425087005972117
4 0.1791768828125 0.6756910984375 0.257024940625 0.6834387375000001 0.25916017812500003 0.6755675703125 0.2585132515625 0.6477729578125 0.26465614375 0.6128678937500001 0.26929676874999997 0.563223909375 0.2721054015625 0.5344798140625 0.24856965937500003 0.5193846765625 0.2489739890625 0.5367563093750001 0.2354145640625 0.55184579375 0.2396850359375 0.536103459375 0.2411935609375 0.5013062609375 0.24737688906250002 0.46813836093749994 0.25969685781249996 0.44960151249999997 0.254739025 0.43581207343750006 0.2530952390625 0.41499308125 0.2536473359375 0.388908665625 0.2575943453125 0.3592690234375 0.252232184375 0.3281079515625 0.246930671875 0.299552625 0.2259547140625 0.29482653124999997 0.22132034687500002 0.2949343984375 0.198411315625 0.306765290625 0.188287234375 0.3200367125 0.1782237984375 0.33591388125 0.1821443375 0.354941778125 0.19073967812499998 0.375598971875 0.20159155312500002 0.3935964875 0.20425241718749998 0.40830844062500005 0.21392548437499997 0.42546434218750007 0.21567035625000003 0.450626240625 0.2094870265625 0.48379414374999996 0.202670734375 0.539572134375 0.1421890515625 0.6304922328125 0.1791768828125 0.6756910984375
3 0.5463962109375 0.6150008421875001 0.6266018875 0.6244317125000001 0.6192662203125 0.6080904609375 0.5611546640625 0.6016215546875 0.41322501406249995 0.57117161875 0.40367324375 0.5592272078125 0.36659829374999997 0.5600901375 0.27954214843749997 0.5551639749999999 0.28096355625 0.5664285703124999 0.37031666875 0.5704322171875 0.37533515 0.586827403125 0.45324385781250004 0.5971807874999999 0.5463962109375 0.6150008421875001
3 0.647865675 0.4423048890625 0.64697615 0.4040872984375 0.4410499859375 0.4219160640625 0.2721987734375 0.438881903125 0.28522631875000004 0.4507454125 0.366671453125 0.46362364375 0.40604336874999997 0.46183820000000003 0.50338533125 0.46044159218749997 0.5891009359375 0.45757748749999994 0.647865675 0.4423048890625
5 0.5585126291777782 0.48727134308680514 0.034975065254479173 0.026581337005972115
5 0.551863892095556 0.5374531810427079 0.044277330072118024 0.023674542553055566
1 0.37315468281249997 0.791974465625 0.6606347687499999 0.8913076578125001 0.6776343390624999 0.67538705 0.3782992625 0.6145680828125 0.37315468281249997 0.791974465625
2 0.3449456641313895 0.7486309896476733 0.01993129350298606 0.017642094889756876
2 0.32356097340194506 0.7366219521286108 0.030832425911805572 0.01633416802802081
1 0.25864851093749996 0.70338915 0.3404373234375 0.7310332671875 0.3383814984375 0.5929018203124999 0.2721193625 0.584884515625 0.25864851093749996 0.70338915
1 0.2635225671875 0.4147503828125 0.47229779687500006 0.3699146859375 0.45990176250000003 0.1859641453125 0.362331165625 0.22734247500000002 0.372267046875 0.2557899359375 0.260672046875 0.2922803734375 0.2635225671875 0.4147503828125
1 0.5485425 0.35858049531249997 0.711904 0.3547782140625 0.71636121875 0.14784005625000002 0.54228310625 0.1892610109375 0.5485425 0.35858049531249997
1 0.0840341515625 0.3233322828125 0.1015107734375 0.6757606921875 0.1381751390625 0.70706225 0.137982575 0.3003503140625 0.0840341515625 0.3233322828125