5 0.15177939264907242 0.6179986482364063 0.022352373119538173 0.017552670171816588
5 0.18311196067490337 0.646089348711376 0.02219324874635875 0.012083920171816587
5 0.25609247109974465 0.7072072331529723 0.020903533386094873 0.021377033016686652
5 0.21607522486066832 0.6764419120312162 0.01472172954602886 0.023393234396167806
5 0.3003114840318684 0.7479240863869041 0.030278533386094784 0.02186835594746519
5 0.34845947901730345 0.7892174717330116 0.024809783386094873 0.02158175090451131
5 0.4022353483759179 0.8356930020361648 0.03398019490629274 0.015041823835289847
2 0.2801792449854351 0.02913314280933929 0.030096676959604097 0.01561835594746529
2 0.4183468347188784 0.017979879580356253 0.027912051332783606 0.02096427521477066
2 0.8470999720241814 0.04402124265236911 0.02871603338609461 0.021786468792335534
2 0.5905400834652371 0.019909792516083543 0.035102425705962934 0.026801517412854543
2 0.7732175058059878 0.2208127939864216 0.03505696159934022 0.025239017412854548
2 0.7416014444440744 0.29054211782171124 0.03907687186589683 0.02934998530067894
2 0.5338905813536661 0.19736308514370873 0.04367344365265158 0.02647064676606816
2 0.527654953219563 0.2250753273417926 0.030923391066226814 0.017221799525030158
2 0.6785511781467384 0.4362507654922906 0.0326677474927175 0.023553686680159912
2 0.4704144177218971 0.38221611996941784 0.032781407759274114 0.027459936680159912
2 0.6969040245440992 0.529181893940993 0.02581835391920819 0.0294351944820761
2 0.644685958167621 0.6438076379480993 0.03903140775927429 0.027787485300678937
2 0.506312465293757 0.43275835255656325 0.032735943652651575 0.025897436680159914
2 0.46610866561032605 0.5569261929001963 0.03480690901291546 0.016645267412854457
2 0.4598275733696003 0.5830759350982803 0.03487510517284953 0.018989017412854636
2 0.6266095595795467 0.6948312273872211 0.03498876543940614 0.022895267412854636
2 0.5765533867765777 0.8030841406616327 0.03492056927947225 0.020551517412854638
2 0.4137685787798766 0.6942491304848675 0.03317621285298138 0.014219630257724703
2 0.37900685306127846 0.17183521992398929 0.03496603338609479 0.02211401741285455
2 0.37575983260730733 0.1946961878118137 0.028738765439406143 0.022567718792335524
2 0.25918844655564544 0.14133989371385045 0.024005801332783516 0.020759557326946253
2 0.2486972274344578 0.18414154737732358 0.02380121285298138 0.013728307326946253
2 0.23046771615168674 0.28368452397157523 0.02320181927947216 0.019937363749381376
2 0.33364419193679196 0.33383060888814137 0.04626724623907634 0.035187227498762755
2 0.37422973950865174 0.38412718000989754 0.024005801332783516 0.020759557326946343
2 0.25813572657652795 0.34717713591193433 0.03331260517284953 0.01890713025772479
2 0.23961069860070947 0.43656386250618595 0.01676996285298147 0.013359815128862352
2 0.23891201662654044 0.46633324966131573 0.021639319279472158 0.01985547659425162
2 0.20979882963780644 0.5414084927639108 0.020744409012915455 0.01590828301668683
2 0.30848403371529926 0.625434932723431 0.03514788981258565 0.028364017412854638
1 0.648673515625 0.4428454828125 0.81938336875 0.031786753125 0.621822365625 0.0092242234375 0.49297428906249996 0.3914002046875 0.648673515625 0.4428454828125
1 0.5593184890625 0.796262859375 0.6828224640625 0.515784628125 0.5301852593749999 0.44727593125 0.42521759687499994 0.7125486546875 0.5593184890625 0.796262859375
1 0.2833643546875 0.607000015625 0.3571812234375 0.37182795468749996 0.27816016875 0.3466115234375 0.216673478125 0.557117409375 0.2833643546875 0.607000015625
1 0.31435858125 0.3269218703125 0.3978480265625 0.0165140765625 0.30680695 0.026623109375 0.23865800625000003 0.2935247609375 0.31435858125 0.3269218703125
4 0.3966118984375 0.7078204140625 0.37812272187499996 0.6838797859375 0.3675364109375 0.646180553125 0.3702365875 0.6166812937499999 0.36135156562500004 0.5966854765625 0.332926790625 0.5981751562500001 0.33048052031249997 0.595634471875 0.313645496875 0.6285433953124999 0.3176896703125 0.6452343953125 0.295854165625 0.6285861703125 0.280043875 0.6151806921875 0.25941858125 0.5993586703125 0.22808230625 0.58231873125 0.19108266406250002 0.5744718843750001 0.1963887421875 0.5937656375 0.20280164687500002 0.6103324984375 0.21495545625 0.6203710890624999 0.23586505624999998 0.6459641265625 0.259914215625 0.657158565625 0.2781707765625 0.6731047265625001 0.3024525515625 0.692293634375 0.3279703828125 0.713197021875 0.34141194375 0.726726640625 0.3751944875 0.7463072609375 0.3920857625 0.7560975734375 0.407973590625 0.7721678734374999 0.4432765015625 0.803233990625 0.4602194671875 0.8148008499999999 0.471214759375 0.8257897859375 0.4931794921875 0.8468793828125 0.5102516890625 0.8628876125 0.56457743125 0.8547027484375 0.5697497203124999 0.8286324468749999 0.5215221734375 0.8018021953125001 0.4936097640625 0.780134675 0.438969309375 0.7367375625 0.3966118984375 0.7078204140625
3 0.3810965953125 0.3376583390625 0.4194615265625 0.3516610375 0.4591658984375 0.370931309375 0.46588440000000003 0.357234775 0.56636850625 0.060170389062499996 0.54275873125 0.06407661249999999 0.469949865625 0.333891365625 0.4413700109375 0.3300514 0.450612321875 0.32156037187500003 0.45632738125000005 0.314143828125 0.46430778593750005 0.30305004687500003 0.462709884375 0.2888997296875 0.4426790515625 0.293508015625 0.4393068765625 0.2999121453125 0.427747528125 0.31030386249999997 0.42236846874999995 0.329267971875 0.40552888906250006 0.32125420937500004 0.3968247921875 0.3074763109375 0.39846983125 0.28248049062499997 0.41522275937500003 0.2059840625 0.45637757968750003 0.0712725421875 0.42977876562499995 0.0539843234375 0.40241823749999994 0.13281593125 0.3711260375 0.280355003125 0.35359772343749996 0.33020320625 0.3810965953125 0.3376583390625
3 0.42235323124999996 0.6548729 0.43529915781249995 0.610602621875 0.48116559375 0.47475455 0.4929013078125 0.4296580671875 0.46895553437500004 0.42201672500000004 0.46005378124999996 0.48297800312500005 0.43606542812500004 0.55540548125 0.4054878046875 0.6459708625 0.40590134375 0.66018325 0.42235323124999996 0.6548729
1 0.100894509375 0.6138939671875 0.0722776671875 0.7310810375 0.2942466140625 0.9809989968749999 0.395972828125 0.9712196078125 0.426631515625 0.9242062015625001 0.100894509375 0.6138939671875
5 0.7492334026782024 0.4990539806665815 0.035102425705962934 0.026801517412854636