2 0.5075253622866714 0.7976992401392468 0.022330918320799496 0.02668521984757479
2 0.39890599524699827 0.6298345083878152 0.016425520678164406 0.017278403590796288
2 0.3593019937992562 0.5741203186926656 0.02024187944567011 0.03214033430895533
2 0.28943260360021916 0.4635277314568439 0.016862168320799585 0.026653403590796286
2 0.25807344168956037 0.46568967427525154 0.01753425641014079 0.024314198770336047
2 0.2132746720448532 0.3872828731437834 0.02634633023145838 0.029051695745273953
2 0.19501697766920573 0.3598254936552882 0.018424668320799586 0.02666249394987581
2 0.1616993635250166 0.303366415396457 0.019987168320799588 0.026671584308955422
2 0.320006323202145 0.24333340612487894 0.02556508023145838 0.029047150565734016
2 0.37459962386409884 0.29600895423128504 0.019732457195929066 0.02120283430895542
2 0.38804353970369904 0.3093720174630016 0.01611730562435252 0.02743010841125635
2 0.4907661253118409 0.35216857152133596 0.022476467535011223 0.029810219847574794
2 0.5941393742783836 0.4481083062978296 0.026200781017246655 0.025926695745273776
2 0.6140687305646899 0.4732310261454044 0.024274407981717337 0.018105105386194253
2 0.7655134524429273 0.6108679024124458 0.021804379445670107 0.03214942466803503
5 0.1338184201828264 0.18051472267624522 0.023330492142117177 0.031377265027114645
5 0.19982656389652012 0.15589197257804935 0.028835629445670106 0.03219033128389333
5 0.2611643242356023 0.14765274658215444 0.017607031017246654 0.02587669877033596
5 0.32044943300310796 0.1331498850476401 0.02002355562435252 0.02745283430895542
5 0.3680157917706136 0.11857884582002864 0.03252355562435252 0.02752555718159235
5 0.4152910521096958 0.11025780659241717 0.024111742142117264 0.03138181020665445
5 0.466237122002072 0.09023619808296494 0.022003432588823202 0.019653969847574837
5 0.5059182061624717 0.07718220705995538 0.024892992142117088 0.031386355386194255
1 0.18113135625000001 0.28565426718750003 0.535985421875 0.7855030984375 0.7389421359375 0.6331914750000001 0.46902093125000005 0.3523502421875 0.445997465625 0.366073246875 0.30389859218750004 0.2415998921875 0.18113135625000001 0.28565426718750003
1 0.6793844890625 0.2469821640625 0.5552808875 0.1652502765625 0.6800844484375 0.24911807343749998 0.657115715625 0.2788301875 0.9217146453125 0.467971390625 0.97393131875 0.3595514015625 0.759952009375 0.23359393750000002 0.6793844890625 0.2469821640625
1 0.6763364968750001 0.243766671875 0.552982484375 0.1631050640625 0.45978139687499997 0.190276740625 0.5950540156249999 0.297319975 0.6763364968750001 0.243766671875
2 0.6315045953280516 0.28343727312034234 0.023112168320799497 0.02668976502711464
2 0.7413654387940762 0.3575338241536146 0.026909256410140792 0.024368740924813715
2 0.7646745062052529 0.3772059747193487 0.02999786910658777 0.023605671642972937
2 0.9123606813504782 0.47809228472961146 0.028289819892376045 0.020471581283893415
2 0.7659737946660978 0.23186165846257004 0.029888707195929065 0.021261921642972935
2 0.8528894437564748 0.2784735589301082 0.02193065798171716 0.018091469847574794
2 0.8993449127392281 0.30453206488203655 0.01738870719592924 0.02118919877033596
4 0.23195831875 0.207071934375 0.13675662187499998 0.225704615625 0.1482041125 0.2545510390625 0.16659134375 0.27171272343749997 0.1945145140625 0.27294109375 0.21234558125 0.2677152359375 0.25929610468750003 0.25519735312499997 0.2895074765625 0.22446145624999997 0.34395390312499996 0.22264637812500002 0.36838238749999996 0.23024993437500002 0.386362353125 0.22182718281249997 0.4207238390625 0.20497238125 0.43650466562499995 0.192273159375 0.53713671875 0.12570569843749999 0.498774015625 0.1254825109375 0.46116600625000004 0.1433843453125 0.370109321875 0.15884338125 0.306975809375 0.1755307921875 0.23195831875 0.207071934375
3 0.5934909796875 0.3232286453125 0.5575310484375 0.3400741453125 0.53295876875 0.352722221875 0.510833790625 0.3643186140625 0.5654372453125001 0.3900906546875 0.564838628125 0.3891489515625 0.5427034453124999 0.366635865625 0.5792640703124999 0.3540575359375 0.6116745781249999 0.3275981109375 0.70150575625 0.3899440578125 0.7605095625 0.427594509375 0.8136210140625 0.4716061984375 0.8375531734375 0.48986606093749996 0.8561287296875 0.46865574218750006 0.8260509484374999 0.4450305296875 0.7738927203125 0.4148813390625 0.726028403125 0.3783616125 0.6780648203124999 0.34397314843750004 0.6404911359375001 0.30964513125000004 0.6112724171874999 0.319068415625 0.5934909796875 0.3232286453125
3 0.7459607359375 0.5511565140625 0.6989949046875 0.512510178125 0.6483803890625001 0.46638117812499996 0.5804807609375 0.41375609999999996 0.5677807890625 0.39377735937499997 0.5514058375 0.402927753125 0.599071625 0.4437100015625 0.6359453515625 0.47590210781250003 0.703646446875 0.532789709375 0.7323294140625001 0.569197840625 0.7459607359375 0.5511565140625
3 0.3492061390625 0.2471930796875 0.4558859375 0.3597352609375 0.46682179375 0.34807376875 0.413208915625 0.297663646875 0.35979456718749997 0.242991003125 0.3492061390625 0.2471930796875
1 0.1219976703125 0.1478066375 0.5451034359375 0.040478496875 0.4650220375 0.0091009359375 0.078571059375 0.08466474375000001 0.1219976703125 0.1478066375
5 0.24617060111901976 0.5031305869412341 0.030143418320799586 0.026730671642972936