2 0.45703125 0.88203125 0.01875 0.025
2 0.41484375 0.76796875 0.015625 0.02109375
2 0.39765625 0.72421875 0.01484375 0.02578125
2 0.36328125 0.6375 0.01796875 0.02421875
2 0.32109375 0.54453125 0.0125 0.01484375
2 0.31015625 0.51640625 0.01484375 0.01953125
2 0.2859375 0.45703125 0.01796875 0.0140625
2 0.3984375 0.40703125 0.0109375 0.0171875
2 0.4296875 0.47109375 0.01171875 0.015625
2 0.43828125 0.4859375 0.01171875 0.01328125
2 0.4734375 0.5609375 0.00859375 0.01171875
2 0.4921875 0.5625 0.0125 0.01328125
2 0.54453125 0.65625 0.01015625 0.01640625
2 0.55234375 0.6765625 0.0125 0.01796875
2 0.6171875 0.790625 0.01484375 0.0171875
2 0.66640625 0.6109375 0.01171875 0.01484375
2 0.65546875 0.5921875 0.0203125 0.01953125
2 0.6015625 0.5109375 0.015625 0.015625
2 0.7109375 0.46328125 0.01640625 0.01796875
2 0.759375 0.5234375 0.01328125 0.021875
2 0.78515625 0.5515625 0.01015625 0.01328125
2 0.84296875 0.6265625 0.01328125 0.01875
2 0.675 0.453125 0.01484375 0.0140625
2 0.6375 0.40625 0.01875 0.01640625
2 0.61953125 0.38515625 0.0109375 0.0140625
2 0.584375 0.33984375 0.01171875 0.015625
2 0.4875 0.37109375 0.01171875 0.01328125
2 0.534375 0.4421875 0.015625 0.0140625
2 0.5265625 0.42890625 0.009375 0.02109375
1 0.30020894062500003 0.4513805875 0.3520743046875 0.610691384375 0.46617810937500004 0.5600770171875 0.3917360546875 0.41570160781250004 0.30020894062500003 0.4513805875
1 0.3801426203125 0.6314349765625 0.47289009843749996 0.8712309140625001 0.60712986875 0.7882565421875001 0.4893649796875 0.574182659375 0.3801426203125 0.6314349765625
1 0.60590950625 0.5078031609375 0.7377085531249999 0.7086011437499999 0.834117115625 0.6314349765625 0.70109770625 0.46714571875 0.60590950625 0.5078031609375
1 0.6638766796875 0.45386981875 0.5735699265624999 0.34185441562499996 0.49851769062500007 0.375044165625 0.58333281875 0.5061436734375 0.6638766796875 0.45386981875
3 0.5633680875 0.6534658375 0.5460185765625 0.6134032171875 0.524740875 0.5804628421875 0.5139383484375 0.581353121875 0.5299784625 0.6080615359375 0.5358707500000001 0.626312284375 0.5443818312500001 0.64011163125 0.5545296578125 0.6574721 0.5659868828125 0.679729109375 0.5751526609375001 0.6993152796875 0.5836637421875001 0.7166757484375 0.5941389187499999 0.73225565625 0.60265 0.7442744421875 0.607232890625 0.7571835078125 0.6088696359375 0.75896406875 0.6245824 0.776769678125 0.63865841875 0.8043683703125 0.636366975 0.786117621875 0.6118157796875 0.734926496875 0.5918474734375 0.7028764015625 0.5810449484375 0.676613128125 0.5633680875 0.6534658375
3 0.62785589375 0.7104437859375 0.6353849265625 0.731365375 0.6566626296875 0.7914593046875 0.6812138234375 0.77543425625 0.6645190109375 0.7482807046875 0.6514250406250001 0.7246882718750001 0.6448780546874999 0.707327803125 0.62196360625 0.693973596875 0.5947936171875 0.6481241546875001 0.5794082015625001 0.6383310703125 0.5712244703125 0.6432276124999999 0.587591934375 0.656136678125 0.6003585546875 0.6788388296875 0.6118157796875 0.7064375234375 0.62785589375 0.7104437859375
3 0.710020559375 0.6961992984375 0.607232890625 0.537284240625 0.598394459375 0.5430710640624999 0.6998727328125 0.7028764015625 0.710020559375 0.6961992984375
3 0.6003585546875 0.6552463984375 0.5443818312500001 0.5978233109375 0.5355434 0.5835788234375 0.5293237640624999 0.5907010671874999 0.5722065187500001 0.6436727531249999 0.5885739812499999 0.6574721 0.6144345734375001 0.7068826625 0.62785589375 0.710888925 0.658299375 0.789233603125 0.6812138234375 0.7732085546875 0.6435686578125 0.704211821875 0.6255644484375 0.6961992984375 0.6003585546875 0.6552463984375
4 0.4867847390625 0.5112450609375 0.4688021421875 0.4930472390625 0.44956494375 0.45835764062499995 0.4378553453125 0.41968727031249997 0.42865494687499994 0.40603890312499996 0.4211273484375 0.38784108125 0.41150874843749996 0.379879534375 0.39854455 0.3741927140625 0.3872531515625 0.37248666875 0.37094335312500004 0.374761396875 0.3575609546875 0.384997671875 0.34501495625 0.3901158078125 0.3291233578125 0.39125317187499997 0.3057041609375 0.3969399921875 0.2843759640625 0.3969399921875 0.270993565625 0.3969399921875 0.273920965625 0.40774494843750003 0.2877215640625 0.40774494843750003 0.2939945625 0.40319549375 0.31908655937499997 0.40603890312499996 0.34292395625 0.39978340156250003 0.37261615312499996 0.39125317187499997 0.39478075 0.3821542609375 0.4094177484375 0.3889784453125 0.42196374687500005 0.4088823125 0.426563946875 0.4236680421875 0.4382735453125 0.45267082187499996 0.45709254374999997 0.485654375 0.479257140625 0.515225834375 0.5127131359375 0.54877806875 0.5608061296875 0.6010968078125 0.6114083234375001 0.6551215921875 0.626463521875 0.6835556890625 0.629390921875 0.6687699578124999 0.6164267234375 0.6500034546875 0.5838071265625 0.6107644 0.529859334375 0.5544648890625 0.4867847390625 0.5112450609375
4 0.524840934375 0.3269921140625 0.5131313359375 0.33211025156249996 0.5060219375 0.33211025156249996 0.4838573390625 0.338365753125 0.478002540625 0.344052571875 0.4696385421875 0.3525828015625 0.46252914218749996 0.36452512187499997 0.46587474218749997 0.39125317187499997 0.475911540625 0.3986460375 0.48134814062500003 0.40262681093749997 0.4884575390625 0.39295921875 0.475911540625 0.3844289890625 0.47005674218750004 0.3787421703125 0.4671293421875 0.3662311671875 0.474238740625 0.3548575296875 0.4867847390625 0.3480333453125 0.5168951359375 0.33552234375 0.5336231328125 0.3304042046875 0.5436599328125 0.3190305671875 0.55453313125 0.312775065625 0.5679155296875 0.30481351874999996 0.569588328125 0.29571460781250003 0.5582969296875 0.30083274531250004 0.54784193125 0.308225609375 0.5336231328125 0.3190305671875 0.524840934375 0.3269921140625
4 0.38266290000000003 0.35736216249999997 0.388681190625 0.3539522203125 0.39720710000000004 0.349178296875 0.40773910625000004 0.3525882421875 0.41124977500000004 0.361454096875 0.4127543484375 0.37100194062499997 0.4127543484375 0.377139840625 0.41927416093750003 0.383277740625 0.4227848296875 0.38123177343750003 0.423787878125 0.37100194062499997 0.42428940312499996 0.358044153125 0.427800071875 0.3546342078125 0.4358244578125 0.350542275 0.441842746875 0.3546342078125 0.44535341562499997 0.3669100078125 0.44535341562499997 0.3764578515625 0.44334731875 0.3825957515625 0.441842746875 0.38873365 0.441842746875 0.3969175171875 0.4493656078125 0.3996454734375 0.45688847031249996 0.405101384375 0.46491285624999995 0.39282558437500004 0.45839304218750004 0.3798677953125 0.455885421875 0.37100194062499997 0.47293724218750005 0.339630453125 0.4869799171875 0.3294006203125 0.49249668281250003 0.31576084375 0.49299820624999996 0.295983165625 0.47845400781249997 0.2877992984375 0.4754448625 0.2905272546875 0.480460103125 0.299393109375 0.4869799171875 0.308258965625 0.47845400781249997 0.3232627203125 0.4659159046875 0.330082609375 0.45939609062500003 0.3498602859375 0.45337780156249996 0.3607721078125 0.4493656078125 0.349178296875 0.43883360156249995 0.3389484640625 0.42428940312499996 0.3464503421875 0.41927416093750003 0.34508636406250004 0.4047299625 0.3403124421875 0.388179665625 0.3403124421875 0.3701247984375 0.3539522203125 0.3500638328125 0.37372989687499997 0.33702420625 0.383277740625 0.31276778906249997 0.3874757890625 0.321976771875 0.3957816453125 0.32248000625 0.3955535390625 0.33903030312500004 0.39009762812500004 0.352571453125 0.3860056953125 0.36109736406250004 0.38191376250000003 0.37263241874999997 0.37100194062499997 0.38266290000000003 0.35736216249999997
3 0.5426490953124999 0.5094456796875 0.5471628109375 0.5237674453125 0.5672237765625 0.5128556234375 0.4945027796875 0.3969175171875 0.48898601406250003 0.4030554171875 0.551676528125 0.499215846875 0.5426490953124999 0.5094456796875
1 0.5170713640625 0.18686494843749998 0.242737671875 0.2755235 0.2758382640625 0.355316196875 0.5632115828125001 0.24892593437500002 0.5170713640625 0.18686494843749998
1 0.540625 0.2734375 0.01640625 0.015625