5 0.7411901960282774 0.3267446956119081 0.028617305624352517 0.02782103693163096
5 0.7237908343652876 0.42245661606660334 0.04235231989237605 0.02103524878218401
5 0.653701082088976 0.7779741846548595 0.03386773180303493 0.023228994317957153
5 0.6410427243549276 0.8581565624958809 0.028981178659881833 0.035633536931631224
5 0.6255140777457499 0.9437531432590017 0.03806508023145838 0.029547178165332966
5 0.6696450674066676 0.9359366891190863 0.023257717535011223 0.03006932954530477
5 0.6950195949092576 0.827093523128618 0.030815506410140792 0.024736947240056394
5 0.7626755901562559 0.20144073254353906 0.02847175641014079 0.02469603693163096
2 0.6781810053721743 0.8845651038917387 0.030597182588823203 0.020049447240056396
2 0.7002849836605526 0.7725423908233697 0.026273555624352518 0.027780126623205347
2 0.7787287373846062 0.3617469870077659 0.03537672787409356 0.0388676310874323
2 0.7844842777074778 0.30095949147199275 0.019878006410140793 0.0245460324674041
2 0.8048652442090317 0.23574359455624788 0.030997442927905537 0.028643197240056484
2 0.3756274319651415 0.7239416550301245 0.028961907981717338 0.018459673701106107
2 0.34886372476921246 0.7023978916374438 0.02629067224974104 0.011387513392680581
2 0.28845060959156593 0.6623126339268062 0.023347608767505613 0.015239216314779824
2 0.2015306523956369 0.6397188392845374 0.030378858767505634 0.015361947240056396
2 0.15401779755707268 0.6084455198855023 0.02349315798171734 0.018364216314779823
2 0.12776351261088462 0.5978392564928218 0.02643622146395268 0.014512513392680582
2 0.08117745698653209 0.5697045738632619 0.021821496071058565 0.015993192775829713
2 0.24431519602827736 0.31807171022569997 0.019732457195929066 0.0214210324674041
2 0.1776349642252424 0.2942699715897857 0.017170383374611475 0.016692622158978487
2 0.16026552770747776 0.29006371266133196 0.016389133374611474 0.01667898538950343
2 0.10385070781510161 0.2687830020285949 0.01404538337461152 0.016638075081077907
2 0.26107239474715105 0.1247717236183806 0.018133569892376133 0.020612508928453722
2 0.19746365901517465 0.11663589529089183 0.021930657981717384 0.01833694277582958
2 0.16915672249741004 0.11223872158978569 0.02174872146395268 0.01443069277582958
2 0.12191784946188071 0.10360801542127548 0.028107883374611474 0.01688353693163096
2 0.4266760858130296 0.3618468039744642 0.022639133374611476 0.016788079545304768
2 0.40770776199171205 0.35683202150706017 0.01806079528527036 0.01905000892845372
2 0.3230223928851242 0.33193538717321697 0.030560795285270358 0.019268197240056396
2 0.3469563908182096 0.1418831314911741 0.02374786910658786 0.023832966314779915
2 0.4225385876750565 0.15569226136079042 0.02352954528527036 0.019145466314779914
2 0.4572046861034799 0.1625422792176979 0.023565932588823203 0.019926716314779915
2 0.32643911875 0.3192213609375 0.45783004531250004 0.3568199734375 0.47838230625 0.189943671875 0.3397490796875 0.16058039531249998 0.32643911875 0.3192213609375
2 0.1211322015625 0.2617508671875 0.249295546875 0.300222225 0.255363209375 0.1498165984375 0.1166000578125 0.1176638046875 0.1211322015625 0.2617508671875
1 0.2839411453125 0.6464460546875 0.40437820625 0.7061514718749999 0.4382662703125 0.5683095390624999 0.37961442343749996 0.5487040953125 0.299164253125 0.5054910718750001 0.2839411453125 0.6464460546875
2 0.3923846306840152 0.530641668422805 0.04514983416039975 0.014058545860084593
2 0.23049890673886306 0.47395351744987035 0.030451633374611476 0.016924447240056394
2 0.15493382650740473 0.4437517743497292 0.04473245719592907 0.021857409090609535
2 0.08881652088305221 0.41527617248329013 0.025946069892376133 0.020748876623205348
1 0.084620596875 0.553774878125 0.21757061093750002 0.6248477140625 0.2343604015625 0.494139996875 0.090196678125 0.4395949296875 0.084620596875 0.553774878125
1 0.40002994375 0.7999130140624999 0.5700424234375 0.8948598671875001 0.6097079140624999 0.6939410953125 0.44658367187500003 0.606547146875 0.40002994375 0.7999130140624999
1 0.4711582515625 0.409081296875 0.6174159515625 0.46180474687500006 0.6767219625 0.2147746234375 0.50088875 0.1819747703125 0.4711582515625 0.409081296875