1 0.3988737828125 0.5399204328125 0.33987920625 0.8027467921874999 0.510699325 0.8282784953125001 0.557366678125 0.5932366375 0.3988737828125 0.5399204328125
1 0.4886864234375 0.0983721515625 0.48164229531249997 0.0983721515625 0.43937752343750003 0.33566680625 0.589945771875 0.4024997953125 0.637493640625 0.19824616718750002 0.4886864234375 0.0983721515625
1 0.7493191828125 0.35519105 0.623405384375 0.28685619687499997 0.5864237078125 0.43253709218749997 0.7255452484375 0.49261168906249997 0.7493191828125 0.35519105
1 0.8241630484375 0.373213428125 0.7951060187500001 0.5143887296874999 0.9307054953125 0.5759651906250001 0.9465547843750001 0.44455201093749996 0.8241630484375 0.373213428125
1 0.7669295046875 0.696865315625 0.74579711875 0.8650741843749999 0.8875602062500001 0.8913568203125 0.9069315609374999 0.743423128125 0.7669295046875 0.696865315625
1 0.5265486140625 0.8267766296874999 0.6551039624999999 0.8575648609375 0.6876830578125 0.684850396875 0.57673803125 0.6473037734375 0.55208358125 0.6525603 0.5265486140625 0.8267766296874999
5 0.40390625 0.1484375 0.021875 0.021875
5 0.38359375 0.234375 0.02578125 0.01640625
5 0.42109375 0.0640625 0.0203125 0.01875
5 0.37421875 0.07421875 0.028125 0.01640625
5 0.29921875 0.58671875 0.02890625 0.025
5 0.27578125 0.68671875 0.0296875 0.0265625
5 0.240625 0.64921875 0.0234375 0.021875
2 0.22421875 0.71171875 0.028125 0.02421875
5 0.36484375 0.12734375 0.02265625 0.0203125
2 0.62578125 0.4703125 0.0140625 0.01328125
2 0.64375 0.478125 0.01171875 0.01640625
2 0.72109375 0.5125 0.0125 0.0109375
2 0.79453125 0.5265625 0.0140625 0.0140625
2 0.8578125 0.55625 0.01171875 0.01640625
2 0.87421875 0.56171875 0.009375 0.01328125
2 0.59296875 0.64140625 0.01484375 0.0140625
2 0.61171875 0.64765625 0.015625 0.015625
2 0.69296875 0.67421875 0.01171875 0.015625
2 0.54765625 0.8453125 0.01640625 0.01171875
2 0.58359375 0.85234375 0.01953125 0.0125
2 0.65703125 0.86328125 0.01484375 0.0109375
2 0.74765625 0.87734375 0.01796875 0.01171875
2 0.80859375 0.8875 0.015625 0.0109375
2 0.83359375 0.890625 0.01328125 0.01484375
2 0.8859375 0.90078125 0.0125 0.0125
2 0.76875 0.6859375 0.01640625 0.01875
2 0.8375 0.70703125 0.0140625 0.009375
2 0.84921875 0.7125 0.009375 0.01484375
2 0.9109375 0.73203125 0.0140625 0.0140625
2 0.29765625 0.8453125 0.02265625 0.01328125
2 0.209375 0.7765625 0.03203125 0.0125
5 0.24609375 0.8140625 0.0265625 0.01484375
5 0.1984375 0.809375 0.02109375 0.0171875
2 0.8296875 0.36015625 0.015625 0.01171875
2 0.87890625 0.39140625 0.0125 0.01328125
2 0.9015625 0.40625 0.01640625 0.01328125
2 0.94765625 0.43359375 0.021875 0.0125
2 0.9296875 0.590625 0.01171875 0.01640625
2 0.33828125 0.2359375 0.0203125 0.01484375
2 0.32734375 0.2921875 0.01640625 0.01796875
2 0.74609375 0.340625 0.01796875 0.0125
2 0.68203125 0.3015625 0.0203125 0.0171875
2 0.653125 0.28671875 0.01484375 0.01640625
5 0.68203125 0.89921875 0.0265625 0.01171875
5 0.79765625 0.90859375 0.03125 0.01484375
4 0.7528164281249999 0.5832035796875 0.7309469 0.55666171875 0.7031894234375 0.533706596875 0.6914135234375001 0.5387280296875 0.7048716953125 0.54948824375 0.7259000875 0.565269890625 0.7452462078125001 0.59396379375 0.7780504984375 0.6312658671875 0.8125370609375 0.65637303125 0.8150604687499999 0.642743428125 0.793190940625 0.629113825 0.7721625484375 0.614766871875 0.7528164281249999 0.5832035796875
3 0.5660843078125 0.60687605 0.5644020375000001 0.6183536109375 0.692254659375 0.6599597703125 0.692254659375 0.6477648609375 0.5660843078125 0.60687605
3 0.7763682265625 0.677893459375 0.8024434328125001 0.6865016296875 0.8545938453125 0.7030006234374999 0.89244495 0.716630228125 0.8941272218749999 0.703717971875 0.8411356734375 0.6865016296875 0.795714346875 0.6692852890625 0.773003684375 0.6692852890625 0.758704378125 0.6692852890625 0.7418816640625 0.6635465078125 0.7351525796875 0.6484822078125 0.7317880359375 0.6606771171875 0.735993715625 0.6743067218750001 0.7763682265625 0.677893459375
3 0.8344065890625 0.6205056531250001 0.8116959250000001 0.6162015671875001 0.7797327703125 0.5932464453125 0.7620689203125 0.5803341890625 0.7603866499999999 0.59181175 0.7721625484375 0.600419921875 0.7881441265625 0.6133321765625 0.8066491109375 0.6219403484375 0.8259952328125 0.6305485187500001 0.8369299953124999 0.6377219953125 0.8369299953124999 0.6441781234375 0.8445002171875 0.6491995562499999 0.8587995234375001 0.6542209890625 0.859640659375 0.637004646875 0.8613229312499999 0.637004646875 0.845341353125 0.6327005625 0.8344065890625 0.6205056531250001
3 0.5837481578125 0.466275925 0.5787013437499999 0.48134022343750005 0.7149653234375 0.5358586390625 0.718329865625 0.5222290359375 0.5837481578125 0.466275925
3 0.7740548296875 0.5458988125 0.74169016875 0.53976511875 0.7506803515625 0.556632778125 0.8037224359374999 0.555866065625 0.9089075875000001 0.6049356218749999 0.9134026796875 0.5980352156250001 0.8019244000000001 0.5466655234375 0.7740548296875 0.5458988125