2 0.09055805653075473 0.15666953371934036 0.022584328130301135 0.020821646276527783
2 0.27289189609380127 0.2366330567051044 0.02754464664195542 0.02874324905006951
2 0.33745539309857636 0.27482469414791694 0.024928078130301047 0.02087619766329869
2 0.48662206859647233 0.3438682477188893 0.023447423683797552 0.023183580072118116
2 0.5758928997219983 0.32955313421177135 0.017361114790790035 0.027725609707395904
2 0.696607193005909 0.3885670711414936 0.020939982576804895 0.018441528685347208
2 0.7427654303920374 0.41384048128572976 0.017197423683797376 0.023038109707395903
2 0.849925655164294 0.46473279369041737 0.017142859981466786 0.021475609707395905
2 0.7421553390997104 0.619908643329827 0.020349705534962938 0.023892094889756875
2 0.628291246541439 0.578227676764827 0.020158732576804894 0.018423344889756877
2 0.6028820187739575 0.565927045305938 0.01636160998146661 0.02145742591180557
2 0.4779167351086936 0.519304005602674 0.02411954627913566 0.020076763867708357
2 0.42588300915531063 0.549317507502535 0.016334328130301046 0.020676175911805574
2 0.27321931142489614 0.49190178495361125 0.028834328130301134 0.020967116641250172
2 0.24552089735974558 0.4811091021079516 0.021130955534962758 0.02391027868534721
2 0.06276047186184966 0.4112836453265972 0.030424109981466562 0.02178473423243048
2 0.06259432467174009 0.5853569249618751 0.027626492195451696 0.031086999050069508
2 0.06963055307219368 0.7197864763486459 0.025845737386128276 0.024800631458888844
2 0.17602688601181823 0.7488037887533334 0.02021329627913566 0.019985844889756875
2 0.22411964563046505 0.7624130002843404 0.02272073738612832 0.024727896276527873
2 0.3202233193142625 0.7872876733463544 0.021021828130301047 0.020785278685347207
2 0.3765055464487717 0.6777503256068058 0.022502482576804893 0.01847789627652787
2 0.24090286314632747 0.639466462765278 0.023201887023308564 0.016152330072118203
2 0.21255960833700405 0.6325618461240279 0.017978673683797373 0.023056293502986058
2 0.3871553589699762 0.7591821635627086 0.022584328130301135 0.020821646276527873
2 0.42538699055098916 0.6468828385245836 0.01630704627913566 0.019894925911805573
2 0.5037897874630971 0.7907796153100698 0.02013145072563951 0.017642094889756876
2 0.4706771871002774 0.7814221458952781 0.020158732576804894 0.018423344889756877
2 0.5827332429980598 0.8160354948690977 0.02272073738612832 0.024727896276527873
2 0.6615452345605395 0.725757293406077 0.01959573738612832 0.024655161094166544
3 0.1002017296875 0.57900999375 0.375095803125 0.6636130953125 0.40723491875000006 0.558733784375 0.1099655078125 0.44415610625 0.1066151796875 0.4572815453125 0.3805169828125 0.5570962703125 0.3667792671875 0.6217779718750001 0.3494225734375 0.626452228125 0.11025271406249999 0.5396336749999999 0.1002017296875 0.57900999375
3 0.47168016562500004 0.5500772859375 0.6923760140625 0.6313876140625 0.7026585328125 0.6204548203125 0.6470590234375 0.5988477718749999 0.5412319875 0.5567743609375 0.48254755937500005 0.534079865625 0.47168016562500004 0.5500772859375
4 0.6156532453125 0.8774199093749999 0.6457198890625 0.8222590953125 0.6653450921874999 0.7952933890625 0.6956432703125001 0.7685760984375001 0.711385703125 0.739488725 0.7251605343749999 0.719496384375 0.7593769765625 0.6959172375 0.7753678828125 0.6739451796875 0.79045445 0.6478894828125 0.80375089375 0.636011190625 0.8183945687499999 0.6190860140625001 0.8313005578125001 0.5960265078125 0.8456602625 0.57096954375 0.8747176984375 0.5523485546875 0.8871453 0.5374030953125 0.9247645078125 0.4803867734375 0.9308802890625 0.45920052031249997 0.921128590625 0.44170753593749995 0.8886312765625 0.44907633281250003 0.8634751671875 0.49216366875000006 0.8490089734374999 0.5141712140625 0.8208203812500001 0.535859365625 0.7915330296875001 0.5697097171875 0.7709679921875 0.5915753078125 0.75827498125 0.6207336578125 0.7528860578125001 0.6409211828125 0.7327994078125 0.654672728125 0.7272685015625 0.670794359375 0.7068268890625 0.6743811656250001 0.6879099890625 0.6780034609375 0.6580006484375 0.672229075 0.64842643125 0.659818459375 0.635785853125 0.6686650765625 0.63330436875 0.6848576828125 0.6291206921875 0.6959324312499999 0.6362303640625 0.70320744375 0.6554312328125 0.707716940625 0.685996440625 0.710459646875 0.6895428078125 0.7247612578125 0.686085990625 0.734837278125 0.68082049375 0.7367460171875 0.6658218609375 0.7435064546875 0.6540146296875 0.7544037625 0.64086016875 0.7703479515625 0.6299217828125 0.784312425 0.622103809375 0.800380821875 0.616750384375 0.8215848234375001 0.61281518125 0.8397748875 0.613347621875 0.8550219953125 0.6156532453125 0.8774199093749999
4 0.41356529531249997 0.5873192609375 0.4045065796875 0.6114839609375 0.41019802812500006 0.62177290625 0.424062409375 0.6261581953124999 0.4380332796875 0.633592903125 0.4497170828125 0.6409743828125001 0.4592203078125 0.6513520484375 0.4739535328125 0.6588045015625 0.4823394421875 0.6589996859375 0.48604473125 0.6560389843750001 0.48898766250000003 0.6530605390625001 0.4900154296875 0.63886539375 0.4776047671875 0.632482646875 0.452092078125 0.621732353125 0.43805021718750004 0.612264696875 0.42782013281250003 0.6028857609375 0.41356529531249997 0.5873192609375
1 0.0625672046875 0.7010274109375 0.34022673124999997 0.7775696984375 0.3732887421875 0.6991187062499999 0.053858593749999996 0.604338184375 0.0625672046875 0.7010274109375
1 0.41401142343749997 0.6655345140625 0.3977567265625 0.74539235 0.597088065625 0.8038611671875 0.653517684375 0.740173128125 0.41401142343749997 0.6655345140625
1 0.4913932984375 0.503816321875 0.7500834890625 0.6042926375000001 0.8403205375 0.4834995578125 0.5646624890624999 0.3552058234375 0.4913932984375 0.503816321875
5 0.6537749184959558 0.8832606688810423 0.01906002404661713 0.031668227298576566
5 0.6822892988958424 0.8503579031134727 0.021021828130301047 0.020785278685347207
5 0.7124480248492253 0.8198352549370839 0.01881448738612832 0.024636977298576567
5 0.7477754004397885 0.7808461433298269 0.01490823738612832 0.024546058320624908
5 0.7853101167745246 0.7380053331093409 0.017442960344286364 0.030069359707395903
5 0.8290675512580951 0.694528743253577 0.0163343281303014 0.020676175911805574
5 0.8781846083370042 0.6480544399669451 0.02193948738612832 0.02470971248093754
1 1 0.6363641703125 0.961610896875 0.6193724671874999 0.64809974375 0.9340357328125 0.771761859375 0.963320840625 1 0.780369609375 1 0.6363641703125
1 0.0679447921875 0.3751296671875 0.432710490625 0.5247947125 0.49055509218750004 0.37074696406249996 0.07198000624999999 0.185297471875 0.0679447921875 0.3751296671875
5 0.5486111479078998 0.28598431895729215 0.03331349700477517 0.037464285619201475