2 0.5784047505686537 0.7770790447353729 0.03418134041817957 0.03454849623907634
2 0.4552497989720482 0.6148411206787626 0.021585839923887917 0.031841033386094966
2 0.41314587060714736 0.5605317053976411 0.020804589923887916 0.031818301332783606
2 0.33365734737544267 0.4525577325155298 0.02002333992388783 0.03179556927947225
2 0.6306769274134988 0.428271820203909 0.02337117441056815 0.03735524749271768
2 0.6575086828507063 0.4533029124446347 0.02340300790866543 0.038136497492717504
2 0.8140199625082015 0.589540626155546 0.024152424410568328 0.03737797954602886
2 0.2976243468811511 0.4512596569678514 0.026018671939110227 0.025727425705962936
2 0.24772516456191748 0.37840483016653187 0.026082338935304605 0.027289925705962937
2 0.22692057463802967 0.34772313149931533 0.024774506920082207 0.03349446159934022
2 0.18569339676742036 0.29573473416488244 0.02608233893530465 0.027289925705962937
2 0.40109556228074006 0.2839919374509524 0.01423625494291585 0.02382394490629274
2 0.4165759822426839 0.29918502843803696 0.019114755931498983 0.028647837226160888
2 0.5220420736494464 0.3344429153476286 0.02392958992388792 0.03190922954602886
2 0.7729824911399324 0.3310521762346883 0.014858337452429992 0.019940426959604095
2 0.7955259945999735 0.3468219287419708 0.01989600593149916 0.028670569279472247
2 0.9550694323564146 0.44229825013301405 0.016276257414373774 0.035588159012915455
2 0.8798917243340185 0.2481594567177893 0.017393088441013303 0.02469612311953817
2 0.7879469634596036 0.19921114284859348 0.018796420950527092 0.0208353372261608
2 0.926254729771226 0.2726222476257315 0.02589133794672165 0.022602425705962936
2 0.6605833088206989 0.260015913698276 0.018174338441013127 0.02471885517284953
2 0.5718643656270503 0.13666699340258942 0.017106586958138336 0.017664873119538172
2 0.34567855041774187 0.22928771707612355 0.024551672433401884 0.028025711599340218
1 0.2039255453125 0.292062115625 0.615809271875 0.7981541625 0.7877600640625 0.615249878125 0.5077803859375 0.3373123703125 0.452225646875 0.3677776640625 0.3256937546875 0.22721528906250002 0.2039255453125 0.292062115625
1 1 0.3213543 0.7681319796875 0.19991724375 0.6978763875 0.223598084375 0.560039078125 0.13745619375 0.47751952343750004 0.169908115625 0.629939965625 0.28207042968749996 0.6746402890625001 0.2507189328125 0.96942020625 0.4272549453125 1 0.3502104234375 1 0.3213543
1 0.4632272265625 0 0.10617009687500001 0.08334852968749999 0.146435384375 0.1422786265625 0.5331247296875 0.030056262500000003 0.48214349062500006 0 0.4632272265625 0
4 0.359030575 0.2046086765625 0.4015967 0.20938029687499998 0.438241825 0.17946521875000002 0.4532071609375 0.17061553437500002 0.5147027796875 0.15319975156250001 0.5518860359375 0.1364913890625 0.5727632078125 0.1178534171875 0.566039590625 0.08559413593750001 0.51400871875 0.09191621562499999 0.4627116625 0.1162474515625 0.4066187890625 0.1335060296875 0.36332801406250004 0.15520024062499999 0.2923187265625 0.1825091140625 0.181180203125 0.2206018984375 0.22862011249999997 0.25648459218749997 0.31048381406250003 0.2300619203125 0.359030575 0.2046086765625
3 0.5486923609375001 0.345738225 0.783973259375 0.5444400578125 0.7985472265625 0.5259854890625 0.584005903125 0.3495188421875 0.618947953125 0.3220573859375 0.6577654828124999 0.3233319765625 0.87843420625 0.47317559062500003 0.89797063125 0.44375832187500003 0.672506090625 0.2868420515625 0.648653896875 0.27671777343750004 0.6151703140625 0.2957225546875 0.60051838125 0.29013871406249997 0.55682706875 0.2577530515625 0.567563765625 0.2778752203125 0.5804927453125 0.3075498765625 0.5486923609375001 0.345738225
5 0.9378248770329378 0.5757699796790429 0.025746757908665076 0.038204693652651577
5 0.10493153361182794 0.1565107612827711 0.022607170456235514 0.018605247492717504