6 0.7735804636182992 0.8424699091618912 0.027162565254479177 0.02686358893530496
2 0.720437933033091 0.8730858977931846 0.026308580072118205 0.023706755437207506
2 0.8079366266123269 0.8095274165762649 0.020876197663298603 0.025046420950527094
2 0.7876046363959728 0.7407946626219323 0.026308580072118025 0.023706755437207506
2 0.775248800339931 0.6794114936485715 0.026363131458888845 0.026050505437207504
5 0.6018742373665626 0.17204070954245193 0.022329594889756877 0.02042258794672147
5 0.6241505872903128 0.25724338049297907 0.025400043502986237 0.018206171939110227
5 0.7137287656706602 0.6183665642950874 0.027144381458888846 0.026082338935304605
5 0.7378221887326741 0.7145704022418089 0.02705346248093754 0.022176088935304605
2 0.6373389586812154 0.15319255045492294 0.015389263867708359 0.024042336463846726
2 0.6680278738594446 0.264494806386422 0.02634494766329869 0.025269255437207504
2 0.6763683571419448 0.32103130786929673 0.01922277868534721 0.021076503954332713
2 0.7597134128971186 0.6155572406828219 0.021675631458888844 0.025859504448624372
2 0.4704561168286812 0.8636804284020819 0.019150043502986235 0.017951503954332537
2 0.4353907858066327 0.8661541709877081 0.019931293502986235 0.01798333745242999
2 0.3638430941272577 0.8772879891627661 0.02222049211621524 0.015735087946721647
2 0.42197832997520895 0.658772752508639 0.017696646276527873 0.022575336958138337
2 0.4025561827487505 0.6626644150562091 0.01689721248093754 0.021762253460041237
2 0.3234687480032298 0.6851986482502952 0.015243793502986058 0.017792336463846682
2 0.3851290273541671 0.48399824558855686 0.019894925911805573 0.016420837452429993
2 0.37052166669684067 0.49354965912471005 0.01924096248093754 0.021857753954332714
2 0.2885274374984032 0.5253315583264073 0.012191528685347208 0.020790002471457923
2 0.2665582524685419 0.3527243878701718 0.019186411094166723 0.019514003954332716
2 0.3226075775066669 0.31286073323126706 0.016679006933854178 0.012387253460041148
2 0.3511683353904516 0.2991948226608633 0.016006859707395904 0.01704291996194396
5 0.3964094066288545 0.3650399985543063 0.02073072729857639 0.018796420950527092
2 0.22006837822784764 0.535030210493854 0.020040396276527872 0.022670837452429992
2 0.1559519800514588 0.5636380301517868 0.019222778685347254 0.021076503954332713
2 0.1381468842117713 0.5699371096955513 0.017696646276527783 0.022575336958138337
2 0.12860496399954893 0.394714275208871 0.013663109707395815 0.016947419467652304
2 0.17869522976711835 0.3670959525851886 0.016806293502986146 0.01785600346004106
2 0.10556750750253505 0.41094677026595505 0.018423344889756964 0.020263420456235436
2 0.06169087414378509 0.4372572608744149 0.02630858007211807 0.023706755437207506
2 0.08164296428388937 0.5902695143344561 0.013045513867708358 0.023946835969555026
3 0.451687434375 0.62309409375 0.3219207328125 0.661762121875 0.329403234375 0.671353409375 0.4562490515625 0.6319472703125 0.451687434375 0.62309409375
3 0.2228215609375 0.6769160296875001 0.12265858437499999 0.70874210625 0.1272923171875 0.7206936875000001 0.2369589859375 0.6917312296875 0.263641825 0.6841511671875 0.2597924015625 0.6747079171875 0.2228215609375 0.6769160296875001
4 0.312972515625 0.558008946875 0.30771313125 0.550365525 0.2649816078125 0.585769940625 0.226955934375 0.6362243421875 0.1918854453125 0.6577017781250001 0.20002244687499998 0.6642242671874999 0.244409125 0.6375545984375 0.27823376093749996 0.5937390421875001 0.312972515625 0.558008946875
3 0.42909763593749994 0.49464043125 0.42739921093750005 0.4840466421875 0.2956978578125 0.5331604249999999 0.3011303234375 0.548240015625 0.42909763593749994 0.49464043125
3 0.1572531078125 0.6668152015625 0.1760152953125 0.6620078640625 0.178590021875 0.64787363125 0.1942726703125 0.63551169375 0.2123515140625 0.6325337921874999 0.233134890625 0.6209987859375 0.2587016890625 0.59665773125 0.2519313796875 0.586476371875 0.2412340765625 0.5947077953125001 0.22286131406249998 0.6162465171875 0.20328597187500003 0.6173061625 0.1876610171875 0.6321468234375 0.1631436 0.6391960265625001 0.156935796875 0.6531822218750001 0.1572531078125 0.6668152015625
3 0.45121498437499996 0.6651731796875 0.3271458203125 0.6991206203125 0.3627082765625 0.854723884375 0.493677559375 0.8365349328124999 0.4914977125 0.8364461109375 0.45121498437499996 0.6651731796875
3 0.27027845 0.8757213859374999 0.2496431796875 0.7064872140625 0.11044490468749998 0.7453900296875 0.134834090625 0.888775246875 0.27027845 0.8757213859374999
2 0.24719718873267418 0.6945789654367699 0.02614492591180557 0.016675505437207506
2 0.17899270260038253 0.7152151176042167 0.01604322729857639 0.01860541996194378
2 0.16109668778274364 0.7176079471479813 0.016860844889756966 0.020199753460041058
2 0.1061007164680909 0.7356602687830803 0.019131859707395858 0.017170253954332713
2 0.13493749733763966 0.9015226907221905 0.018314242116215285 0.015575920456235792
2 0.1879170269729174 0.8974373685927999 0.015915940729444467 0.013136669961943782
2 0.21124542419937575 0.8937048735357159 0.015952308320624997 0.014699169961944137
2 0.27189198346993126 0.8836878863872972 0.019204594889756964 0.020295253954332536
1 0.5682545796875 0.36039558125000004 0.5065160328125 0.14057821718750002 0.3705504984375 0.224806559375 0.42884892499999994 0.42157730156250006 0.5682545796875 0.36039558125000004
1 0.6822225265624999 0.828121128125 0.6108847796875 0.5701479421875 0.4557586609375 0.6108781203125 0.515037865625 0.8497871625 0.6822225265624999 0.828121128125
1 0.4338107552214243 0.8988711704934165 0.03401197729857639 0.01933759041817922
1 0.5025789390170147 0.9024537683259698 0.024618793502986236 0.018174338441013304
1 0.34200511492882024 0.9115210677179475 0.0324131097073959 0.017711423421985017