1 0.6680493000000001 0.45398306718750003 0.534439440625 0.16904551875 0.4089623546875 0.2675101765625 0.5158502421875 0.531534878125 0.6680493000000001 0.45398306718750003
1 0.202157528125 0.42784200781250004 0.257925121875 0.633485009375 0.3485474609375 0.5968875265625 0.28580891875000003 0.37207441406249997 0.202157528125 0.42784200781250004
1 0.4821573203125 0.582074259375 0.6157671812500001 0.9541486734375001 0.8295429562500001 0.918422559375 0.6506219265625 0.525435296875 0.4821573203125 0.582074259375
1 0.225394025 0.6962235531250001 0.2916180421875 0.9593768859375 0.3996677546875 0.9602482531250001 0.3148545390625 0.6552692265625 0.225394025 0.6962235531250001
2 0.4578125 0.59453125 0.02578125 0.01328125
2 0.51328125 0.74140625 0.028125 0.02109375
2 0.521875 0.775 0.0265625 0.0203125
2 0.58984375 0.94921875 0.02578125 0.0234375
2 0.85078125 0.91484375 0.03125 0.028125
2 0.77109375 0.73515625 0.03125 0.02109375
2 0.734375 0.66640625 0.03046875 0.02109375
2 0.67421875 0.5234375 0.03515625 0.01796875
2 0.684375 0.43359375 0.03515625 0.01796875
5 0.73125 0.46328125 0.040625 0.0171875
2 0.628125 0.3171875 0.0359375 0.0171875
2 0.6046875 0.26953125 0.03359375 0.01953125
2 0.5546875 0.16640625 0.0265625 0.015625
2 0.39296875 0.28203125 0.0328125 0.0203125
2 0.4375 0.39609375 0.0265625 0.01640625
2 0.44765625 0.41484375 0.0328125 0.01640625
2 0.4921875 0.540625 0.02890625 0.02578125
2 0.32734375 0.64765625 0.03046875 0.01640625
2 0.36640625 0.7828125 0.01953125 0.0203125
2 0.375 0.80703125 0.03125 0.0234375
2 0.4203125 0.959375 0.03125 0.01953125
2 0.28203125 0.959375 0.01875 0.015625
2 0.25703125 0.85 0.01875 0.01640625
2 0.23828125 0.80546875 0.02109375 0.02265625
2 0.2140625 0.7046875 0.02421875 0.02265625
2 0.24765625 0.63515625 0.01875 0.02421875
2 0.23203125 0.5578125 0.021875 0.01328125
2 0.21875 0.52265625 0.03125 0.0171875
2 0.19453125 0.44453125 0.0265625 0.0203125
2 0.28828125 0.36875 0.03515625 0.0171875
3 0.5623232375 0.9097088718749999 0.4531117 0.6143149 0.3659748328125 0.644812803125 0.3462238109375 0.6535264890625 0.42522790156249995 0.9210366656250001 0.45892082343749996 0.914065715625 0.3775930828125 0.6718252296875 0.45194987343750004 0.642198696875 0.5472195125 0.912322978125 0.5623232375 0.9097088718749999
3 0.444978925 0.535020353125 0.415933303125 0.5437340390625 0.39734410625 0.5611614125 0.41825695312500005 0.5759746781249999 0.420580603125 0.5620327796875 0.45543534843750005 0.5524477250000001 0.4798336703125 0.54809088125 0.3938586296875 0.33373419375 0.3810785578125 0.3424478796875 0.4531117 0.533277615625 0.444978925 0.535020353125
4 0.417095128125 0.6212858484375 0.419418778125 0.6090866875 0.3752694328125 0.5637755171875 0.363651184375 0.5419913015625 0.356680234375 0.5637755171875 0.4043150546875 0.6230285859375 0.417095128125 0.6212858484375
1 0.2567632953125 0.00968961875 0.0441493453125 0.25792512031250003 0.073194965625 0.3825308375 0.4008295796875 0.06796675468749999 0.367136659375 0.0026141046875 0.2567632953125 0.00968961875
5 0.375 0.1484375 0.03359375 0.01953125
5 0.32734375 0.19453125 0.0265625 0.02109375
5 0.278125 0.240625 0.040625 0.0140625
5 0.234375 0.27734375 0.0265625 0.02109375
5 0.20078125 0.31640625 0.02421875 0.0203125
5 0.16640625 0.346875 0.040625 0.0171875
5 0.1328125 0.3765625 0.028125 0.02578125
4 0.4844809703125 0.138547615625 0.468215421875 0.14551856406250002 0.4345225015625 0.17253099375 0.419418778125 0.18647289218750002 0.3938586296875 0.2099998453125 0.37410760781249996 0.2256844796875 0.3531947609375 0.2396263796875 0.3415765125 0.2535682765625 0.3346055625 0.26315333281250003 0.3195018390625 0.274481125 0.298588990625 0.28493754843749997 0.28116161875 0.29975081718749996 0.27186701874999997 0.310207240625 0.250954171875 0.32327776875 0.23352679843750002 0.3363483 0.2288794984375 0.3468047234375 0.20331935156249997 0.364232096875 0.18821562812499998 0.3807881 0.16614095625 0.38863041875 0.15684635625 0.39560136875 0.1754355546875 0.413900109375 0.187053803125 0.41477147812500004 0.20912847656250003 0.413028740625 0.2288794984375 0.4034436859375 0.23817409843749998 0.39211589375 0.2637342453125 0.3685889390625 0.2846470921875 0.352904303125 0.303236290625 0.33721966875 0.302074465625 0.3537756734375 0.31020723906250003 0.3790453640625 0.31020723906250003 0.38950178750000003 0.32414913749999996 0.38688768125 0.3415765125 0.3746885203125 0.3404146859375 0.364232096875 0.33925286250000003 0.34506198593750004 0.33925286250000003 0.3276346125 0.33925286250000003 0.3093358703125 0.352032934375 0.2884230234375 0.3810785578125 0.2675101765625 0.413609653125 0.243983221875 0.45892082343749996 0.20912847656250003 0.519335715625 0.1542322515625 0.5460576890625 0.138547615625 0.5704560109375 0.1280911921875 0.5367630906249999 0.10979245 0.5158502421875 0.11066381875 0.49145191875 0.1167634 0.4844809703125 0.138547615625