1 0.6320882578125 0.7681513265625 0.5822717796875 0.5084167421875 0.4219170421875 0.5700392078125 0.460376553125 0.8026353328125 0.6320882578125 0.7681513265625
1 0.5489007328125 0.30628582656250003 0.5149224734375 0.07120617500000001 0.5078783453125 0.0715753421875 0.35558345 0.1792480140625 0.395998625 0.3810097640625 0.5489007328125 0.30628582656250003
1 0.3665773765625 0.267119709375 0.238277271875 0.342053425 0.257252371875 0.47822812499999995 0.3984717640625 0.41086247656249997 0.3665773765625 0.267119709375
1 0.18693113125 0.503650690625 0.1628040515625 0.3639982046875 0.0379211171875 0.441751065625 0.04918135625 0.57233361875 0.18693113125 0.503650690625
1 0.22399382499999998 0.8517519765625 0.208735421875 0.6846506078125 0.06710753124999999 0.7385456171875 0.08131292812499999 0.8854641000000001 0.22399382499999998 0.8517519765625
1 0.2884014390625 0.668482559375 0.3149492125 0.839489625 0.444579709375 0.80196409375 0.4251285109375 0.6290859953125 0.4006576234375 0.625121553125 0.2884014390625 0.668482559375
5 0.5909101982785687 0.11719755031799965 0.022638891832631992 0.0230214201718165
5 0.6082216946503716 0.20207051730131287 0.02635416887447395 0.01775738805964091
5 0.5766691382044349 0.03372330902442693 0.020967264427970277 0.019814533016686776
5 0.6231894741392844 0.04142294437053438 0.028697918874473947 0.017880218792335523
5 0.6802925797747637 0.5499923609243063 0.029779269237293703 0.0265149123699004
5 0.7002380028255889 0.64876405359736 0.03061508293962447 0.02811835594746519
5 0.7367037816815294 0.6094215926069406 0.02420139183263199 0.023103307326946165
2 0.7509274835882952 0.6710617774780783 0.02897073738612832 0.02569271879233561
5 0.6307093082600354 0.09405662143975586 0.023365578130301046 0.02149986374938142
2 0.3577950755984124 0.4507005263464244 0.014526291469812236 0.014018234396167627
2 0.3395535070867581 0.4594547286304166 0.012291668874473949 0.017020403663473082
2 0.2610093556354793 0.4978831428093393 0.012881945916315996 0.01159259724103805
2 0.1870807823145016 0.5157943391004377 0.014553573320977708 0.014799484396167628
2 0.12276282197021533 0.5487982688831925 0.012291668874473994 0.01702040366347326
2 0.10616559901205733 0.555126834012055 0.00983879146981228 0.013772572930778538
2 0.38463285019318366 0.6200746460886997 0.015334823320977709 0.014840427973732773
2 0.36566459538386026 0.6273072919502567 0.016170637023308565 0.016443871551297562
2 0.28348701244423574 0.6581279240170037 0.012264387023308565 0.01623915366347326
2 0.422824787039007 0.821606168589937 0.01681547776748147 0.012578565128862351
2 0.3866417503785181 0.8305208231579211 0.01996775961864685 0.013523589439121863
2 0.31282230446220216 0.8453070194490195 0.015225695916315996 0.011715427973732772
2 0.22170623114122448 0.864118974446545 0.018377977767481467 0.01266045228399193
2 0.1604140670760739 0.8774688234966053 0.016006945916315997 0.011756371551297207
2 0.13530493967141216 0.8819040179786815 0.013799605172143136 0.01553979081860284
2 0.08260652560626161 0.8948034876755282 0.012936509618646851 0.01315509724103805
2 0.2072965346767543 0.6738182010407967 0.017061014427970277 0.01960981512886235
2 0.13780992469528774 0.6985149858665058 0.014389882213985138 0.010111984396167806
2 0.12590020173712974 0.7045978895299789 0.009893355172143136 0.015335072930778538
2 0.06349940545799404 0.7273636821576042 0.014553573320977708 0.014799484396167805
2 0.6728247870390069 0.8085042237691766 0.023120041469812235 0.014468613749381376
2 0.7635068399415647 0.7351275995043456 0.032467759618646855 0.014178686680159914
5 0.7254785610856241 0.7745519476498947 0.027080855172143183 0.016235831637205676
5 0.7732985021926166 0.7673668894184373 0.02169395072563951 0.01829297659425162
2 0.15773556661273774 0.351230550090857 0.016034227767481424 0.012537621551297562
2 0.10742554256612062 0.38505999547744424 0.012963791469812237 0.013936347241038049
2 0.08425093739397749 0.4010911092268256 0.01687004146981228 0.014141065128862351
2 0.03720232260318751 0.43085053030315323 0.022311509618646853 0.013646420171816586
2 0.0496874205189365 0.5869400780191611 0.012291668874473994 0.01702040366347326
2 0.6534796309480407 0.20125828980255012 0.02083085517214318 0.015908283016686807
2 0.6624528376641299 0.2569350797166418 0.017033732576804895 0.01882856512886235
2 0.24201136289187342 0.32731833729141535 0.018405259618646853 0.013441702283992107
2 0.30743795545014485 0.2848984639310955 0.020912700725639423 0.01825203301668683
2 0.336862560622288 0.2685398015611951 0.01541666887447395 0.017184177973732596
5 0.28656733930859246 0.8825547139310956 0.026971727767481468 0.013110831637205677
5 0.17061495709460733 0.8979893634106972 0.03176835517214309 0.016481493102595123
4 0.1624944359375 0.6330511578125 0.1645418875 0.6465485156249999 0.19990521249999998 0.6196339859375 0.23401211875 0.5806127125 0.254360253125 0.5509049234375001 0.27593975312499996 0.534021225 0.2897736796875 0.5225556984375 0.27817313125 0.5181514140625 0.24961404375 0.54256124375 0.22681765468749998 0.5702492375 0.20636931875000003 0.6028264171875 0.18483992031250002 0.6182754218750001 0.1624944359375 0.6330511578125
3 0.41400457812499997 0.5955248890625 0.41272311406249995 0.5841354921875 0.28512489375 0.6316366109375 0.2846990375 0.6438315203125 0.41400457812499997 0.5955248890625
3 0.242201921875 0.6346021421875 0.23494678125 0.6500190984375 0.21792366406250002 0.6566395218750001 0.20362435781250002 0.657388915625 0.18091369531249998 0.65857913125 0.1348911609375 0.678175903125 0.0812984046875 0.6981694140625 0.0825297703125 0.71099350625 0.12085683124999999 0.695380209375 0.17358340156250002 0.676148128125 0.19995921249999998 0.6661734140625 0.240458975 0.6604707390625 0.2451406109375 0.6466207234375 0.242201921875 0.6346021421875
3 0.1181146484375 0.629648725 0.1183545765625 0.6468209859375 0.132829234375 0.6410501578125001 0.140574809375 0.6356319859374999 0.1408002625 0.6291758578125 0.151985528125 0.621429315625 0.171632253125 0.6118072578125 0.19043784218749998 0.60222928125 0.20687032656249998 0.5884794671875 0.218946828125 0.579254146875 0.21766536250000001 0.56786475 0.1995506078125 0.5817027296874999 0.1667858421875 0.60633296875 0.1439248765625 0.6118272703125001 0.13256425624999998 0.624595246875 0.11643237656250001 0.6297368890625 0.1181146484375 0.629648725
3 0.4044898859375 0.45926089687499994 0.399969128125 0.44446109062500005 0.26343349531250004 0.5074673296875 0.26632208125 0.5209206046875 0.4044898859375 0.45926089687499994
3 0.06996759531249999 0.6001616703125 0.17686629375000001 0.54557959375 0.229881603125 0.5435664890624999 0.23946081718749998 0.5262276734375 0.2068819640625 0.534057528125 0.17898561875000002 0.536284821875 0.0657134703125 0.5934968421875 0.06996759531249999 0.6001616703125