6 0.2453125 0.18828125 0.0265625 0.02578125
2 0.29921875 0.15546875 0.02578125 0.02265625
2 0.21015625 0.22265625 0.0203125 0.02421875
2 0.22890625 0.290625 0.02578125 0.02265625
2 0.23984375 0.3515625 0.02578125 0.025
5 0.4015625 0.85234375 0.021875 0.01953125
5 0.38125 0.76796875 0.025 0.0171875
5 0.3 0.41015625 0.0265625 0.025
5 0.278125 0.31484375 0.0265625 0.02109375
2 0.365625 0.87265625 0.01484375 0.0234375
2 0.3375 0.7625 0.02578125 0.02421875
2 0.33046875 0.70625 0.01875 0.0203125
2 0.25390625 0.41484375 0.02109375 0.025
2 0.54921875 0.1546875 0.01875 0.0171875
2 0.584375 0.15078125 0.01953125 0.0171875
2 0.65625 0.13671875 0.021875 0.01484375
2 0.59296875 0.3578125 0.0171875 0.021875
2 0.6125 0.353125 0.01640625 0.02109375
2 0.6921875 0.32734375 0.01484375 0.0171875
2 0.62578125 0.53125 0.01953125 0.015625
2 0.640625 0.52109375 0.01875 0.02109375
2 0.7234375 0.4859375 0.01171875 0.0203125
2 0.74140625 0.6578125 0.01875 0.01875
2 0.684375 0.7 0.01640625 0.01171875
2 0.65546875 0.71484375 0.015625 0.01640625
5 0.61171875 0.65078125 0.0203125 0.01796875
2 0.7921875 0.4734375 0.01953125 0.021875
2 0.85703125 0.4421875 0.01875 0.0203125
2 0.875 0.43515625 0.0171875 0.021875
2 0.88046875 0.61015625 0.01328125 0.01640625
2 0.8296875 0.63984375 0.01640625 0.0171875
2 0.90390625 0.59296875 0.01796875 0.01953125
2 0.9484375 0.56484375 0.02578125 0.02265625
2 0.93203125 0.4125 0.0125 0.0234375
3 0.562400225 0.39473673125 0.693190975 0.3507393875 0.685924821875 0.3414441734375 0.5580405328125 0.38606119843750003 0.562400225 0.39473673125
3 0.8893770999999999 0.28381385 0.7789315765625 0.31727661875 0.7520468124999999 0.3259521515625 0.7556798875 0.3352473640625 0.7927372671875 0.3315292796875 0.8937367921874999 0.29558778750000003 0.8893770999999999 0.28381385
4 0.823255109375 0.349500025 0.8152623406249999 0.343303215625 0.77021219375 0.3718085375 0.7353346609375 0.41704524374999996 0.6997305125 0.454226096875 0.70481681875 0.4616622671875 0.7484137359374999 0.42448141406250006 0.7876509609375 0.37242821875 0.823255109375 0.349500025
3 0.5820188374999999 0.5223909953125 0.5834720671875 0.5329255703125 0.7164426640625 0.4783936515625 0.71135635625 0.4635213109375 0.5820188374999999 0.5223909953125
3 0.8109026500000001 0.39039896406249996 0.8268881859375 0.3749069421875 0.8515931046875 0.366851090625 0.8581326421875 0.3525984296875 0.8581326421875 0.33896545 0.8392406453125 0.344542578125 0.836334184375 0.3587952390625 0.8203486484375 0.3718085375 0.802183265625 0.375526621875 0.7811114234375001 0.387920240625 0.7549532734375 0.4133271578125 0.7614928109375 0.4232420515625 0.7723920390625 0.41456651874999995 0.7912840375 0.39225800624999996 0.8109026500000001 0.39039896406249996
3 0.6888312828125 0.3135585328125 0.6568602109375 0.15925799062499998 0.5253428453125 0.1828058640625 0.5275226921875 0.1828058640625 0.5638534546875 0.3525984296875 0.6888312828125 0.3135585328125
3 0.7498669671875 0.1344707546875 0.7665791171875 0.3030239578125 0.906815865625 0.2584069328125 0.8857440234375 0.115880328125 0.7498669671875 0.1344707546875
2 0.76875 0.31484375 0.02578125 0.015625
2 0.8375 0.29140625 0.015625 0.01796875
2 0.85546875 0.28828125 0.01640625 0.01953125
2 0.9109375 0.26796875 0.01875 0.01640625
2 0.8859375 0.103125 0.01796875 0.01484375
2 0.8328125 0.109375 0.015625 0.0125
2 0.809375 0.1140625 0.015625 0.0140625
2 0.7484375 0.1265625 0.01875 0.01953125
1 0.4396022421875 0.662438878125 0.49627823437499996 0.8799468718749999 0.6343351375 0.7900931421874999 0.58056560625 0.5955133406249999 0.4396022421875 0.662438878125
1 0.3364228734375 0.1989175671875 0.4018182484375 0.454226096875 0.5580405328125 0.4071303484375 0.5042710031250001 0.170412246875 0.3364228734375 0.1989175671875
1 0.58671875 0.11796875 0.03359375 0.01796875
1 0.51796875 0.1171875 0.02421875 0.0171875
1 0.67890625 0.1015625 0.03203125 0.01640625