2 0.7942378025241326 0.8155416789381611 0.02229322729857639 0.018605247492717324
2 0.6661303331093409 0.7790238542484127 0.020676175911805574 0.016216033386094963
2 0.6017587085843061 0.7638785758768828 0.02314721248093754 0.02175297954602886
2 0.481372820191563 0.7236818217202476 0.012100609707395904 0.01674723079967002
2 0.30778919661645887 0.6788142879384413 0.018405161094166723 0.01927283722616089
2 0.25361018968260474 0.6655270262599589 0.01909549211621524 0.015389319279472246
2 0.1955613003399311 0.6536886043149197 0.022275043502986147 0.01782399749271768
2 0.13743967581489636 0.6387251823698804 0.022275043502986147 0.01782399749271768
5 0.703629679898959 0.7465439748606684 0.025454594889756876 0.020258675705962757
5 0.60226654844007 0.7186115399835055 0.02945176386770836 0.02427858597251955
5 0.24646918369868107 0.6270639198334681 0.02107621941479172 0.03340353338609496
5 0.16084015501333385 0.604273626022532 0.01927733007211807 0.023201819279472246
5 0.8410084 0.5189894734375 0.6061310890625 0.46928675468750003 0.559268625 0.6156663796874999 0.816168171875 0.68591310625 0.8410084 0.5189894734375
5 0.5835685109375001 0.088937928125 0.44330026250000004 0.0649533125 0.3710599546875 0.18686374687500001 0.5181107468749999 0.22176283593749999 0.5835685109375001 0.088937928125
5 0.44452955781250003 0.42630919531250006 0.5035078828125 0.29559228125 0.3598483625 0.266150428125 0.29790027812500003 0.38147075625000004 0.44452955781250003 0.42630919531250006
2 0.734122386492882 0.11114368395272611 0.018532447663298514 0.024741587226160842
2 0.7159731049577431 0.1699503826199426 0.018277874525034755 0.013804087226160843
2 0.7100504132783682 0.18383102619345187 0.015189242116215241 0.015275659012915454
2 0.6897937710859029 0.2527257787007343 0.016860844889756876 0.02000862311953817
2 0.88165461597566 0.2778263817620128 0.017642094889756876 0.02003135517284953
2 0.8889391326931598 0.22182643434843752 0.020803462480937184 0.021684783386094874
2 0.43332229948690976 0.06803957548117133 0.02002221248093754 0.021662051332783518
2 0.40619740824437506 0.11018997156196306 0.016860844889757053 0.02000862311953817
2 0.3942065545209029 0.1317012587089816 0.01987674211621533 0.015412051332783516
2 0.3642112364166321 0.18469822657652799 0.016079594889756875 0.019985891066226814
2 0.5198274164125003 0.29618495902555075 0.016079594889756875 0.019985891066226814
2 0.34657110115802103 0.2653799252437445 0.019131859707395903 0.016951819279472157
2 0.31052580480524333 0.32678878668480016 0.01851426386770836 0.0239603372261608
2 0.2917400904244447 0.3582517353520166 0.014444359707395904 0.016815426959604095
2 0.47591572188333364 0.3885937678801817 0.020785278685347207 0.020903533386094787
2 0.4840548769935767 0.3693125704666064 0.01845971248093754 0.021616587226160888
2 0.6798206654625697 0.32738479790106423 0.018441528685347208 0.020835337226160888
2 0.6566754126127781 0.4063448721951014 0.02223867591180557 0.016261497492717637
2 0.6508981912981253 0.4264755157686106 0.023837543502986235 0.01786946159934022
2 0.8558227338511809 0.47615858168287045 0.018423344889756877 0.020054087226160887
2 0.8604368454584378 0.43959895605604987 0.01767846248093754 0.02159385517284953
2 0.8720815538553129 0.3696729009623427 0.018405161094166546 0.01927283722616089
1 0.8334655890624999 0.5034598265625 0.8575341171875 0.35947900312500003 0.6942936390625001 0.3302329109375 0.6609363734375 0.467819390625 0.74034140625 0.48544001562499994 0.7584731421875001 0.47907801718750004 0.7676014125 0.4785781125 0.7750729078124999 0.4910436515625 0.8334655890624999 0.5034598265625
1 0.86742129375 0.27938827499999996 0.887623553125 0.13759148125 0.7434177171874999 0.1127267828125 0.7016211328125 0.25236423124999996 0.86742129375 0.27938827499999996
3 0.562445515625 0.219225303125 0.6081860859375 0.10879194375000001 0.596337665625 0.104619646875 0.551778875 0.20972883125 0.547901175 0.239470840625 0.5464583515625 0.26162861249999997 0.5447837437499999 0.273828025 0.5609199421875 0.2658769453125 0.562445515625 0.219225303125
3 0.7085678093750001 0.1300849640625 0.67191985 0.23848636406249998 0.6682561046875 0.277420703125 0.6546617593749999 0.282383709375 0.6548578843749999 0.2908100125 0.68164289375 0.2915893765625 0.679362084375 0.2777438546875 0.6811372687499999 0.24181659843749997 0.689113021875 0.219848915625 0.714554421875 0.1348522078125 0.7085678093750001 0.1300849640625
3 0.6550604078125 0.3275603234375 0.6148492812499999 0.4511682203125 0.6255337515625 0.46143071874999997 0.63463779375 0.4318407796875 0.6408433953125 0.389918365625 0.6484511265624999 0.38018811406249997 0.6662911921875 0.33324566718750004 0.6550604078125 0.3275603234375
3 0.53039986875 0.30096781093749997 0.4714750328125 0.43398280624999996 0.48535465 0.441276240625 0.541066509375 0.3104642828125 0.53039986875 0.30096781093749997
4 0.65068715 0.1957655765625 0.6383522984375001 0.22679252499999997 0.606982809375 0.2534380796875 0.5702265093750001 0.273037315625 0.5549575578125 0.29019973593750004 0.5364578 0.308799165625 0.547742075 0.3167825921875 0.5646207140625 0.3126806578125 0.5745741734375 0.29153603125 0.59254544375 0.278279784375 0.62015564375 0.258414421875 0.641993184375 0.24297414687500002 0.6544706687499999 0.21807541718749998 0.65068715 0.1957655765625
4 0.5976049234375 0.24321359843749998 0.5810115578125 0.259571971875 0.5838030234375 0.2673082828125 0.5960551234375 0.2607752046875 0.612137834375 0.250526040625 0.6203453703124999 0.2385167171875 0.6312017359375 0.22811548125 0.6353112203125 0.2083318296875 0.639563340625 0.194676396875 0.6556103906249999 0.1828951796875 0.659684215625 0.1615794703125 0.6368011328125001 0.1601481328125 0.6169477015625 0.2047354703125 0.61274906875 0.2206889859375 0.5976049234375 0.24321359843749998
1 0.3512654703125 0.5705731609375 0.417637571875 0.42093366718749997 0.2049543890625 0.3711112203125 0.11368583750000001 0.51696426875 0.3512654703125 0.5705731609375
2 0.8623864308488894 0.7246188137361818 0.018405161094166546 0.01927283722616089
5 0.8901425292540281 0.4412440240818808 0.024019381458888843 0.02568196159934022
5 0.9058564886008336 0.34489186130804167 0.015352896276527871 0.022306909012915453
5 0.9138306831300003 0.25143737800108906 0.013790396276527872 0.022261444906292737
5 0.9131942502843404 0.22409362800108906 0.010483558320624909 0.014358016693047482
2 0.9027093855429514 0.14259357541466433 0.012100609707395904 0.01674723079967011
2 0.8937532660519099 0.1938605587216169 0.01675174211621524 0.015321123119538172
2 0.5313812058314238 0.22235265393184353 0.013608558320624908 0.014448944906292827
2 0.5587236494106598 0.15600623990436313 0.015134690729444423 0.012931909012915455
2 0.564664524885625 0.14290684633085388 0.014371624525034576 0.013690426959604141
2 0.5906808578075348 0.08667121819675079 0.015225609707395903 0.016838159012915455
2 0.7266866266123271 0.7979617223533859 0.022547800436840328 0.029542747492717326
5 0.8308286127446187 0.7775703174971056 0.030396668028021167 0.03133256802583091
2 0.833716570191563 0.7339339777636622 0.024110300436840502 0.02958821159934022
2 0.5553895888089241 0.6165345629447591 0.008830139342673604 0.010406302586424766
5 0.7631267407850351 0.48517221733882093 0.032740418028020815 0.031400764185764984
5 0.3528418977951392 0.4006271034569899 0.02654496941479172 0.03356265775927416
5 0.07753669253239633 0.58077027837153 0.022511432845659752 0.02798024749271768
5 0.08638566888104218 0.6255288489046433 0.022638719414791696 0.03344899749271768
5 0.5539180077868755 0.6203953488381363 0.006540940729444422 0.01268185642649069