2 0.54609375 0.20703125 0.0328125 0.03359375
2 0.4296875 0.37265625 0.0203125 0.03125
2 0.38984375 0.428125 0.01953125 0.03125
2 0.31484375 0.53828125 0.01875 0.03125
2 0.6125 0.55390625 0.021875 0.03671875
2 0.63828125 0.528125 0.021875 0.0375
2 0.7890625 0.3875 0.02265625 0.03671875
2 0.27890625 0.540625 0.025 0.025
2 0.23203125 0.61484375 0.025 0.0265625
2 0.2125 0.64609375 0.0234375 0.0328125
2 0.1734375 0.69921875 0.025 0.0265625
2 0.3890625 0.7046875 0.01328125 0.0234375
2 0.40390625 0.6890625 0.01796875 0.028125
2 0.5078125 0.65078125 0.02265625 0.03125
2 0.75859375 0.646875 0.0140625 0.01953125
2 0.78046875 0.63046875 0.01875 0.028125
2 0.9359375 0.53046875 0.01484375 0.03515625
2 0.86875 0.7265625 0.01640625 0.02421875
2 0.77890625 0.778125 0.01796875 0.0203125
2 0.9140625 0.70078125 0.025 0.021875
2 0.64921875 0.72109375 0.0171875 0.02421875
2 0.565625 0.846875 0.01640625 0.0171875
2 0.3359375 0.7609375 0.0234375 0.02734375
1 0.49345091874999997 0.648329675 0.7617873671875001 0.3625843734375 0.5825962484375 0.18489401875 0.191797528125 0.7023571468750001 0.31606071562500004 0.7635882828125 0.43672207187499995 0.6195150218750001 0.49345091874999997 0.648329675
1 0.5537815968750001 0.8464304078125 0.687949821875 0.7563846203125 0.7590859937500001 0.777995609375 0.9950059578125 0.6447278421875 0.950883521875 0.5450771703124999 0.6636374578125 0.7299711890625 0.61771410625 0.699955925 0.47003901406250004 0.8164151453124999 0.5537815968750001 0.8464304078125
1 0.53127015 0.9544853546875001 0.14047142968749998 0.853634071875 0.1026521984375 0.9136645968750001 0.47634221875 0.989303059375 0.53127015 0.9544853546875001
4 0.1719874546875 0.774393778125 0.284544690625 0.80921148125 0.35658132187499997 0.834424303125 0.40070375625 0.8548346812500001 0.457432603125 0.87044261875 0.5096591609375001 0.8932542171875 0.5618857171875 0.898056659375 0.5672884640625 0.865640175 0.545677475 0.8476310187499999 0.5078582453125 0.8320230828125 0.4457266515625 0.8164151453124999 0.4304188671875 0.8080108718749999 0.3925996359375 0.7791962203125 0.350278115625 0.785199271875 0.3007529328125 0.7611870625 0.2179108078125 0.7371748515625 0.1719874546875 0.774393778125
3 0.545677475 0.72636935625 0.5879989953125 0.6927522625 0.602406321875 0.6867492109375 0.636623721875 0.7047583687500001 0.6600356265625 0.6939528734375 0.8788468921874999 0.5306698453124999 0.8581363609375 0.5018551921875 0.643827384375 0.657934559375 0.605107696875 0.660335778125 0.56908938125 0.6339223484375001 0.77619469375 0.45142955156250003 0.760886909375 0.43342039374999997 0.5339715234375 0.638724790625 0.5672884640625 0.675943715625 0.5555825125 0.7059589796875 0.545677475 0.72636935625
5 0.91328125 0.39765625 0.02421875 0.0375
5 0.0984375 0.840625 0.021875 0.01796875