2 0.6703125 0.3625 0.028125 0.02890625
2 0.9359375 0.37734375 0.034375 0.04609375
2 0.8734375 0.50234375 0.034375 0.04453125
2 0.8546875 0.54765625 0.03046875 0.02890625
2 0.8125 0.6296875 0.03515625 0.02890625
2 0.3953125 0.3390625 0.02109375 0.0640625
2 0.12421875 0.3390625 0.03984375 0.09453125
2 0.16640625 0.47890625 0.034375 0.06953125
2 0.63671875 0.52109375 0.02578125 0.07109375
2 0.40859375 0.5359375 0.02734375 0.0390625
2 0.42421875 0.63984375 0.03359375 0.0390625
2 0.43515625 0.69296875 0.03671875 0.03046875
2 0.434375 0.7484375 0.028125 0.03359375
2 0.2140625 0.62890625 0.02109375 0.0390625
2 0.178125 0.546875 0.034375 0.021875
2 0.6125 0.63515625 0.021875 0.02890625
2 0.59140625 0.68203125 0.02734375 0.03515625
2 0.5796875 0.7453125 0.01953125 0.021875
2 0.72265625 0.7375 0.03359375 0.0390625
2 0.2578125 0.671875 0.02734375 0.03046875
2 0.28515625 0.7390625 0.02578125 0.02890625
1 0.16378806875000002 0.2907623828125 0.198206090625 0.46883695000000003 0.3848977890625 0.4618809125 0.37238214375 0.29771841875 0.16378806875000002 0.2907623828125
1 0.2211514390625 0.5397885359375 0.3108468921875 0.75264329375 0.4172298703125 0.7470784640625 0.3828118484375 0.5258764609375 0.2211514390625 0.5397885359375
1 0.745765540625 0.6691708390625 0.7874843546875 0.63995548125 0.9042970374999999 0.358931553125 0.6967459328125 0.34362826874999997 0.6091364203125 0.740122425 0.7092615765625 0.75264329375 0.7207342515625 0.6719532546875 0.745765540625 0.6691708390625
3 0.44765625 0.50390625 0.05703125 0.31640625
3 0.5657885140625 0.6306393390625 0.562265546875 0.7001882390625 0.561560953125 0.7330829890625 0.575652821875 0.7283837375 0.5777666015625 0.6513160390625 0.5883355031249999 0.6390979906250001 0.5932676578125 0.606203240625 0.60806411875 0.5892859406250001 0.643998384375 0.39097759375 0.616519240625 0.38439864375 0.5848125375000001 0.6071430906249999 0.56790229375 0.611842340625 0.5657885140625 0.6306393390625
5 0.49921875 0.45625 0.02109375 0.02578125
5 0.5484375 0.453125 0.02109375 0.01953125
2 0.53125 0.6953125 0.0140625 0.01796875
2 0.49140625 0.69453125 0.01484375 0.0203125
4 0.5338267890624999 0.7549186421875 0.49366930781249996 0.7570612703124999 0.458330725 0.7584896875 0.4224567078125 0.764917565625 0.383370090625 0.753490225 0.34588977656250003 0.7577754796875 0.2987716640625 0.7577754796875 0.28592126875 0.77134544375 0.288063003125 0.8113411328125 0.31644095625 0.818483221875 0.3367874125 0.8256253093750001 0.37962205937500004 0.8220542656250001 0.412283478125 0.8020564203125 0.4288819046875 0.7999137953125001 0.46368505468750004 0.8020564203125 0.5006299390625 0.8020564203125 0.528472459375 0.8084842984374999 0.5450708843750001 0.8127695515625 0.5707716734375 0.8227684734375 0.590582696875 0.8341958140625 0.607181121875 0.8477657796875 0.6312756125 0.84990840625 0.6510866359375 0.851336825 0.6757165578125 0.83348160625 0.68803151875 0.8041990468750001 0.693921284375 0.78348699375 0.70623624375 0.774202278125 0.7073071093750001 0.761346521875 0.650551203125 0.7577754796875 0.6093228546875 0.7584896875 0.5563149796875 0.7556328515625 0.5338267890624999 0.7549186421875
1 0.7067716765625 0.8656209984375 0.29127559999999997 0.8749057125 0.3100157578125 0.9249003234375 0.6885669531249999 0.9177582375 0.7067716765625 0.8656209984375
5 0.3140625 0.8484375 0.01796875 0.0125
5 0.36640625 0.8484375 0.015625 0.0171875
5 0.4234375 0.84921875 0.01953125 0.01484375
5 0.475 0.846875 0.01328125 0.01875
5 0.52734375 0.84921875 0.0171875 0.01484375
5 0.58125 0.846875 0.01328125 0.015625
5 0.68515625 0.84765625 0.0125 0.01875