5 0.3502390890625 0.5387503484375 0.140116440625 0.9514818328124999 0.3479625984375 0.977566759375 0.5172201953125 0.614178446875 0.3502390890625 0.5387503484375
5 0.675484746875 1 0.7683539671874999 0.7350477578125 0.6690767609375 0.6957152765625 0.5616327015625 0.9970012609375001 0.6508163296875 1 0.675484746875 1
5 0.45890108906249993 0.20258713281250001 0.32668201875 0.4660840390625 0.4781001265625 0.5601766718750001 0.584082659375 0.3007433671875 0.45890108906249993 0.20258713281250001
5 0.71058845625 0.414353925 0.626431325 0.635916465625 0.7145965359375 0.6732038203124999 0.7846610453125 0.481574865625 0.71058845625 0.414353925
5 0.6001734109375 0.0982620078125 0.9055202765624999 0.4354667421875 0.9482270734375 0.3092668125 0.739814971875 0.047796515625 0.6001734109375 0.0982620078125
3 0.542080446875 0.9548925562499999 0.6384566 0.682292771875 0.554386015625 0.654324890625 0.54640590625 0.67557429375 0.5908425390625001 0.698519484375 0.5151819875 0.9478973515625 0.542080446875 0.9548925562499999
3 0.42175111562499995 0.9288842546874999 0.52658893125 0.6730629484375 0.5873254453125 0.6956003625 0.6010068578125 0.6665402031250001 0.5238758703124999 0.64711933125 0.40183954843749997 0.9290816749999999 0.42175111562499995 0.9288842546874999
3 0.5208231453125001 0.5790846859375 0.606278240625 0.360134296875 0.5993859421875001 0.3502329078125 0.5034268609375 0.5590715515625 0.5208231453125001 0.5790846859375
4 0.537196178125 0.162040153125 0.44434145156250004 0.1783461703125 0.5767527203125 0.272915009375 0.6386329328125 0.3145189546875 0.618777253125 0.3649336921875 0.6712971765625 0.4154924203125 0.6795610640625 0.386116725 0.7291314484375 0.4175037453125 0.8176263421875 0.4742291859375 0.8396275281250001 0.466010653125 0.8108673375000001 0.40869295 0.7155274406250001 0.3407117375 0.585584159375 0.227286728125 0.537196178125 0.162040153125
2 0.5447047323223508 0.9879923806546789 0.036892364790790035 0.02401523869064235
2 0.6933059234293435 0.9887293253188906 0.028489587748947897 0.02254134936221881
2 0.6050668573647598 0.8313883809770989 0.04334326143274545 0.05788038943430394
2 0.6514656861280331 0.6908312704114029 0.049583337748947895 0.03563366311182729
2 0.763863993206942 0.7451309045134479 0.035602683302444225 0.037158365756780755
2 0.1212597978387802 0.9214185156438411 0.05909474700477509 0.040085944681858623
2 0.3769269552805088 0.9754513811888603 0.051927087748947984 0.035770171004335084
2 0.20781240064867063 0.7518865366199414 0.06464534255827141 0.04274821309770989
2 0.44467499438806846 0.8063898390248985 0.04277034255827132 0.04147413943430393
2 0.24213532614656658 0.6881271444842143 0.05195436960011346 0.03655142100433508
2 0.31380697342149416 0.5412136181052679 0.040880460344286274 0.032008134172632194
2 0.522125415709613 0.6284993284309676 0.049801592558271324 0.0418836631118273
2 0.4850817726958548 0.5684116968891713 0.03702877404661713 0.03334312101845249
2 0.3013193863055184 0.4504598154885494 0.034094747004775175 0.03862986049510884
2 0.36451384546867827 0.3445430154320797 0.04419643330244423 0.03765889469597585
2 0.38899797949676196 0.29351884172632153 0.039072423683797465 0.02488587891096028
2 0.4395833112552602 0.18999899957647698 0.03931796034428636 0.03191712891096028
2 0.5474230599893157 0.4420913915710297 0.03792907513507622 0.05912437101845249
5 0.6262028575343959 0.18129737571542703 0.04961061960011328 0.0364149131118273
5 0.6673437235063122 0.2361437704114029 0.03961806070710594 0.04051087891096028
5 0.7165699079898828 0.283632691415738 0.04664931070710594 0.04092040258848364
5 0.7614632565386039 0.3206923466350575 0.05214534255827132 0.04202017100433508
5 0.7890872595338289 0.3590946939759867 0.04414186960011328 0.03609639469597585
5 0.8285664217848808 0.3942733307794548 0.03565724700477517 0.038720865756780666
5 0.8548188977382637 0.42711592285871214 0.04219742368379755 0.025067889434303936
2 0.251118489663563 0.47571814974588617 0.04433284255827132 0.04156514469597585
4 0.573113971875 0.6536940828125 0.5937930140625001 0.6337408156250001 0.6170331953125 0.6077657234375 0.6343774515625 0.5823288046874999 0.6216276125 0.5771783609375001 0.607520396875 0.5772382796875 0.5910112328125 0.6124211093749999 0.57184318125 0.6227651109375001 0.5530186593749999 0.656931515625 0.573113971875 0.6536940828125