2 0.4677475710172976 0.79296875 0.033398881087432386 0.03359375
2 0.5812628258885615 0.62734375 0.020857970779006862 0.03125
2 0.6201383652558243 0.571875 0.020076720779006862 0.03125
2 0.6932155807598255 0.46171875 0.01929547077900686 0.03125
2 0.39528659537032207 0.44609375 0.022515928165332967 0.03671875
2 0.3699553587630027 0.471875 0.022529564934808198 0.0375
2 0.22162872726853325 0.6125 0.023297178165332964 0.03671875
2 0.7291121704514 0.459375 0.025436376623205526 0.025
2 0.7746916773512588 0.38515625 0.025463650162155814 0.0265625
2 0.793677456572252 0.35390625 0.024010244317957154 0.0328125
2 0.8318126562479404 0.30078125 0.025463650162155814 0.0265625
2 0.6160921988616141 0.2953125 0.013690353084255235 0.0234375
2 0.6015211842511177 0.3109375 0.018459673701106107 0.028125
2 0.4982831359554011 0.34921875 0.02320172077900686 0.03125
2 0.24757006980277682 0.353125 0.014403419236879244 0.01953125
2 0.2259814419617554 0.36953125 0.019240923701106104 0.028125
2 0.07225819845457716 0.46953125 0.015457404626382653 0.03515625
2 0.13602286931630952 0.2734375 0.01682898985373029 0.02421875
2 0.22496659253094825 0.221875 0.018323306006354477 0.0203125
2 0.0911603827089901 0.29921875 0.025381829545304768 0.021875
2 0.3556495767026357 0.27890625 0.01761023985373029 0.02421875
2 0.4370478068171333 0.153125 0.016706258928453722 0.0171875
2 0.6682353514594019 0.2390625 0.02391478693163087 0.02734375
1 0.6880658656249999 0.23641171718749998 0.56991931875 0.38048497812500004 0.512687509375 0.351670325 0.2493387640625 0.6374156265625001 0.4316314796875 0.81510598125 0.8133978468749999 0.297642853125 0.6880658656249999 0.23641171718749998
1 0.0570571859375 0.45492282968750003 0.34107591249999997 0.27002881093750003 0.3875231828125 0.300044075 0.5331654718750001 0.18358485468750002 0.44889897031250003 0.1535695921875 0.31630250000000004 0.24361537968750002 0.24478910781250002 0.222004390625 0.011195340625 0.3552721578125 0.0570571859375 0.45492282968750003
1 0.4695243109375 0.045514645312500004 0.862083396875 0.146365928125 0.8988547921875 0.086335403125 0.523844496875 0.010696940625 0.4695243109375 0.045514645312500004
4 0.5448288296875 0.12955738125 0.49220409375 0.1067457828125 0.43989371093749996 0.10194334062499999 0.4350567953125 0.13435982500000002 0.45698213593750003 0.15236898125 0.49507380312500004 0.16797691718750002 0.557477834375 0.18358485468750002 0.572932315625 0.191989128125 0.6112545078125 0.22080377968749998 0.6534712453125 0.214800728125 0.7034155625 0.23881293750000002 0.786676821875 0.2628251484375 0.8319505171875001 0.22560622187499998 0.7187855359374999 0.19078851875 0.6463088124999999 0.165575696875 0.6018301140625 0.14516531875 0.5448288296875 0.12955738125
3 0.3453064453125 0.3060471265625 0.12934529687500002 0.46933015468750006 0.1505587890625 0.49814480781250003 0.362143390625 0.342065440625 0.4008211640625 0.339664221875 0.43730052812500003 0.3660776515625 0.2333806390625 0.5485704484375 0.24900277499999998 0.56657960625 0.472334559375 0.361275209375 0.438367959375 0.324056284375 0.4495499921875 0.2940410203125 0.459098765625 0.27363064375 0.41736403437499997 0.3072477375 0.403061490625 0.3132507890625 0.368529740625 0.29524163125 0.3453064453125 0.3060471265625
5 0.09723269926535608 0.60234375 0.024873314934808155 0.0375
5 0.9043444009729346 0.159375 0.02218864569792913 0.01796875