2 0.03592240343552965 0.8458079245698393 0.023058068401734032 0.020439765027114733
2 0.22002365862661435 0.7710720658639951 0.028200594710093264 0.02827953610435365
2 0.2854435322759028 0.7347214754067197 0.025401818401734035 0.020453400565734015
2 0.43614075326612045 0.6699509691602038 0.02397582629424182 0.02278806020665449
2 0.525028948018566 0.6868799148072818 0.017998842079257393 0.02743919877033605
2 0.6470551374387525 0.6313207820973328 0.021359060509226247 0.01808692466803503
2 0.6937782189946662 0.6073656525106417 0.01772582629424182 0.02275169877033605
2 0.8020681321064936 0.5595417517485158 0.017634821032569904 0.021189198770336048
2 0.6979784135353503 0.4010702007152435 0.020896328925077867 0.023551129488495137
2 0.5832032819935542 0.4394781948615111 0.020577810509226423 0.01808237948849527
2 0.5575207425310152 0.4510514991162372 0.016853571032569903 0.021184653590796288
2 0.4315350952042035 0.49408336074894743 0.024575065770898165 0.019667605386194255
2 0.38023020043764044 0.4625242885402404 0.016808068401734034 0.020403403590796287
2 0.22630926890996167 0.5155533188890573 0.029308068401734035 0.020476126463433175
2 0.19837398470909465 0.525550487605164 0.021677578925077733 0.023555674668035032
2 0.01477052461758098 0.5901255511314683 0.02954104923516196 0.021266466822512698
2 0.01798010039528815 0.4158704396951497 0.028337102602601055 0.030623286104353477
2 0.02815030289906717 0.2815090752337691 0.026410581555913658 0.024364195745273952
2 0.1351661423474886 0.25556017447164325 0.02066881577089812 0.01964487948849527
2 0.18355043444086339 0.24333743042357164 0.023285581555913648 0.024346015027114642
2 0.2801825107351052 0.22123569232742835 0.021495568401734035 0.020430674668035033
2 0.3338773871564039 0.3325231711519936 0.022921560509226245 0.018096015027114644
2 0.19745476876878731 0.3668976502711465 0.02356630261671846 0.01575681020665449
2 0.1689657477220999 0.37298402380771334 0.01850707629424182 0.02275624394987581
2 0.3464221607633401 0.2513186229473917 0.023058068401734032 0.020439765027114642
2 0.38201177929213104 0.3648453126425414 0.016762565770898075 0.0196221535907962
2 0.4637307581042693 0.2230850595192834 0.020532307878390377 0.01730112948849527
2 0.4304177291650741 0.23148791197861146 0.020577810509226246 0.01808237948849527
2 0.543220837029347 0.2001020774732643 0.02328558155591374 0.024346015027114642
2 0.619882776590708 0.29276682132494425 0.020160581555913736 0.02432783430895542
3 0.058987559375 0.5453577875 0.0620296984375 0.5585941234375 0.36181203125 0.452555465625 0.3321384234375 0.346633728125 0.055418926562500005 0.4233188296875 0.0645453453125 0.46302783906249995 0.3056117484375 0.383084859375 0.322849909375 0.3882692390625 0.33507038906250003 0.45341670624999997 0.058987559375 0.5453577875
3 0.6484940703125 0.3881301453125 0.42602021093750003 0.4630972015625 0.4365082953125 0.47942731250000004 0.4956905671875 0.45841844062500003 0.6024421671875 0.41938358906250006 0.6585158140625 0.39937345 0.6484940703125 0.3881301453125
4 0.5896432734375 0.2332313796875 0.600249765625 0.24752854218749998 0.6130249156249999 0.26387195937499996 0.624571371875 0.27512413593749996 0.6394040578125 0.2823281578125 0.6446221421875 0.2843921515625 0.6478418890625 0.29457906875 0.6439636281250001 0.3087919609375 0.61335100625 0.31064749687500004 0.5940553109375 0.3146025125 0.586779690625 0.3216779125 0.5907025921875 0.33288573593750004 0.5928047671875001 0.3491670578125 0.605231984375 0.3583907234375 0.6150906828125 0.34624625937500003 0.6451185578125 0.341336865625 0.66394063125 0.34551364218749997 0.684287415625 0.34969928906250003 0.6894390125000001 0.365998353125 0.70919376875 0.3803487390625 0.7141085546875 0.40071369843750004 0.7261140687500001 0.43027127500000006 0.7461575578125 0.4527578859375 0.7746388765625001 0.48749540781249995 0.8023059187499999 0.5100263734375 0.8162505624999999 0.532477503125 0.8403872796874999 0.5763411140625 0.8726949375 0.5846636203125 0.882849653125 0.5674367874999999 0.8772317140625001 0.5460509203125 0.8409637953125 0.487881275 0.828891796875 0.47255876875 0.800284790625 0.45307278906250004 0.7865177546875 0.42757223906249997 0.774157021875 0.40411350468749996 0.7599163640625 0.38674474375 0.7469044015625 0.3744672234375 0.7324342109375 0.34794576250000003 0.7169648546875 0.32548576093750003 0.683317375 0.3008863671875 0.67001668125 0.2804726203125 0.6549617453125001 0.250897303125 0.6253036515625 0.2232706625 0.6063185328125 0.195706115625 0.5775557640625 0.139613771875 0.5747285890625 0.161967328125 0.573840546875 0.1772144359375 0.577349028125 0.195537575 0.582204609375 0.21691901093750002 0.5896432734375 0.2332313796875
4 0.4464179671875 0.3747526796875 0.445722096875 0.360513175 0.44285028437499996 0.3574460140625 0.439216115625 0.354374415625 0.43083020625 0.354325628125 0.41593103437499995 0.361356675 0.40619074062499994 0.371468190625 0.394340990625 0.3785169796875 0.380204171875 0.3855524609375 0.3662449625 0.3895385234375 0.36031644687500003 0.39967221406250003 0.3688061984375 0.42412524375 0.3834166390625 0.4089579703125 0.39386008437500003 0.39986736562499997 0.40811530781250005 0.39079893593750004 0.43386506406249997 0.3807805578125 0.4464179671875 0.3747526796875
1 0.0096921671875 0.3966155234375 0.3311611015625 0.3110394015625 0.299948221875 0.2315459828125 0.0206529265625 0.30008155312499996 0.0096921671875 0.3966155234375
1 0.6121960765625001 0.27810259375 0.55728369375 0.21270675 0.35669589375 0.2654311359375 0.3710777515625 0.345843453125 0.6121960765625001 0.27810259375
1 0.5144034125 0.6608741499999999 0.792906278125 0.5404762359374999 0.7055377546875 0.4169329265625 0.4446428296875 0.5099791859375 0.5144034125 0.6608741499999999
5 0.6157930580195646 0.13487705327276747 0.01978885523343692 0.03135453912941562
5 0.64352394489362 0.16864352009528022 0.021495568401734035 0.020430674668035033
5 0.672953839660183 0.20007532727687255 0.01937933155591374 0.024323289129415594
5 0.7073519554875508 0.24013270071524356 0.015473081555913737 0.024300563231716588
5 0.7438663081607391 0.284109959692234 0.01813534997176518 0.02978294877033596
5 0.7865851582030914 0.32890483010554294 0.016808068401734034 0.02040340359079611
5 0.8345907477221 0.37685651677563053 0.022504331555913738 0.024341469847574793
1 0.9173022296875001 0.4079967546875 0.9735534843749999 0.38493719375 0.9783115578125001 0.2639634984375 0.7355846296874999 0.058170875 0.6113061359375 0.08388512031249999 0.9173022296875001 0.4079967546875
1 0.0180226671875 0.8166099453125 0.44069903125 0.6431594406250001 0.3864815734375 0.4872708125 0.0184206265625 0.626467240625 0.0180226671875 0.8166099453125
5 0.4967450533225902 0.7296986738824681 0.03416987364928836 0.03690510236113216