2 0.3257669668717716 0.6773939374975285 0.033754202283992105 0.018541494317957152
2 0.3351198761894542 0.9465530405817837 0.0476086623699004 0.029710819399034704
2 0.46006564450681997 0.8900866266199102 0.03486300090451131 0.024805131087432385
2 0.50158808118698 0.8587508518631438 0.03264208163720568 0.02710797077900686
2 0.585543679332529 0.8234639626580368 0.02783175090451113 0.02468240016215546
2 0.4758831535519315 0.6479536736978109 0.023062363749381375 0.02303807954530477
2 0.5027322585948857 0.6429485738599666 0.02314425090451113 0.024600579545304768
2 0.6542029053609537 0.602584446829724 0.04111300090451131 0.024914225243233546
2 0.6304743990293756 0.7718565982096959 0.01952460594746519 0.030001145697928954
2 0.6546898270031083 0.7574219512939508 0.0194836623699004 0.029219895697928776
2 0.7011487471749248 0.7363378839235108 0.026637743102595125 0.03168637662320535
5 0.4275076085494571 0.5564013733734992 0.02376172659425162 0.021489216314779826
5 0.43082736035847946 0.5079775101429744 0.027667976594251797 0.021557400162155814
2 0.33267530189987937 0.12779335795222377 0.08457307383528967 0.03503924756436803
2 0.46919930009085703 0.17865820291880402 0.10027996099041943 0.03687448295387141
2 0.32373191259704304 0.40288881533855003 0.09061835594746528 0.03124209172016936
2 0.5145240089335699 0.41794857385996664 0.040867339439121866 0.020226725243233545
2 0.6116479924252265 0.42980942004436284 0.03206887155129756 0.016170470779006862
2 0.6633775887617533 0.44244183359919925 0.02803979081860284 0.013758536931630871
2 0.720204120873929 0.4473435677708867 0.02351606512886235 0.016801716314779825
2 0.6129592661696591 0.2257395288106608 0.03449450870642714 0.017773881087432296
2 0.5397198400049488 0.19083664894104452 0.027586089439121865 0.019994900162155726
2 0.6512504822484612 0.27097989082336965 0.024130218792335612 0.028520466314780002
2 0.7233368441888203 0.29804299715403565 0.02347512155129756 0.01602046631478
1 0.3245105234375 0.9188571046874999 0.712991415625 0.732149696875 0.7170672953125 0.608352121875 0.30761673906250003 0.68890780625 0.3245105234375 0.9188571046874999
1 0.28196608125 0.37291128906250004 0.44696901718750004 0.400203509375 0.4609989 0.2015351296875 0.275348625 0.15399118125 0.28196608125 0.37291128906250004
1 0.526731490625 0.3970750140625 0.7319447890624999 0.43953552812499996 0.7383358578125 0.3175866671875 0.5348054421875 0.22000230312500002 0.526731490625 0.3970750140625
1 0.886127984375 0.6962933046875001 0.90626941875 0.33498437812500004 0.855735390625 0.3096902203125 0.835400059375 0.7207240796875001 0.886127984375 0.6962933046875001
3 0.335994296875 0.423582675 0.3382102734375 0.47334967343749995 0.5816546609375 0.47669485937499995 0.64069651875 0.4777254390625 0.7044420328125 0.4580426421875 0.335994296875 0.423582675
3 0.5909063531250001 0.576312984375 0.5731377671875 0.59318170625 0.3493465515625 0.6290580703125 0.355582 0.6481540859375 0.6083863609375 0.6109758453125 0.60812825 0.592888315625 0.7039809609375001 0.5819033140625 0.7021865265625 0.570118025 0.5909063531250001 0.576312984375
4 0.7684894765625 0.7317621921875 0.7808510859375 0.67998926875 0.7631862453125 0.6028280734375 0.7777446921875 0.5551621765625 0.7947862875 0.48312753906249994 0.7910339875 0.43966278281250004 0.793353709375 0.39539986250000003 0.7905222984375 0.3573760890625 0.8025761890625001 0.311474778125 0.7988193578125 0.3141216546875 0.7326899078125 0.3102549078125 0.7341867 0.465795046875 0.72122879375 0.574971165625 0.7178630328125 0.6852188671875 0.735648490625 0.737065934375 0.7684894765625 0.7317621921875
2 0.6686549089789985 0.5058730880634261 0.01628009724103805 0.012772735389503432
2 0.6666486736783195 0.5441543380634262 0.01874667797373277 0.015157395697928955
5 0.8326775446637902 0.3304481684195098 0.03778328301668665 0.020953428165332966
5 0.8245065185445082 0.3819152110331836 0.0253242265942518 0.02151648985373029
5 0.8247245245374021 0.43743850811108426 0.02668200870642714 0.017637513392680583
5 0.824161280530296 0.4929481684195098 0.026886726594251797 0.021543763392680583
5 0.8223221415661438 0.5429618051889851 0.0312024123699004 0.029424447240056394
5 0.8169895104039078 0.5999521448805595 0.02857205732694652 0.02391478693163087
5 0.8122843210102145 0.7046532816500346 0.022240170171816585 0.02224319277582971