5 0.36830357187499996 0.5237278703125 0.172991071875 0.9444258203125001 0.3813244046875 0.962013184375 0.5375744046875 0.5922517 0.36830357187499996 0.5237278703125
5 0.6919642859375 0.6674912281250001 0.5952380953125 0.972722509375 0.7087053562500001 0.9719129093750001 0.7924107140625 0.70272666875 0.6919642859375 0.6674912281250001
5 0.46502976250000005 0.1836193578125 0.3422619046875 0.45212375624999995 0.49665178593750003 0.5399190890625001 0.5933779765625 0.27654048750000004 0.46502976250000005 0.1836193578125
5 0.723586309375 0.38484006718749997 0.6473214281249999 0.6095133234375 0.7366071437499999 0.6431588640625 0.799851190625 0.44895029375 0.723586309375 0.38484006718749997
5 0.6023796140625 0.073691965625 0.9188582421874999 0.3979880734375 0.9570803 0.27022913125 0.7399790171875 0.0176140265625 0.6023796140625 0.073691965625
3 0.57425804375 0.9314695453124999 0.660938503125 0.6553342125 0.5760638859375 0.6308282234375 0.5688405140625 0.6523722546874999 0.6139865875 0.6734760125 0.5471704 0.9255791999999999 0.57425804375 0.9314695453124999
3 0.45326656875 0.9103962796875 0.5489762421875 0.6506711390625 0.6103749015625 0.67070420625 0.6230158015625 0.641128446875 0.54536455625 0.6248748359375 0.43340229687500004 0.91140393125 0.45326656875 0.9103962796875
3 0.5399470281250001 0.5570611640625 0.617598271875 0.33494351093749997 0.6103749015625 0.32533675156249997 0.5218885984375 0.5377846015625 0.5399470281250001 0.5570611640625
4 0.541752871875 0.1399429734375 0.44965488281250005 0.16000551093749998 0.5850931 0.2490500546875 0.6482976015624999 0.2880759953125 0.6302391734375 0.33922730625 0.684414459375 0.387576315625 0.6916378328125 0.357905990625 0.742201434375 0.387230609375 0.832493578125 0.4402731859375 0.8541636921875 0.431170765625 0.8234643625 0.3751052359375 0.7259488468749999 0.3111015171875 0.592316471875 0.20312714375000002 0.541752871875 0.1399429734375
2 0.578125 0.9671224594116257 0.0359375 0.027971041395857554
2 0.7265625 0.965025945611908 0.02734375 0.03328978693163087
2 0.6328125 0.8055770332748876 0.04140625 0.05619149878218401
2 0.67421875 0.6633310320570717 0.0484375 0.03365797970746058
2 0.78828125 0.7129782504004465 0.034375 0.03575626785690744
2 0.153125 0.9151728068171334 0.0578125 0.03772787094116268
2 0.41015625 0.9587218039744642 0.05078125 0.03369889001588575
2 0.23359375 0.7423586440730758 0.06328125 0.04016707832748878
2 0.471875 0.7871428587630026 0.04140625 0.039785248782184014
2 0.265625 0.6772927516215578 0.05078125 0.034480140015886104
2 0.33203125 0.5276706270269472 0.03984375 0.030382975243233724
2 0.54296875 0.6063525547852431 0.0484375 0.039907979707460586
2 0.50390625 0.5478582163114847 0.0359375 0.03187729139585791
2 0.31640625 0.4375541416374438 0.0328125 0.037291494317957155
2 0.37578125 0.3292155361175568 0.04296875 0.0359062723211343
2 0.3984375 0.2772672524323367 0.03828125 0.023324451704283343
2 0.4453125 0.1718354586008469 0.03828125 0.030355701704283346
2 0.56171875 0.41917983725264724 0.0359375 0.05765854139585773
5 0.63125 0.15554975973593735 0.0484375 0.034439229707460536
5 0.67421875 0.2086435320570717 0.03828125 0.03894945170428334
5 0.725 0.25406117207295775 0.0453125 0.039072182629559825
5 0.77109375 0.2892407414719928 0.05078125 0.039948890015886106
5 0.8 0.32646405194257405 0.04296875 0.0343437723211343
5 0.840625 0.3599856639552829 0.034375 0.037318767856907444
5 0.86796875 0.3917129508869139 0.04140625 0.023378998782184014
2 0.2671875 0.4648200251605081 0.04296875 0.03981252232113448
4 0.5947318453125 0.6294359796875 0.61467354375 0.6086693249999999 0.6369613249999999 0.581785153125 0.6533839015625 0.555678384375 0.64048045 0.5510542515625 0.62640395625 0.551688325 0.6111544203125 0.5874931578125 0.5923857625 0.5986027 0.5747901453125001 0.6334868015625 0.5947318453125 0.6294359796875