6 0.67265625 0.30078125 0.02265625 0.046875
6 0.6390625 0.34140625 0.02890625 0.0359375
6 0.61171875 0.55859375 0.02734375 0.0375
6 0.23828125 0.278125 0.03203125 0.05625
6 0.278125 0.334375 0.0265625 0.04609375
6 0.29765625 0.5453125 0.01875 0.0375
6 0.31640625 0.7140625 0.03046875 0.03203125
6 0.33046875 0.82890625 0.02890625 0.03359375
6 0.5578125 0.83203125 0.0171875 0.02734375
6 0.58046875 0.71875 0.02265625 0.0421875
5 0.4484375 0.82578125 0.028125 0.03203125
5 0.453125 0.7125 0.02890625 0.0453125
5 0.4578125 0.59453125 0.0390625 0.0390625
5 0.46015625 0.43515625 0.0265625 0.03359375