6 0.3481348014836801 0.6024167568829012 0.02483699905006951 0.02754933844101313
6 0.5181219527942009 0.5088538047920041 0.025000653210381963 0.03458058844101295
6 0.7261909855636107 0.3887628447924416 0.02505520459715278 0.03692433844101313
6 0.7460320132990275 0.34112384083810887 0.023710910144236052 0.04623567144481875
5 0.7019871533072912 0.5567780157429687 0.02020405043684015 0.029702087452429814
5 0.5551835820688884 0.6267615463890471 0.02080346248093754 0.02192142095052709
5 0.43287151776433974 0.6840394885941125 0.02016768284565984 0.028139587452429993
5 0.3113588872553813 0.7405043473010806 0.024019381458888933 0.02595500494291585
6 0.22389656126732582 0.6753833660841609 0.020204050436840326 0.02970208745242999
6 0.3794172498125688 0.8009524159704302 0.017805749050069507 0.027262836958138338
6 0.49996679236562436 0.7523318907615593 0.020785278685347207 0.021140170950527094
6 0.6488595404657633 0.6931903596211892 0.018623366641249993 0.028857170456235436
6 0.8207722144777078 0.6175006570360007 0.015425631458888844 0.025604836463846682
6 0.8542204941129856 0.6223818166178211 0.0162068814588892 0.02563666996194396
5 0.6217808149701387 0.1463763680241462 0.01689721248093754 0.021762253460041146
5 0.544054552052361 0.19949605083767138 0.014589830072118027 0.023229252965749493
5 0.4120577100123956 0.3039991615218059 0.020767094889756876 0.020358920950527094
5 0.3000103452710066 0.38973768475351045 0.026944359707395817 0.017488588935304604
5 0.2507182068782635 0.42843011163553657 0.009811411094166722 0.019132001977166267
5 0.2030976712590621 0.4623713715213683 0.013808580072118114 0.023197419467652303