6 0.6398349021952583 0.7281771738534334 0.045986742142117266 0.032805065516429366
6 0.6140194189444813 0.6944098090626435 0.07445634449948209 0.024439494009550165
6 0.6625533881321225 0.3244073331092606 0.03915454528527036 0.02008681070710594
6 0.6291030332935582 0.353757527211478 0.06340968258882321 0.02171379809323426
6 0.3332789569910413 0.38803080117327715 0.04253425641014079 0.025664688111767652
6 0.24586884822353566 0.3998462656939146 0.053362594499482 0.023702884028083647
6 0.3062283436754217 0.6327976641499686 0.028799242142117088 0.03220486479079003
6 0.2306119135677978 0.6098115427357567 0.0438977032669877 0.03819196996293321
5 0.5491136646012551 0.5254663469042586 0.04892980562435252 0.02900794292109108
5 0.41800921381546685 0.5177579959084667 0.04542381596343468 0.037465283665263985
5 0.3166286503332315 0.5103051052569612 0.05369008023145838 0.03073413402808356
5 0.23399808685099616 0.5035069790334258 0.054925094499482 0.023757447730414504
5 0.10234136435358612 0.6084623191446265 0.029925094499481997 0.0228844284931208
5 0.10130971133426747 0.5466071598887993 0.03428510876750566 0.01601686960011328
5 0.10950966315351307 0.4545560691446265 0.036357031017246653 0.027008933302444228
5 0.13542365384788815 0.36860121097725845 0.05499786910658786 0.025319947730414506