2 0.3375 0.69140625 0.059375 0.03359375
2 0.36796875 0.58828125 0.02265625 0.0265625
2 0.36015625 0.53359375 0.03203125 0.01953125
2 0.365625 0.484375 0.0234375 0.0234375
2 0.3625 0.43828125 0.01328125 0.02421875
2 0.359375 0.3890625 0.02578125 0.0265625
2 0.3515625 0.35546875 0.0171875 0.01796875
2 0.31796875 0.3328125 0.0125 0.01328125
2 0.259375 0.33203125 0.028125 0.0109375
2 0.20625 0.33671875 0.0171875 0.00703125
2 0.1765625 0.36640625 0.0296875 0.01484375
2 0.1859375 0.425 0.03359375 0.028125
2 0.17890625 0.47890625 0.025 0.0171875
2 0.1765625 0.515625 0.0234375 0.01640625
2 0.1828125 0.58046875 0.01015625 0.0125
2 0.18828125 0.6359375 0.03046875 0.01796875
2 0.22265625 0.66875 0.0234375 0.01484375
6 0.50078125 0.23984375 0.02890625 0.02265625
6 0.5125 0.7515625 0.02265625 0.0203125
6 0.64453125 0.71015625 0.0234375 0.0171875
6 0.64296875 0.69375 0.0421875 0.01796875
6 0.63984375 0.56328125 0.02265625 0.03046875
6 0.64140625 0.42578125 0.03515625 0.0296875
6 0.64296875 0.30078125 0.0453125 0.02734375
6 0.740625 0.2984375 0.03203125 0.0234375
6 0.7375 0.31875 0.04453125 0.0140625
6 0.7484375 0.43515625 0.03671875 0.0359375
6 0.74921875 0.5546875 0.03359375 0.02109375
6 0.753125 0.6671875 0.03046875 0.02421875
6 0.7484375 0.68828125 0.03515625 0.01328125
6 0.828125 0.303125 0.0296875 0.0203125
6 0.83359375 0.66796875 0.0359375 0.0265625
6 0.90625 0.440625 0.03671875 0.0265625
6 0.9171875 0.5421875 0.03515625 0.028125