6 0.67265625 0.2953125 0.04453125 0.03125
6 0.6453125 0.328125 0.0734375 0.021875
6 0.6765625 0.69921875 0.03828125 0.01875
6 0.64453125 0.66875 0.0625 0.01953125
6 0.35078125 0.62421875 0.04140625 0.02421875
6 0.2640625 0.609375 0.05234375 0.021875
6 0.33515625 0.37890625 0.02734375 0.03125
6 0.25859375 0.39921875 0.0421875 0.03671875
5 0.57265625 0.49453125 0.04765625 0.02734375
5 0.44140625 0.49765625 0.04375 0.0359375
5 0.33984375 0.5015625 0.05234375 0.02890625
5 0.25703125 0.50546875 0.05390625 0.021875
5 0.13046875 0.39609375 0.02890625 0.021875
5 0.1265625 0.4578125 0.03359375 0.01484375
5 0.13046875 0.55 0.03515625 0.02578125
5 0.15234375 0.63671875 0.05390625 0.0234375