5 0.5578919225874891 0.45896807843096754 0.03135169292109126 0.04938534997176518
5 0.5690080157787326 0.6210053468468191 0.025664688111767652 0.04281683155591374
5 0.5812401756675319 0.7480228731551783 0.03698413402808356 0.05439136838761662
5 0.5864584437236993 0.85280137841685 0.019441969962933035 0.04323406050922642
6 0.703164794086519 0.8681750204114028 0.026736114790789856 0.02884533681758583
6 0.712889479751216 0.7447753177664496 0.03532986479078985 0.029345865756780755
6 0.722440550625123 0.5940773677523321 0.03058780108845909 0.02751034997176518
6 0.44904523456053946 0.7356454285439071 0.028035719962933213 0.043734589448421346
6 0.4719966396400153 0.8570499916839692 0.025791173683797373 0.024112334186749608
6 0.4154365824762884 0.5769760838338137 0.022212305897782513 0.0332598210325699
6 0.3751488552569612 0.3610024733387049 0.029434528855940556 0.03913809471009326
6 0.3373933949126749 0.32917634968941645 0.03735615626060227 0.042718121018452494
6 0.7387475637871489 0.3689254493082458 0.03533978847458741 0.051956613125944705
6 0.7689236479078998 0.3176660571725186 0.03424107994439964 0.06514685786427296
6 0.6383779976377473 0.19623213097709888 0.016416173683797376 0.023566302616718503