2 0.7359576214934634 0.663664464975801 0.017264768052176825 0.01338124394987581
2 0.8244297690341353 0.6303383596878026 0.018818177693097127 0.011827834308955332
2 0.8247342960633027 0.5779946096878026 0.014148858411256526 0.014925563231716588
2 0.8196018893492484 0.5202139259445813 0.020380677693097128 0.011836924668034854
2 0.8245484645830174 0.47565540486734237 0.023514768052177004 0.013417605386194253
2 0.8233268530485031 0.41707074522642207 0.01880908733401725 0.010265334308955331
5 0.8083921994577071 0.43278210363767844 0.0321403343089556 0.01893635236113216
2 0.8197387656162899 0.3624059711241211 0.017282948770336048 0.01650624394987581
2 0.7816711390546608 0.3259099349215717 0.01882726805217665 0.01339033430895542
2 0.7168546601318997 0.32159968482337586 0.016465337334017605 0.01025169877033596
2 0.6644700035160414 0.328935461852543 0.013340337334017604 0.010233518052176737
2 0.6646063589022357 0.305497961852543 0.05791703912941557 0.018305093285945873
2 0.6401239884889268 0.3509513624182771 0.03057783430895533 0.018927262002052546
2 0.6327382144848217 0.41192976903413536 0.022738063231716586 0.014194310206654492
2 0.6425717567374953 0.46733943170011794 0.021184653590796288 0.01574771984757497
2 0.636067226683266 0.5111257931364364 0.020389768052176648 0.013399424668035032
2 0.640491106269957 0.5564110220591976 0.01807328912941557 0.01807328912941557
2 0.6448740792407899 0.6087275009819587 0.021161927693097125 0.01184146984757497
2 0.6501337509819587 0.64463318472518 0.017273858411256525 0.014943743949875809
2 0.6812837570320829 0.6616388775435876 0.02273806323171641 0.014194310206654492
2 0.6772502420049682 0.6835366034412866 0.02356021984757497 0.021230105386194253
6 0.4979121999486864 0.7587961995559029 0.02824771984757497 0.021257376463433175
6 0.3614570703619953 0.7142791059753695 0.014934653590796109 0.01571135841125635
6 0.36232467877325164 0.6994308107958297 0.03834942769309713 0.011941463797450601
6 0.25920876913233126 0.6984682744950844 0.03443863251355737 0.011137487899751618
6 0.26008092272312744 0.6828387293155446 0.027389201795398145 0.007971581283893414
6 0.17251274503003028 0.6950665394240032 0.03367101805217674 0.013476692720211857
6 0.2521462237563997 0.5696074762904825 0.02901533430895533 0.018918171642972936
6 0.35915020267916087 0.5736722866935287 0.03135908430895542 0.01893180718159222
6 0.3583876542781672 0.43618137705260834 0.025145445745273953 0.025145445745273776
6 0.3599370396203949 0.3041455818730685 0.03289885841125635 0.015034647540671919
6 0.36002794321119114 0.2885205818730685 0.05165794877033605 0.01670623184962743
6 0.2543364794137405 0.3274154311109427 0.024305108411256347 0.014984650565734104
6 0.2505074974659173 0.31415690700864174 0.029751132513557366 0.011110216822512698
6 0.1699887504909793 0.323218810501242 0.03211760841125635 0.015030102361132159
6 0.09753144662903665 0.5580074218393646 0.032880677693097125 0.011909647540672096
6 0.09032800068737105 0.45336537363476276 0.03917612948849523 0.019758508976990365
6 0.48446031664956213 0.2510791483262389 0.02901987948849527 0.019699421642972937