5 0.9667888904262185 0.576249701307513 0.013594895697929132 0.018355194906292737
5 0.9661497366106147 0.4786616474674469 0.012759098620028197 0.01520746285298138
5 0.8169485775200052 0.5267307375966016 0.03418013108743238 0.0345712282923877
5 0.7029951716758065 0.5237996173800574 0.04365058847375849 0.040312762932123644
5 0.577173011367381 0.5298032279631832 0.03489319724005639 0.03068771034569906
5 0.421004831984232 0.5296621386254514 0.03881308400953163 0.031582620612255675
6 0.2742314233006596 0.7517908543814267 0.03404376339268058 0.0267587282923877
6 0.3138666676186167 0.7178417517158596 0.026367631087432387 0.034343907759274296
6 0.5377950913197228 0.6832153844688162 0.03712785308425524 0.024505906505633133
6 0.6990189634787015 0.6621263314866801 0.02927444277582971 0.02193483597251955
6 0.8187684017903042 0.646148327330045 0.0222295560063543 0.02094899749271768
6 0.29816517005095344 0.3200634812618885 0.030151150162155815 0.02742631802583091
6 0.3312679963498473 0.3472110029695009 0.03420740462638268 0.0361337282923877
6 0.5416600255708405 0.3723233485754389 0.03478410308425524 0.02443771034569897
6 0.7004622812528833 0.40049850969992545 0.023092626623205346 0.02565922954602886
6 0.8198026164802311 0.40795800554329037 0.03487956047058134 0.029906460345698882
5 0.14917865057248816 0.6242461790711753 0.019200013392680626 0.026326819279472245