6 0.66875 0.6953433892425496 0.03828125 0.024664192671863462
6 0.63671875 0.6675911065802312 0.0328125 0.028506808004454244
6 0.33515625 0.6203188539545021 0.0234375 0.020585220003181703
6 0.246875 0.6041585992998197 0.0328125 0.02147555800445424
6 0.678125 0.29367180124127695 0.04765625 0.022429530673136
6 0.64140625 0.3253490625795949 0.03984375 0.019213624005408825
6 0.34609375 0.374097834619684 0.03125 0.02458237667090888
6 0.26015625 0.39931655796468346 0.03046875 0.025354536004136195
5 0.5734375 0.4941087005888217 0.0515625 0.024037484006999676
5 0.4390625 0.49645354527373 0.021875 0.01900453866963616
5 0.34765625 0.49907965328613846 0.0234375 0.019022720003181705
5 0.2515625 0.4978540552991834 0.01953125 0.022883516669318028
5 0.75625 0.6763564845640048 0.03828125 0.03325794267186346