2 0.6034671518297969 0.8142916997522945 0.012963791469812237 0.013353972872636889
2 0.5517682425739698 0.818497931601922 0.010811014427970278 0.018809087334017604
5 0.536416061085624 0.8107763351927183 0.014880955534962936 0.0235193132317165
2 0.48759661516930813 0.8219956363241863 0.017224705534962758 0.02353294877033605
2 0.4477528651693081 0.8222274404807166 0.011537700725639333 0.017251132513557366
2 0.38517101961581185 0.8249348048439014 0.018514387023308564 0.01572953912941557
2 0.335897705913481 0.8267836511549091 0.012209823320977708 0.014130677693097126
2 0.6438664625369029 0.7757831907753042 0.016088791469812236 0.013372153590796288
2 0.6482836332254754 0.7163945552366847 0.015362105172143004 0.01493010841125635
2 0.6440252083605517 0.6593996666730032 0.013127482576804895 0.01804147287263689
2 0.6222965413001763 0.6329689768796577 0.011455855172143004 0.014907382513557365
2 0.5629488231513416 0.6325331605246831 0.010029764427970277 0.018804542154477667
2 0.5089607275978454 0.63519052791293 0.010456350362819578 0.008652837334017605
2 0.4628124138955146 0.6370211935057787 0.011374009618646852 0.012563632513557365
2 0.4151561638955146 0.6372984494577071 0.009811509618646852 0.012554542154477665
2 0.36248503168152946 0.6469779764868743 0.015307541469812235 0.013367608411256348
2 0.33187987242570227 0.6510614884889268 0.013826887023308565 0.01570226805217665
2 0.3105033802302506 0.6816484131569618 0.008385418874473949 0.016451701795397965
2 0.3048238099044978 0.7324523890546608 0.010674605172143182 0.014902837334017604
2 0.30662935736475977 0.7925859131569618 0.011401291469812235 0.013344882513557366
2 0.6649552672535591 0.6639644468254284 0.022048614790789855 0.027466469847574792
2 0.28879207133724316 0.6770881781840765 0.018759923683797374 0.022760789129415572
6 0.7282340611704422 0.48472639871902234 0.014635418874474126 0.016488063231716588
6 0.2857241573569106 0.362326241415793 0.015471232576804893 0.01805510841125635
6 0.2699900299522489 0.36554214500658916 0.011056551088459089 0.025840337334017426
6 0.41390372105924145 0.3600183319712643 0.029779269237293703 0.025168171642972935
6 0.5483878484639032 0.35611156109041725 0.03220486479078986 0.027525557181592396
6 0.6804736621662341 0.35378092574818953 0.014717264427970278 0.018831813231716586
6 0.6969890395708958 0.35056047697785353 0.01717014183263199 0.02197044877033596
6 0.6787970894782285 0.2452189920049682 0.01412698738612832 0.024296018052176738
6 0.6655158394782286 0.24529626005714497 0.010493555897782513 0.03208579215447767
6 0.5425594891154087 0.25460360324489495 0.018923614790789856 0.02744828912941557
6 0.42071177096657425 0.25453140125310514 0.018950896641955418 0.02822953912941557
6 0.30414182985958166 0.2598961330045366 0.012591769237293705 0.025068177693097125
6 0.29194193022240134 0.2513751058771736 0.01141121515360961 0.03599658733401752
6 0.6699974975529293 0.16169341969806533 0.014662700725639511 0.01726931323171659
6 0.2962326153389442 0.17324101551809395 0.009221232576804895 0.018018746974937903
6 0.4356522686043215 0.09510185909862742 0.010811014427970278 0.018809087334017517
6 0.5357068323066524 0.09295757611753189 0.013854168874473948 0.016483518052176738