6 0.2375 0.321875 0.01171875 0.0203125
6 0.36796875 0.39140625 0.02578125 0.03828125
6 0.52890625 0.47890625 0.02421875 0.03671875
6 0.73125 0.58359375 0.025 0.02421875
6 0.753125 0.6234375 0.02578125 0.021875
5 0.71328125 0.41796875 0.02421875 0.02265625
5 0.5703125 0.3515625 0.01640625 0.03046875
5 0.45078125 0.3046875 0.01953125 0.02265625
5 0.32578125 0.2546875 0.01640625 0.02421875
6 0.8359375 0.34921875 0.01796875 0.0328125
6 0.865625 0.3515625 0.01640625 0.03671875
6 0.66640625 0.2859375 0.0265625 0.03671875
6 0.5203125 0.22890625 0.021875 0.0359375
6 0.3984375 0.18984375 0.02109375 0.03828125
5 0.62421875 0.8328125 0.01796875 0.0234375
5 0.54765625 0.7765625 0.02265625 0.0296875
5 0.4171875 0.68203125 0.01328125 0.0203125
5 0.30625 0.60234375 0.0171875 0.02578125
5 0.26015625 0.5703125 0.0125 0.0203125
5 0.17578125 0.50859375 0.01875 0.034375
5 0.1078125 0.4515625 0.01171875 0.025
5 0.18515625 0.16875 0.025 0.028125
5 0.259375 0.11875 0.021875 0.02421875