6 0.7129734291376822 0.640889016228759 0.033577029625171305 0.05368410754848192
6 0.677641334389674 0.5925918380634261 0.03346336935861451 0.04977785754848192
6 0.6441709195042638 0.39972249958966766 0.037892456584775226 0.06781479139585773
6 0.6211091557142102 0.27894634942751184 0.042952029625171126 0.05384774878218401
6 0.23932298047046568 0.6130802471573309 0.03374451418576498 0.03260399431795715
6 0.2408232959890142 0.5615177471573309 0.042997493731793845 0.055410248782184014
6 0.29258568745095237 0.39436720332584113 0.06038958221159589 0.06274150771063773
6 0.3452968134734844 0.24833768303330164 0.03465379631821861 0.06385399431795716
5 0.48801316237812775 0.17891730153883229 0.0435741552519918 0.0483926355516592
5 0.47567463526023906 0.25374002353565506 0.03210545783841656 0.05678183400953163
5 0.4677591836900287 0.36459570291880405 0.04888378087881229 0.04301934293798535
5 0.4606788064138555 0.5004786558409033 0.031400764185764984 0.03256308400953163
5 0.5272823185545563 0.7634928989410446 0.03727869114536908 0.04672104139585791
5 0.22750963908766977 0.7504438794625792 0.0550344924781526 0.06655230032431163
5 0.5449344152811216 0.049375851863143826 0.031378032132453625 0.03178183400953163
5 0.444039505014565 0.0515229586008469 0.03328151293212365 0.04352785754848197