6 0.6644564685710044 0.7086008995837755 0.04489487667090888 0.031509075233769224
6 0.6374945265754588 0.675629318299882 0.07369203866963617 0.02230224687674216
6 0.6730625932925018 0.3047173754814745 0.03849942600254543 0.0189727137974506
6 0.6406768072883657 0.33499977312034235 0.06272726666931802 0.019894864363184706
6 0.3464086392823205 0.37782203561337424 0.04168806066995447 0.024459644515609825
6 0.2595171666136388 0.3921612706844554 0.05259828866963625 0.02217952702916719
6 0.3279291699156857 0.623043632022578 0.02770737667090888 0.031409081283893414
6 0.25160302725177647 0.6022857044276767 0.042614761338317916 0.036964189695149585
5 0.5667745885980485 0.5088003666026799 0.04797442333704538 0.02762100595192827
5 0.43556095126513944 0.504911776439992 0.044168170671545326 0.03619203005422929
5 0.3340439045990031 0.5004146530998168 0.05268010467059074 0.02921077702916719
5 0.2512768579328667 0.4960266140685971 0.05416078866963625 0.02218861738824689
5 0.1234416645846856 0.6046652949831481 0.02916078866963625 0.022043171642972936
5 0.12025357725973067 0.5429238190854491 0.033766472668681755 0.015039192720211859
5 0.1252325259389119 0.4507590449831481 0.03545624200349984 0.02598578307929138
5 0.14811658995068408 0.36416756001026274 0.054178970003181656 0.0237511173882468