6 0.36809921980838833 0.6992705572883657 0.039550500904511135 0.024664192671863462
6 0.3986565010160528 0.6707728399506842 0.034286468792335614 0.028506808004454244
6 0.6975576684743359 0.6164825925764132 0.02450203301668665 0.020585220003181703
6 0.7849381597679086 0.5982678472310956 0.033917976594251796 0.02147555800445424
6 0.33767922094004216 0.2978171452896384 0.04880267017181659 0.022429530673136088
6 0.3760357140426372 0.3286398839513204 0.04082639586155708 0.019213624005408825
6 0.6737229415413999 0.37051611191123135 0.03251925090451113 0.02458237667090888
6 0.760929692445911 0.3937348885662319 0.0317789444820761 0.025354536004136195
5 0.4528073332190855 0.4958177459420936 0.05279080732694617 0.024037484006999676
5 0.5872232767966503 0.49503540125718537 0.022857645861557075 0.01900453866963616
5 0.67871141395178 0.49553429324477677 0.024420145861557073 0.019022720003181705
5 0.7746823332190855 0.4920723912317319 0.020718613749381377 0.022883516669318028
5 0.27965751752439616 0.6823199619669106 0.04000088025772479 0.03325794267186346