1 0.3255370296875 0.6884612875 0.3641217 0.833038703125 0.602248278125 0.6300572171875001 0.5639950015624999 0.5502234734375 0.3255370296875 0.6884612875
1 0.2929362734375 0.5538517109375001 0.32204311093750004 0.6691247828125 0.5506063375 0.5230460296875 0.509005959375 0.4432122875 0.2929362734375 0.5538517109375001
1 0.265067884375 0.44074227656250003 0.2885715109375 0.53578544375 0.49322648906250005 0.41773345781250004 0.4611893328125 0.3489405578125 0.265067884375 0.44074227656250003
1 0.245086775 0.34258945937499996 0.26131606406249996 0.4211306265625 0.44445356562500005 0.32855748125 0.4186325953125 0.2750518890625 0.245086775 0.34258945937499996
1 0.22563148593750001 0.2659367828125 0.2407549484375 0.3258733140625 0.40763479843750006 0.253683246875 0.384682846875 0.2052734203125 0.22563148593750001 0.2659367828125
1 0.1998663703125 0.2051755171875 0.21780299687500002 0.2613268921875 0.37225054218750003 0.1908354078125 0.3550365625 0.15091855 0.1998663703125 0.2051755171875
1 0.1830401734375 0.1528273484375 0.1967637015625 0.194232590625 0.34929855781249997 0.137329828125 0.3258684578125 0.10420732343750001 0.1830401734375 0.1528273484375
1 0.37075743437500003 0.0892617140625 0.38850816093749996 0.1256075921875 0.5185692453125 0.0712527359375 0.4903574703125 0.0423767078125 0.37075743437500003 0.0892617140625
1 0.3975741859375 0.13600115 0.4171980859375 0.1769741359375 0.5529972078125 0.12007137187500001 0.527654384375 0.0886474671875 0.3975741859375 0.13600115
1 0.42912330625 0.19115368593749998 0.44540986250000003 0.22878114218749998 0.5926849265625 0.172727671875 0.5644731515625 0.1328108140625 0.42912330625 0.19115368593749998
1 0.4701371609375 0.25658889687499997 0.4951391453125 0.308614859375 0.6433705078124999 0.2338768984375 0.6089426109375 0.18546708750000002 0.4701371609375 0.25658889687499997
1 0.516935021875 0.33230678281250003 0.54343385625 0.39354438593749996 0.7093574109375 0.3069162734375 0.6586718296875 0.2525613890625 0.516935021875 0.33230678281250003
1 0.5616296078125 0.4098942484375 0.602248278125 0.48978723750000003 0.7710407859374999 0.3929676171875 0.7251034453125 0.3233254390625 0.5616296078125 0.4098942484375
1 0.6237322843750001 0.526306953125 0.6538567171875 0.5976476875000001 0.8436885203125 0.47365065156249997 0.7906121359375 0.41080281249999995 0.6237322843750001 0.526306953125
1 0.5526801734375 0.7052874859375 0.6208633296875 0.86643374375 0.8685099359375 0.6651508421875 0.7824400984375 0.5572903640625 0.5526801734375 0.7052874859375
0 0.343713565625 0.085320371875 0.6281820359375 0.62031241875 0.64140860625 0.604203378125 0.3492908359375 0.0858761234375 0.343713565625 0.085320371875
0 0.3050662875 0.6807747203125001 0.3092332859375 0.6925617374999999 0.8061456421875001 0.3905171515625 0.7989655250000001 0.3804490078125 0.3050662875 0.6807747203125001
0 0.26975181875 0.5477948406250001 0.2710373453125 0.5587754890625 0.7381233984375 0.30438685 0.72792008125 0.2970035390625 0.26975181875 0.5477948406250001
0 0.6704790953125 0.23705044375 0.6628735875 0.22864313125 0.24044434374999998 0.4370710765625 0.2430896578125 0.44848163750000003 0.6704790953125 0.23705044375
0 0.215502853125 0.35451220625 0.61714513125 0.1717572921875 0.6122993015625 0.16388853125 0.215124953125 0.343772853125 0.215502853125 0.35451220625
0 0.19704868281250001 0.2746382125 0.5730955453125001 0.120042896875 0.5704152171875 0.111534140625 0.19478128125 0.2659124828125 0.19704868281250001 0.2746382125
0 0.1800070234375 0.20278593125 0.1826884234375 0.2135580921875 0.5390494343750001 0.0752887890625 0.5322472046875 0.0692478984375 0.1800070234375 0.20278593125