6 0.30234375 0.83203125 0.034375 0.03359375
6 0.43046875 0.7546875 0.02265625 0.0375
6 0.55078125 0.75390625 0.04765625 0.053125
6 0.67734375 0.759375 0.03046875 0.034375
6 0.425 0.64296875 0.02734375 0.05859375
6 0.5578125 0.65078125 0.040625 0.05390625
6 0.69453125 0.64296875 0.04609375 0.046875
6 0.28984375 0.640625 0.03125 0.02890625
6 0.3125 0.7375 0.03515625 0.03046875
6 0.23515625 0.503125 0.028125 0.04609375
2 0.38984375 0.359375 0.021875 0.04140625
2 0.4390625 0.36171875 0.021875 0.02890625
2 0.4859375 0.3640625 0.021875 0.0390625
2 0.53203125 0.35703125 0.02734375 0.0359375
2 0.58359375 0.36015625 0.01875 0.03203125
2 0.63984375 0.36015625 0.01328125 0.034375
2 0.6859375 0.32890625 0.03046875 0.05
2 0.3078125 0.32421875 0.03671875 0.040625
2 0.32890625 0.26875 0.015625 0.0375
2 0.3390625 0.2078125 0.01796875 0.0234375
2 0.3671875 0.171875 0.021875 0.03203125
2 0.4140625 0.17265625 0.015625 0.03203125
2 0.4765625 0.18359375 0.021875 0.028125
2 0.51484375 0.18203125 0.021875 0.04140625
2 0.57890625 0.18828125 0.01328125 0.034375
2 0.62734375 0.190625 0.021875 0.0234375