6 0.2587388398934071 0.8249941211065621 0.03613557383528967 0.03439383700597247
6 0.39091725407232986 0.7446682286297566 0.02462154172311406 0.038027330072118205
6 0.5112706976498946 0.7410866741088536 0.05044041327441171 0.05423421153100705
6 0.6375465926069406 0.7436096492232286 0.03227026741285464 0.035084168028020814
6 0.3913034356641071 0.6330767651988886 0.030414518317365767 0.05923018284565984
6 0.5237064998884584 0.6377980199485412 0.0434501068519765 0.054851807370694415
6 0.6608346856641071 0.6268033557202425 0.04855036465389251 0.04794784393982639
6 0.25627001639680175 0.6338788118360067 0.0327649123699004 0.029633601823611144
6 0.2738492627787571 0.7302264817638886 0.036753049525030154 0.03128702080156245
6 0.20878858604821993 0.4976516775273262 0.030540671076327696 0.04674836664125
2 0.37100970432015706 0.3503012860004511 0.024045009610938452 0.04191539627652778
2 0.4201056235874624 0.3514994568782635 0.0233899123699004 0.029415396276527873
2 0.46685779285476786 0.35275217914284684 0.023922178878243727 0.03957164627652778
2 0.5133200350528517 0.34464808520302037 0.029227154567984213 0.036573932845659754
2 0.5647187607425922 0.346572954694062 0.020428686680159912 0.032467661094166725
2 0.6209687607425922 0.345263721411562 0.015082767412854636 0.034684124525034755
2 0.6687002538451872 0.31294087747173555 0.03308913896415202 0.050709168028020904
2 0.29082091531057647 0.31705433453743026 0.038847816033373575 0.041479638392743115
2 0.3148216593176827 0.2610946220564928 0.01759029172311406 0.037863675911805575
2 0.328171508367743 0.1999207327138192 0.019197057326946255 0.02385572729857639
2 0.3581799129357273 0.16332861607256915 0.023553686680159912 0.032540396276527786
2 0.40501396935816236 0.16301883833715242 0.017303686680159913 0.032394925911805574
2 0.4669407592722541 0.17250163468993013 0.02334896879233561 0.028634146276527783
2 0.5053038964273839 0.1700481287060065 0.024045009610938452 0.04191539627652778
2 0.5690388478068649 0.17480705746760367 0.015082767412854636 0.034684124525034755
2 0.6173535170741703 0.17602341214100642 0.02310330732694634 0.023946646276527782