2 0.73984375 0.33203125 0.0171875 0.01328125
2 0.828125 0.36484375 0.01875 0.01171875
2 0.828125 0.4171875 0.0140625 0.01484375
2 0.82265625 0.475 0.0203125 0.01171875
2 0.82734375 0.51953125 0.0234375 0.01328125
2 0.82578125 0.578125 0.01875 0.01015625
5 0.8109375 0.5625 0.03203125 0.01875
2 0.821875 0.6328125 0.0171875 0.01640625
2 0.78359375 0.66953125 0.01875 0.01328125
2 0.71875 0.67421875 0.01640625 0.01015625
2 0.66640625 0.6671875 0.01328125 0.01015625
2 0.66640625 0.690625 0.0578125 0.01796875
2 0.6421875 0.6453125 0.03046875 0.01875
2 0.63515625 0.584375 0.02265625 0.0140625
2 0.6453125 0.52890625 0.02109375 0.015625
2 0.6390625 0.48515625 0.0203125 0.01328125
2 0.64375 0.43984375 0.01796875 0.01796875
2 0.6484375 0.3875 0.02109375 0.01171875
2 0.65390625 0.3515625 0.0171875 0.01484375
2 0.68515625 0.334375 0.02265625 0.0140625
2 0.68125 0.3125 0.0234375 0.02109375
6 0.50234375 0.23828125 0.028125 0.02109375
6 0.365625 0.28359375 0.01484375 0.015625
6 0.36640625 0.2984375 0.03828125 0.01171875
6 0.26328125 0.3 0.034375 0.0109375
6 0.2640625 0.315625 0.02734375 0.0078125
6 0.1765625 0.30390625 0.03359375 0.01328125
6 0.25546875 0.42890625 0.02890625 0.01875
6 0.3625 0.42421875 0.03125 0.01875
6 0.3609375 0.56171875 0.025 0.025
6 0.36171875 0.69375 0.0328125 0.01484375
6 0.36171875 0.709375 0.0515625 0.01640625
6 0.25625 0.67109375 0.02421875 0.01484375
6 0.25234375 0.684375 0.0296875 0.0109375
6 0.171875 0.67578125 0.03203125 0.01484375
6 0.10078125 0.44140625 0.0328125 0.01171875
6 0.09296875 0.54609375 0.0390625 0.01953125
6 0.4859375 0.74609375 0.02890625 0.01953125