6 0.621875 0.73671875 0.03203125 0.02421875
6 0.58359375 0.696875 0.028125 0.01796875
6 0.3828125 0.6578125 0.03984375 0.0265625
6 0.24921875 0.62734375 0.02265625 0.01875
5 0.4859375 0.47890625 0.0421875 0.03046875
5 0.34921875 0.4890625 0.04296875 0.0265625
5 0.253125 0.4921875 0.03515625 0.02890625
5 0.1578125 0.4984375 0.040625 0.0203125
6 0.25078125 0.35390625 0.0296875 0.034375
6 0.378125 0.31796875 0.03515625 0.0265625
6 0.5671875 0.25546875 0.03984375 0.02734375
6 0.6109375 0.21796875 0.04453125 0.0328125