6 0.33125 0.703125 0.03828125 0.02421875
6 0.36328125 0.675 0.0328125 0.028125
6 0.66484375 0.62421875 0.0234375 0.0203125
6 0.753125 0.60703125 0.0328125 0.02109375
6 0.321875 0.3015625 0.04765625 0.021875
6 0.35859375 0.3328125 0.03984375 0.01875
6 0.65390625 0.378125 0.03125 0.02421875
6 0.73984375 0.40234375 0.03046875 0.025
5 0.4265625 0.50078125 0.0515625 0.0234375
5 0.5609375 0.5015625 0.021875 0.01875
5 0.65234375 0.503125 0.0234375 0.01875
5 0.7484375 0.50078125 0.01953125 0.02265625
5 0.24375 0.68515625 0.03828125 0.0328125