6 0.7822314222742437 0.7091944941428631 0.012309783386094963 0.020790002471457923
6 0.6497395195295343 0.6343470499606314 0.02689512061225585 0.0393317554372075
6 0.48625602955866415 0.540289349352609 0.025287156505632957 0.03770558844101295
6 0.28086618441494454 0.4273569733454353 0.02570469365265158 0.025237421939110227
6 0.25783184969606615 0.3866218853987139 0.026417747492717504 0.022925505437207505
5 0.3036541297169487 0.5937141438016708 0.024877979546028862 0.023643088441012948
5 0.44855510424841266 0.6659459239534578 0.017292800079142266 0.031137253460041238
5 0.5694502774470931 0.7176914491623286 0.020190479546028862 0.023452087452429816
5 0.6959051288590189 0.7727848088578799 0.01711094365265158 0.02488725346004106
6 0.1829983004083467 0.6574662846004111 0.0189234962390763 0.03354467045623544
6 0.15324260424841268 0.6539128616727177 0.017474656505633002 0.037387253460041056
6 0.35437084672656527 0.7276554036875026 0.027630906505632956 0.03780108893530461
6 0.5021240366182932 0.7906395178316782 0.022920674452321776 0.03682883794672165
6 0.6251356392838602 0.8346680435348407 0.02220762061225585 0.03914075444862419
5 0.38064590940862686 0.18249941258475116 0.01865071159934022 0.02416967045623548
5 0.45884511724704335 0.24186909539827633 0.02352006802583091 0.03061067144481866
5 0.5920644456977155 0.341716539580508 0.013872283386094964 0.020853669467652304
5 0.7053206151354724 0.4259243963103098 0.01793765775927412 0.026481586958138337
5 0.7523463793212374 0.45983382269804435 0.013091033386094963 0.020821835969555023
5 0.8385172115328332 0.5249905904925415 0.01975021034569906 0.03513900395433254
5 0.9081454014245611 0.5847913548269975 0.012446175705962759 0.025477502471457924
5 0.8390306547232663 0.8644523385153751 0.02581835391920819 0.02914367193911005
5 0.7662667561351921 0.9114281561961416 0.022579693652651577 0.02511008794672165