6 0.7139296435088059 0.3548549673274994 0.034505586641599174 0.05387053561920139
6 0.6749912679920772 0.40336585572024247 0.034323650123834426 0.04996428561920148
6 0.6269774913180568 0.5964625454997564 0.039066808105551944 0.06802395459715278
6 0.5948113465709058 0.7173932945498259 0.043880586641599176 0.054088741166284746
6 0.23880121091998271 0.3854237812507984 0.03430437944567011 0.03279496941479163
6 0.23639964888548945 0.4369862812507984 0.04395336124870504 0.05565124116628475
6 0.2754513786216098 0.6038640035153817 0.061468346980681335 0.06308253466927098
6 0.31704806555365916 0.7496116081887845 0.03575987158778719 0.0640449694147918
5 0.45432543362678973 0.8182135249825343 0.04440712551672856 0.04863817496187508
5 0.4476623647678709 0.7434499143252079 0.0330886358558109 0.05695916802802081
5 0.44814186187238675 0.6326215170987496 0.04962116439185813 0.043296711531007046
5 0.4513482526905964 0.4967567522811107 0.03196062944567011 0.032740418028020815
5 0.5377567493808275 0.23331054170003424 0.0380843509096227 0.04693020459715278
5 0.2373928763452982 0.24810561920670118 0.05618153349844608 0.06686149810013893
5 0.5013737539334506 0.9474457768823953 0.03192424214211727 0.031959168028021165
5 0.40077444045121524 0.9458852365135414 0.03403255169541115 0.04371428561920112