2 0.3576178671805364 0.7090938755080265 0.0603524782923877 0.036705461894930735
2 0.3850859861434394 0.6075656750330566 0.023429139812585563 0.027749863749381376
2 0.3756822424116456 0.5524687392574078 0.03259955133278351 0.021209936680159913
2 0.37971887305303115 0.5035365943003619 0.024119461599340218 0.024665807326946166
2 0.37525268190766203 0.45727906999010237 0.013985943652651578 0.024914790818602837
2 0.3706955625490476 0.40789654567984296 0.026554139812585566 0.027913638059640887
2 0.36190558425666 0.37389335990419414 0.017710337226160798 0.01886950870642732
2 0.32765260471063107 0.3494765360689045 0.012886444906292737 0.013936347241038049
2 0.26903612265731974 0.3456245177515388 0.02844324874635875 0.012411468792335522
2 0.2160475149771878 0.3475278544771273 0.01739208847980205 0.007932008706427318
2 0.18722383300301876 0.37565949852966196 0.030119409012915453 0.016399605947465278
2 0.19830373700136925 0.43474457146044043 0.03441210391920828 0.02988557383528967
2 0.19284099867985177 0.48828232926235665 0.025500105172849487 0.0184976944820761
2 0.19156565518548477 0.5248782485296619 0.023914873119538126 0.017634557326946167
2 0.19970241561032603 0.590049547150181 0.010519962852981467 0.013032266508343326
2 0.20678514139543122 0.6458049021931351 0.0309915872261608 0.019565549525030156
2 0.24211488763450753 0.6804189196059897 0.023869409012915455 0.016072057326946342
6 0.5077599903665815 0.26608858321908546 0.02956547954602886 0.0241711623699004
6 0.5343682352855096 0.7784214868825586 0.023247283386094962 0.021499863749381377
6 0.6651946864600087 0.7439347014910227 0.02393760517284953 0.018415807326946344
6 0.6631548133404704 0.7274465643358929 0.04271033722616089 0.02017970318850324
6 0.6562335604374765 0.5968140400256334 0.02354280007914227 0.031656113749381376
6 0.6537952190546805 0.45939592718076316 0.03602006802583091 0.03152996099041942
6 0.6517205905248661 0.3344778143358929 0.046108121865896835 0.029718477498762753
6 0.749308644364932 0.3372520115315024 0.03271321159934022 0.025116186680159913
6 0.7467746777510269 0.3574007372212429 0.044940426959604096 0.016396283921197963
6 0.7610992536944167 0.4743801973071512 0.0377644244523216 0.03786184814554918
6 0.7653585078510519 0.5939523908847161 0.034207515439406325 0.02285432383528967
6 0.7725381735278848 0.7066571087725404 0.031173443652651577 0.02581554952503016
6 0.768464438967291 0.7275051973071511 0.035542694906292735 0.015123710990419426
6 0.8369450366848001 0.3465251922187685 0.030278533386094965 0.02186835594746537
6 0.8530296555811961 0.7116555472617226 0.036710389812585474 0.028445904567984216
6 0.9190708780675962 0.4881195499752561 0.03749163981258548 0.028486848145549182
6 0.9329635449980703 0.5902552600611644 0.03597460391920819 0.029967460990419425