6 0.5809086753226639 0.27028871190236675 0.055410248782184014 0.043634594866803676
6 0.6325569500794302 0.22831211752985459 0.07806649878218401 0.04455776631162234
6 0.3871547211827486 0.32274650292856844 0.05017332386326192 0.05669301038012335
6 0.2603700787312306 0.3599666131184114 0.042088088473758486 0.04074967539915138
6 0.5941640206929859 0.7161596274156864 0.04998240909060954 0.045755510380123356
6 0.6254237033225458 0.7602306209898957 0.03920855032431163 0.05468484140676253
6 0.3837389894433979 0.6645347549057348 0.05041878571381497 0.07075551038012336
6 0.25887931127806485 0.6328775311031889 0.03683752678536116 0.05302684091247105
5 0.5011877678536122 0.4955698961987666 0.05028241801906326 0.06294301038012336
5 0.3581644707757115 0.49827042635055346 0.04841990909060954 0.045691843383928975
5 0.26183889569463364 0.4889046966165086 0.04060740909060954 0.045373508402957084
5 0.1773275279998819 0.48453021441100574 0.03900399878218401 0.04296609140676253