6 0.38788674715403565 0.753561329086654 0.04672104139585773 0.0378156763877346
6 0.4300509277550006 0.7092184214819998 0.03633296631477982 0.024120590912470874
6 0.6332889760507172 0.6792457144853679 0.03811365462638268 0.03668425790866543
6 0.7577707788106608 0.6546515741809191 0.0357699046263825 0.03658875741437377
5 0.8500655986167329 0.5303784274506798 0.028588650162155817 0.02770850593149916
5 0.7562065044609316 0.5203084076790163 0.03812729139585773 0.03746550790866543
5 0.6630741132272295 0.50714522140545 0.049228432629560004 0.047286176882026076
5 0.5207775190714281 0.4951015247517604 0.04300570616851011 0.04859400889724856
6 0.4348325162320544 0.2675402574515549 0.026422178165332967 0.03776925543720751
6 0.3927035174498704 0.22444683205240348 0.04680286201270887 0.04250317638773451
6 0.6389530004037418 0.33284821695682576 0.030532979707460585 0.04964717292769345
5 0.7591797256469754 0.3775624921656967 0.023297178165332964 0.03764192144481866
5 0.25473550770734243 0.5498394684025195 0.03265854139585782 0.03724267342198502
5 0.2505996124164506 0.3576201349044223 0.02557274431795715 0.03383117193911023