5 0.54296875 0.42734375 0.0296875 0.04765625
5 0.5484375 0.5890625 0.02421875 0.04140625
5 0.55625 0.715625 0.03515625 0.05234375
5 0.5578125 0.8203125 0.01796875 0.0421875
6 0.67421875 0.82890625 0.02578125 0.02734375
6 0.68828125 0.7046875 0.034375 0.02734375
6 0.703125 0.553125 0.0296875 0.02578125
6 0.42421875 0.7109375 0.0265625 0.0421875
6 0.44296875 0.83125 0.025 0.02265625
6 0.39609375 0.55390625 0.02109375 0.03203125
6 0.36328125 0.33984375 0.028125 0.0375
6 0.3265625 0.31015625 0.0359375 0.040625
6 0.72734375 0.3265625 0.03359375 0.05
6 0.759375 0.2734375 0.03203125 0.06328125
6 0.6328125 0.159375 0.015625 0.02265625