6 0.358909308163551 0.6361853199901024 0.024373286104353475 0.02783175090451113
6 0.5273825730924697 0.5582694391665507 0.024414192720211857 0.03486300090451131
6 0.7335012837666625 0.4573188500661131 0.024427828258831143 0.03720675090451113
6 0.7525239945390509 0.4114264959276702 0.022919870413308986 0.04649986374938138
5 0.7122161153451433 0.6234418170494264 0.019699421642972937 0.029929839439121864
5 0.566530910622879 0.6798888116223594 0.02043521984757497 0.022158283016686653
5 0.4451326335937118 0.7258863070998036 0.019690331283893414 0.028367339439121862
5 0.32452015174408444 0.7711434961548127 0.023582945745273955 0.026228307326946164
6 0.2358576275435876 0.697725928312417 0.019699421642972937 0.029929839439121864
6 0.3936832422013599 0.8380687245580866 0.017342036104353475 0.027463258706427497
6 0.5134690222555892 0.8005830919255128 0.020430674668035033 0.021377033016686742
6 0.6614343444642963 0.7551964280852743 0.018132376463433176 0.029066702283992107
6 0.8321468202637995 0.6953721279944173 0.014989195745273775 0.025777927973732594
6 0.865704208827481 0.703382701829707 0.015770445745273774 0.025818871551297563
5 0.6247813105012421 0.20467080562946563 0.01652896984757497 0.02195356512886244
5 0.5479279190106943 0.2506583350281078 0.014194310206654492 0.023393234396167806
5 0.4176631812091386 0.3430804511523384 0.02042612948849527 0.020595783016686832
5 0.30703423253699846 0.41855740671569086 0.02665794877033596 0.017798331637205678
5 0.2583831090986274 0.45273765490666856 0.00948408430895542 0.019241322930778536
5 0.2113217567374953 0.48231229025277605 0.013413060206654493 0.02335229081860284