5 0.44779910752319435 0.10975707159791806 0.020858013867708358 0.024265170950527094
5 0.4951059461446873 0.32403047722540596 0.02796199905006951 0.027676672433401883
5 0.4918738030022915 0.22815956171208632 0.02427395459715278 0.03689250494291585
5 0.4898352582650343 0.4163453112177947 0.02412848423243048 0.03064250494291585
5 0.4921400278323259 0.5520599767311143 0.033104093939826384 0.04739892342198502
6 0.30998018484243 0.6320697647915665 0.028797800436840326 0.030052255931499162
6 0.3685434461446872 0.3291875039171516 0.021748366641249996 0.02898450444862428
6 0.38627776643315953 0.23792583395520772 0.016370535619201477 0.03266791996194396
6 0.6883954723614926 0.6377242682144267 0.021802918028020812 0.03132825444862419
6 0.6571279417762842 0.6062169416364116 0.024237587005972294 0.03533000494291585
6 0.6133110854873609 0.30906736901272935 0.023983013867708357 0.02439250494291585
5 0.5401138940923262 0.10053196882244894 0.02414666802802081 0.03142375494291586
5 0.6452364987657291 0.14464011308123034 0.03450293977951393 0.0404313404181794
6 0.5981783543890623 0.22148645597086766 0.02200293977951393 0.03992200444862428
6 0.28559712747173555 0.6736497697344824 0.02803538744281253 0.06436358893530461